,Date,TeamName,ScoreOff,RushAttOff,RushYdsOff,PassAttOff,PassCompOff,PassYdsOff,PassIntOff,FumblesOff,Opponent,ScoreDef,RushAttDef,RushYdsDef,PassAttDef,PassCompDef,PassYdsDef,PassIntDef,FumblesDef,Site,Line,ScoreDiff,RushAttDiff,RushYdsDiff,PassAttDiff,PassCompDiff,PassYdsDiff,PassIntDiff,FumblesDiff
0,09/01/2011,Arizona State,48,40,217,32,24,300,1,1,UC-Davis,14,26,88,30,18,155,0,1,H, ,34,14,129,2,6,145,1,0
1,09/01/2011,Bowling Green,32,48,187,31,19,291,0,0,Idaho,15,21,52,44,20,228,1,2,V,-6,17,27,135,-13,-1,63,-1,-2
2,09/01/2011,Central Michigan,21,35,88,27,14,168,2,0,So Carolina State,6,43,59,26,12,78,0,0,H, ,15,-8,29,1,2,90,2,0
3,09/01/2011,Florida Intl,41,40,208,23,16,193,0,2,North Texas,16,38,97,35,19,204,0,1,H,13.5,25,2,111,-12,-3,-11,0,1
4,09/01/2011,Georgia Tech,63,48,297,16,11,365,0,2,Western Carolina,21,40,104,37,22,197,1,2,H, ,42,8,193,-21,-11,168,-1,0
5,09/01/2011,Idaho,15,21,52,44,20,228,1,2,Bowling Green,32,48,187,31,19,291,0,0,H,6,-17,-27,-135,13,1,-63,1,2
6,09/01/2011,Kentucky,14,33,93,18,7,97,3,0,Western Kentucky,3,42,141,27,9,93,4,0,N,17,11,-9,-48,-9,-2,4,-1,0
7,09/01/2011,Louisville,21,37,159,33,17,226,1,3,Murray State,9,49,143,34,17,148,3,0,H, ,12,-12,16,-1,0,78,-2,3
8,09/01/2011,Memphis,14,47,164,40,26,174,1,2,Mississippi State,59,38,309,31,19,336,0,1,H,-30.5,-45,9,-145,9,7,-162,1,1
9,09/01/2011,Mississippi State,59,38,309,31,19,336,0,1,Memphis,14,47,164,40,26,174,1,2,V,30.5,45,-9,145,-9,-7,162,-1,-1
10,09/01/2011,Nevada-Las Vegas,17,38,146,27,18,146,0,0,Wisconsin,51,38,241,15,11,258,0,0,V,-35,-34,0,-95,12,7,-112,0,0
11,09/01/2011,North Texas,16,38,97,35,19,204,0,1,Florida Intl,41,40,208,23,16,193,0,2,V,-13.5,-25,-2,-111,12,3,11,0,-1
12,09/01/2011,Rutgers,48,41,137,34,15,210,1,0,No Carolina Central,0,30,8,30,14,112,2,2,H, ,48,11,129,4,1,98,-1,-2
13,09/01/2011,Syracuse,36,30,121,28,20,178,0,1,Wake Forest,29,43,80,41,24,326,1,0,H,6,7,-13,41,-13,-4,-148,-1,1
14,09/01/2011,Temple,42,45,240,20,14,235,0,0,Villanova,7,35,122,26,12,153,3,1,H, ,35,10,118,-6,2,82,-3,-1
15,09/01/2011,Toledo,58,47,278,36,27,304,0,0,New Hampshire,22,33,152,33,24,180,2,3,H, ,36,14,126,3,3,124,-2,-3
16,09/01/2011,Utah,27,38,191,23,15,101,0,0,Montana State,10,29,75,29,16,183,2,0,H, ,17,9,116,-6,-1,-82,-2,0
17,09/01/2011,Wake Forest,29,43,80,41,24,326,1,0,Syracuse,36,30,121,28,20,178,0,1,V,-6,-7,13,-41,13,4,148,1,-1
18,09/01/2011,Western Kentucky,3,42,141,27,9,93,4,0,Kentucky,14,33,93,18,7,97,3,0,N,-17,-11,9,48,9,2,-4,1,0
19,09/01/2011,Wisconsin,51,38,241,15,11,258,0,0,Nevada-Las Vegas,17,38,146,27,18,146,0,0,H,35,34,0,95,-12,-7,112,0,0
20,09/02/2011,Baylor,50,36,150,29,23,414,0,1,Texas Christian,48,38,215,40,25,251,1,0,H,-4,2,-2,-65,-11,-2,163,-1,1
21,09/02/2011,Michigan State,28,35,159,23,19,237,0,1,Youngstown State,6,34,128,35,17,126,1,0,H, ,22,1,31,-12,2,111,-1,1
22,09/02/2011,Texas Christian,48,38,215,40,25,251,1,0,Baylor,50,36,150,29,23,414,0,1,V,4,-2,2,65,11,2,-163,1,-1
23,09/03/2011,Air Force,37,61,391,9,4,96,2,1,South Dakota,20,44,184,26,15,184,3,0,H, ,17,17,207,-17,-11,-88,-1,1
24,09/03/2011,Akron,0,27,35,19,7,55,1,0,Ohio State,42,51,224,28,20,293,0,1,V,-31.5,-42,-24,-189,-9,-13,-238,1,-1
25,09/03/2011,Alabama,48,35,183,37,21,299,4,1,Kent State,7,23,-9,47,20,99,1,0,H,39,41,12,192,-10,1,200,3,1
26,09/03/2011,Arizona,41,20,75,42,34,412,0,0,Northern Arizona,10,33,80,26,20,179,1,0,H, ,31,-13,-5,16,14,233,-1,0
27,09/03/2011,Arkansas,51,33,102,35,28,364,0,1,Missouri State,7,31,84,18,9,79,1,0,H, ,44,2,18,17,19,285,-1,1
28,09/03/2011,Arkansas State,15,32,60,32,20,290,1,2,Illinois,33,50,202,25,17,271,0,1,V,-19.5,-18,-18,-142,7,3,19,1,1
29,09/03/2011,Army,26,63,303,16,7,106,1,2,Northern Illinois,49,47,289,24,15,220,1,1,V,-10.5,-23,16,14,-8,-8,-114,0,1
30,09/03/2011,Auburn,42,30,78,24,18,286,0,0,Utah State,38,53,227,31,22,221,0,0,H,24,4,-23,-149,-7,-4,65,0,0
31,09/03/2011,Ball State,27,46,210,29,23,173,0,0,Indiana,20,32,103,32,20,272,0,0,N,-6,7,14,107,-3,3,-99,0,0
32,09/03/2011,Boise State,35,37,129,34,28,261,1,0,Georgia,21,31,137,29,16,236,1,0,N,3,14,6,-8,5,12,25,0,0
33,09/03/2011,Boston College,17,30,104,44,24,375,1,0,Northwestern,24,54,227,24,17,197,1,0,H,5,-7,-24,-123,20,7,178,0,0
34,09/03/2011,Brigham Young,14,31,91,38,24,225,1,0,Mississippi,13,29,64,28,15,144,0,2,V,2,1,2,27,10,9,81,1,-2
35,09/03/2011,Buffalo,16,44,127,49,32,276,1,0,Pittsburgh,35,38,231,28,16,179,0,1,V,-30.5,-19,6,-104,21,16,97,1,-1
36,09/03/2011,California,36,34,147,35,16,266,1,1,Fresno State,21,25,68,33,21,142,1,1,N,10,15,9,79,2,-5,124,0,0
37,09/03/2011,Cincinnati,72,49,387,22,14,174,0,0,Austin Peay,10,35,127,23,16,150,2,3,H, ,62,14,260,-1,-2,24,-2,-3
38,09/03/2011,Clemson,43,38,197,31,21,271,1,0,Troy,19,36,165,42,24,258,1,2,H,14.5,24,2,32,-11,-3,13,0,-2
39,09/03/2011,Colorado,17,28,17,30,16,223,1,0,Hawaii,34,32,165,33,20,178,0,1,V,-6.5,-17,-4,-148,-3,-4,45,1,-1
40,09/03/2011,Colorado State,14,28,92,26,22,178,0,1,New Mexico,10,48,150,31,20,179,0,3,V,6.5,4,-20,-58,-5,2,-1,0,-2
41,09/03/2011,Connecticut,35,42,206,21,12,228,1,0,Fordham,3,30,20,26,12,149,1,0,H, ,32,12,186,-5,0,79,0,0
42,09/03/2011,Duke,21,35,178,34,23,201,0,2,Richmond,23,31,95,31,14,193,1,0,H, ,-2,4,83,3,9,8,-1,2
43,09/03/2011,East Carolina,37,28,85,56,37,260,1,4,South Carolina,56,40,220,25,10,131,0,4,N,-21,-19,-12,-135,31,27,129,1,0
44,09/03/2011,Florida,41,33,197,36,25,271,3,0,Florida Atlantic,3,30,30,27,14,107,0,0,H,34.5,38,3,167,9,11,164,3,0
45,09/03/2011,Florida Atlantic,3,30,30,27,14,107,0,0,Florida,41,33,197,36,25,271,3,0,V,-34.5,-38,-3,-167,-9,-11,-164,-3,0
46,09/03/2011,Florida State,34,28,92,35,23,280,1,0,UL-Monroe,0,39,99,22,12,92,1,0,H,30,34,-11,-7,13,11,188,0,0
47,09/03/2011,Fresno State,21,25,68,33,21,142,1,1,California,36,34,147,35,16,266,1,1,N,-10,-15,-9,-79,-2,5,-124,0,0
48,09/03/2011,Georgia,21,31,137,29,16,236,1,0,Boise State,35,37,129,34,28,261,1,0,N,-3,-14,-6,8,-5,-12,-25,0,0
49,09/03/2011,Hawaii,34,32,165,33,20,178,0,1,Colorado,17,28,17,30,16,223,1,0,H,6.5,17,4,148,3,4,-45,-1,1
50,09/03/2011,Houston,38,31,159,40,30,310,0,1,U.C.L.A.,34,42,232,29,20,322,0,1,H,1,4,-11,-73,11,10,-12,0,0
51,09/03/2011,Illinois,33,50,202,25,17,271,0,1,Arkansas State,15,32,60,32,20,290,1,2,H,19.5,18,18,142,-7,-3,-19,-1,-1
52,09/03/2011,Indiana,20,32,103,32,20,272,0,0,Ball State,27,46,210,29,23,173,0,0,N,6,-7,-14,-107,3,-3,99,0,0
53,09/03/2011,Iowa,34,33,148,26,15,246,0,1,Tennessee Tech,7,45,140,28,17,156,2,0,H, ,27,-12,8,-2,-2,90,-2,1
54,09/03/2011,Iowa State,20,39,141,40,18,187,3,1,Northern Iowa,19,42,204,32,15,181,0,1,H, ,1,-3,-63,8,3,6,3,0
55,09/03/2011,Kansas,42,55,301,10,7,146,0,0,McNeese State,24,34,95,41,31,325,0,0,H, ,18,21,206,-31,-24,-179,0,0
56,09/03/2011,Kansas State,10,56,175,21,13,128,1,4,Eastern Kentucky,7,27,10,26,9,119,2,0,H, ,3,29,165,-5,4,9,-1,4
57,09/03/2011,Kent State,7,23,-9,47,20,99,1,0,Alabama,48,35,183,37,21,299,4,1,V,-39,-41,-12,-192,10,-1,-200,-3,-1
58,09/03/2011,Louisiana State,40,48,175,22,10,98,0,1,Oregon,27,28,95,54,31,240,1,3,N,-3,13,20,80,-32,-21,-142,-1,-2
59,09/03/2011,Louisiana Tech,17,33,68,36,20,176,0,0,Southern Miss,19,38,153,38,21,226,1,1,V,-11.5,-2,-5,-85,-2,-1,-50,-1,-1
60,09/03/2011,Miami-Ohio,6,36,76,39,26,194,1,1,Missouri,17,37,162,26,17,129,1,0,V,-20,-11,-1,-86,13,9,65,0,1
61,09/03/2011,Michigan,34,26,190,13,9,98,0,0,Western Michigan,10,25,96,31,22,183,1,2,H,14,24,1,94,-18,-13,-85,-1,-2
62,09/03/2011,Middle Tennessee,24,33,130,47,27,330,1,0,Purdue,27,46,201,35,19,219,1,1,V,-14.5,-3,-13,-71,12,8,111,0,-1
63,09/03/2011,Minnesota,17,34,110,26,14,192,1,0,Southern Cal,19,28,67,45,34,304,0,1,V,-24,-2,6,43,-19,-20,-112,1,-1
64,09/03/2011,Mississippi,13,29,64,28,15,144,0,2,Brigham Young,14,31,91,38,24,225,1,0,H,-2,-1,-2,-27,-10,-9,-81,-1,2
65,09/03/2011,Missouri,17,37,162,26,17,129,1,0,Miami-Ohio,6,36,76,39,26,194,1,1,H,20,11,1,86,-13,-9,-65,0,-1
66,09/03/2011,Navy,40,59,391,7,4,46,1,0,Delaware,17,37,220,29,17,143,1,1,H, ,23,22,171,-22,-13,-97,0,-1
67,09/03/2011,Nebraska,40,43,229,25,12,135,0,2,Chattanooga,7,31,60,36,22,170,1,0,H, ,33,12,169,-11,-10,-35,-1,2
68,09/03/2011,New Mexico,10,48,150,31,20,179,0,3,Colorado State,14,28,92,26,22,178,0,1,H,-6.5,-4,20,58,5,-2,1,0,2
69,09/03/2011,New Mexico State,24,23,6,41,22,362,1,0,Ohio,44,47,241,30,17,211,1,1,H,-6.5,-20,-24,-235,11,5,151,0,-1
70,09/03/2011,No Carolina State,43,35,162,31,18,156,0,2,Liberty,21,32,111,42,24,295,4,3,H, ,22,3,51,-11,-6,-139,-4,-1
71,09/03/2011,North Carolina,42,35,184,23,22,277,1,0,James Madison,10,39,59,16,11,152,0,0,H, ,32,-4,125,7,11,125,1,0
72,09/03/2011,Northern Illinois,49,47,289,24,15,220,1,1,Army,26,63,303,16,7,106,1,2,H,10.5,23,-16,-14,8,8,114,0,-1
73,09/03/2011,Northwestern,24,54,227,24,17,197,1,0,Boston College,17,30,104,44,24,375,1,0,V,-5,7,24,123,-20,-7,-178,0,0
74,09/03/2011,Notre Dame,20,29,117,49,31,391,3,2,South Florida,23,42,126,30,18,128,0,0,H,10,-3,-13,-9,19,13,263,3,2
75,09/03/2011,Ohio,44,47,241,30,17,211,1,1,New Mexico State,24,23,6,41,22,362,1,0,V,6.5,20,24,235,-11,-5,-151,0,1
76,09/03/2011,Ohio State,42,51,224,28,20,293,0,1,Akron,0,27,35,19,7,55,1,0,H,31.5,42,24,189,9,13,238,-1,1
77,09/03/2011,Oklahoma,47,46,246,54,39,417,0,1,Tulsa,14,31,129,33,18,271,1,2,H,25,33,15,117,21,21,146,-1,-1
78,09/03/2011,Oklahoma State,61,44,208,43,28,458,3,0,UL-Lafayette,34,37,108,37,20,212,1,1,H,38,27,7,100,6,8,246,2,-1
79,09/03/2011,Oregon,27,28,95,54,31,240,1,3,Louisiana State,40,48,175,22,10,98,0,1,N,3,-13,-20,-80,32,21,142,1,2
80,09/03/2011,Oregon State,28,43,266,36,19,230,1,1,Sacramento State,29,32,71,36,23,296,0,2,H, ,-1,11,195,0,-4,-66,1,-1
81,09/03/2011,Penn State,41,48,245,20,12,114,0,0,Indiana State,7,30,65,23,11,105,2,1,H, ,34,18,180,-3,1,9,-2,-1
82,09/03/2011,Pittsburgh,35,38,231,28,16,179,0,1,Buffalo,16,44,127,49,32,276,1,0,H,30.5,19,-6,104,-21,-16,-97,-1,1
83,09/03/2011,Purdue,27,46,201,35,19,219,1,1,Middle Tennessee,24,33,130,47,27,330,1,0,H,14.5,3,13,71,-12,-8,-111,0,1
84,09/03/2011,Rice,9,30,130,30,15,94,0,2,Texas,34,48,229,27,15,277,0,1,V,-24,-25,-18,-99,3,0,-183,0,1
85,09/03/2011,San Diego State,49,49,289,28,15,203,0,0,Cal-San Luis Obispo,21,46,137,14,7,147,0,1,H, ,28,3,152,14,8,56,0,-1
86,09/03/2011,San Jose State,3,32,27,33,17,210,0,3,Stanford,57,40,141,31,22,232,0,0,V,-30,-54,-8,-114,2,-5,-22,0,3
87,09/03/2011,South Carolina,56,40,220,25,10,131,0,4,East Carolina,37,28,85,56,37,260,1,4,N,21,19,12,135,-31,-27,-129,-1,0
88,09/03/2011,South Florida,23,42,126,30,18,128,0,0,Notre Dame,20,29,117,49,31,391,3,2,V,-10,3,13,9,-19,-13,-263,-3,-2
89,09/03/2011,Southern Cal,19,28,67,45,34,304,0,1,Minnesota,17,34,110,26,14,192,1,0,H,24,2,-6,-43,19,20,112,-1,1
90,09/03/2011,Southern Miss,19,38,153,38,21,226,1,1,Louisiana Tech,17,33,68,36,20,176,0,0,H,11.5,2,5,85,2,1,50,1,1
91,09/03/2011,Stanford,57,40,141,31,22,232,0,0,San Jose State,3,32,27,33,17,210,0,3,H,30,54,8,114,-2,5,22,0,-3
92,09/03/2011,Tennessee,42,46,128,25,18,311,0,0,Montana,16,30,111,38,20,235,1,2,H, ,26,16,17,-13,-2,76,-1,-2
93,09/03/2011,Texas,34,48,229,27,15,277,0,1,Rice,9,30,130,30,15,94,0,2,H,24,25,18,99,-3,0,183,0,-1
94,09/03/2011,Texas Tech,50,33,157,37,25,348,0,1,Texas State,10,50,256,21,10,75,0,4,H, ,40,-17,-99,16,15,273,0,-3
95,09/03/2011,Troy,19,36,165,42,24,258,1,2,Clemson,43,38,197,31,21,271,1,0,V,-14.5,-24,-2,-32,11,3,-13,0,2
96,09/03/2011,Tulane,47,37,126,25,14,267,0,0,S E Louisiana,33,44,124,45,25,295,1,0,H, ,14,-7,2,-20,-11,-28,-1,0
97,09/03/2011,Tulsa,14,31,129,33,18,271,1,2,Oklahoma,47,46,246,54,39,417,0,1,V,-25,-33,-15,-117,-21,-21,-146,1,1
98,09/03/2011,U-C-F,62,48,316,20,14,244,0,1,Charleston Southern,0,33,49,18,9,70,1,1,H, ,62,15,267,2,5,174,-1,0
99,09/03/2011,U.C.L.A.,34,42,232,29,20,322,0,1,Houston,38,31,159,40,30,310,0,1,V,-1,-4,11,73,-11,-10,12,0,0
100,09/03/2011,UL-Lafayette,34,37,108,37,20,212,1,1,Oklahoma State,61,44,208,43,28,458,3,0,V,-38,-27,-7,-100,-6,-8,-246,-2,1
101,09/03/2011,UL-Monroe,0,39,99,22,12,92,1,0,Florida State,34,28,92,35,23,280,1,0,V,-30,-34,11,7,-13,-11,-188,0,0
102,09/03/2011,UTEP,31,23,36,38,24,365,2,2,Stony Brook,24,43,231,29,16,179,1,0,H, ,7,-20,-195,9,8,186,1,2
103,09/03/2011,Utah State,38,53,227,31,22,221,0,0,Auburn,42,30,78,24,18,286,0,0,V,-24,-4,23,149,7,4,-65,0,0
104,09/03/2011,Vanderbilt,45,24,132,31,16,177,0,0,Elon,14,37,83,31,18,240,2,1,H, ,31,-13,49,0,-2,-63,-2,-1
105,09/03/2011,Virginia,40,47,240,36,26,256,0,0,William + Mary,3,20,48,34,11,121,1,1,H, ,37,27,192,2,15,135,-1,-1
106,09/03/2011,Virginia Tech,66,45,256,28,15,262,0,0,Appalachian State,13,36,117,26,9,176,3,1,H, ,53,9,139,2,6,86,-3,-1
107,09/03/2011,Washington,30,38,148,25,17,102,0,0,Eastern Washington,27,17,31,69,39,473,2,2,H, ,3,21,117,-44,-22,-371,-2,-2
108,09/03/2011,Washington State,64,36,289,35,21,301,0,0,Idaho State,21,25,23,54,38,430,1,1,H, ,43,11,266,-19,-17,-129,-1,-1
109,09/03/2011,Western Michigan,10,25,96,31,22,183,1,2,Michigan,34,26,190,13,9,98,0,0,V,-14,-24,-1,-94,18,13,85,1,2
110,09/03/2011,Wyoming,35,38,169,42,27,294,1,0,Weber State,32,52,227,28,19,314,0,1,H, ,3,-14,-58,14,8,-20,1,-1
111,09/04/2011,Eastern Michigan,41,43,326,21,12,115,1,0,Howard,9,30,96,27,15,105,1,1,H, ,32,13,230,-6,-3,10,0,-1
112,09/04/2011,Marshall,13,23,72,21,15,115,0,0,West Virginia,34,26,42,35,26,249,0,0,V,-23.5,-21,-3,30,-14,-11,-134,0,0
113,09/04/2011,S-M-U,14,32,79,38,23,268,2,0,Texas A+M,46,39,212,26,21,246,0,0,V,-16,-32,-7,-133,12,2,22,2,0
114,09/04/2011,Texas A+M,46,39,212,26,21,246,0,0,S-M-U,14,32,79,38,23,268,2,0,H,16,32,7,133,-12,-2,-22,-2,0
115,09/04/2011,West Virginia,34,26,42,35,26,249,0,0,Marshall,13,23,72,21,15,115,0,0,H,23.5,21,3,-30,14,11,134,0,0
116,09/05/2011,Maryland,32,34,151,44,31,348,1,0,Miami-Florida,24,40,172,28,19,195,2,2,H,4,8,-6,-21,16,12,153,-1,-2
117,09/05/2011,Miami-Florida,24,40,172,28,19,195,2,2,Maryland,32,34,151,44,31,348,1,0,V,-4,-8,6,21,-16,-12,-153,1,2
118,09/08/2011,Arizona,14,21,41,51,37,398,0,1,Oklahoma State,37,31,197,53,42,397,1,0,V,-14,-23,-10,-156,-2,-5,1,-1,1
119,09/08/2011,Oklahoma State,37,31,197,53,42,397,1,0,Arizona,14,21,41,51,37,398,0,1,H,14,23,10,156,2,5,-1,1,-1
120,09/09/2011,Arizona State,37,31,104,33,25,388,0,1,Missouri,30,37,182,42,26,319,0,0,H,10,7,-6,-78,-9,-1,69,0,1
121,09/09/2011,Florida Intl,24,26,45,21,14,248,0,0,Louisville,17,41,83,45,32,363,1,1,V,-3.5,7,-15,-38,-24,-18,-115,-1,-1
122,09/09/2011,Louisville,17,41,83,45,32,363,1,1,Florida Intl,24,26,45,21,14,248,0,0,H,3.5,-7,15,38,24,18,115,1,1
123,09/09/2011,Missouri,30,37,182,42,26,319,0,0,Arizona State,37,31,104,33,25,388,0,1,V,-10,-7,6,78,9,1,-69,0,-1
124,09/10/2011,Air Force,19,43,249,21,12,167,0,2,Texas Christian,35,44,204,25,20,206,0,1,H,-1,-16,-1,45,-4,-8,-39,0,1
125,09/10/2011,Akron,3,28,42,34,16,227,1,1,Temple,41,49,305,19,8,111,0,1,H,-15,-38,-21,-263,15,8,116,1,0
126,09/10/2011,Alabama,27,41,196,31,19,163,0,0,Penn State,11,30,107,39,12,144,1,2,V,10,16,11,89,-8,7,19,-1,-2
127,09/10/2011,Arkansas,52,42,259,39,26,373,1,1,New Mexico,3,28,95,38,22,202,0,0,N,36,49,14,164,1,4,171,1,1
128,09/10/2011,Arkansas State,47,46,236,33,29,375,1,1,Memphis,3,38,82,29,13,87,0,1,H,17,44,8,154,4,16,288,1,0
129,09/10/2011,Army,20,77,403,7,2,43,0,3,San Diego State,23,25,146,18,8,146,0,0,H,-8.5,-3,52,257,-11,-6,-103,0,3
130,09/10/2011,Auburn,41,36,235,23,16,146,1,0,Mississippi State,34,63,333,34,21,198,1,0,H,-5,7,-27,-98,-11,-5,-52,0,0
131,09/10/2011,Ball State,7,33,77,35,24,148,0,3,South Florida,37,38,147,50,31,372,2,0,V,-20.5,-30,-5,-70,-15,-7,-224,-2,3
132,09/10/2011,Boston College,3,23,57,24,11,60,2,0,U-C-F,30,45,235,25,20,187,0,0,V,-7.5,-27,-22,-178,-1,-9,-127,2,0
133,09/10/2011,Bowling Green,58,49,268,27,19,304,1,2,Morgan State,13,34,156,29,8,37,1,1,H, ,45,15,112,-2,11,267,0,1
134,09/10/2011,Brigham Young,16,23,43,38,22,192,2,0,Texas,17,43,166,20,12,123,2,0,V,-7.5,-1,-20,-123,18,10,69,0,0
135,09/10/2011,Buffalo,35,24,165,24,17,177,1,0,Stony Brook,7,51,184,21,13,114,1,2,H, ,28,-27,-19,3,4,63,0,-2
136,09/10/2011,California,36,32,104,36,19,270,1,0,Colorado,33,32,108,50,28,482,0,0,V,6,3,0,-4,-14,-9,-212,1,0
137,09/10/2011,Central Michigan,13,32,88,45,24,295,2,0,Kentucky,27,37,230,18,9,114,1,1,V,-10,-14,-5,-142,27,15,181,1,-1
138,09/10/2011,Cincinnati,23,26,166,34,21,230,0,0,Tennessee,45,35,127,41,34,404,0,2,V,-3.5,-22,-9,39,-7,-13,-174,0,-2
139,09/10/2011,Clemson,35,42,215,29,18,261,0,1,Wofford,27,57,272,8,2,127,1,0,H, ,8,-15,-57,21,16,134,-1,1
140,09/10/2011,Colorado,33,32,108,50,28,474,0,0,California,36,31,100,36,19,270,1,0,H,-6,-3,1,8,14,9,204,-1,0
141,09/10/2011,Colorado State,33,41,242,42,28,259,3,0,Northern Colorado,14,20,129,23,11,87,2,0,H, ,19,21,113,19,17,172,1,0
142,09/10/2011,Connecticut,21,36,89,29,11,104,3,1,Vanderbilt,24,32,118,27,13,141,2,1,V,-2.5,-3,4,-29,2,-2,-37,1,0
143,09/10/2011,Duke,14,33,30,39,28,305,0,1,Stanford,44,30,205,30,21,299,1,0,H,-21,-30,3,-175,9,7,6,-1,1
144,09/10/2011,East Carolina,10,16,-15,38,20,127,1,0,Virginia Tech,17,50,241,20,8,91,1,1,H,-17,-7,-34,-256,18,12,36,0,-1
145,09/10/2011,Eastern Michigan,14,47,336,19,7,61,1,1,Alabama State,7,30,-13,34,21,236,0,1,H, ,7,17,349,-15,-14,-175,1,0
146,09/10/2011,Florida,39,55,300,20,13,212,0,0,U-A-B,0,23,71,29,15,141,0,1,H,24,39,32,229,-9,-2,71,0,-1
147,09/10/2011,Florida Atlantic,0,20,22,13,6,26,0,1,Michigan State,44,51,188,32,22,246,0,0,V,-31,-44,-31,-166,-19,-16,-220,0,1
148,09/10/2011,Florida State,62,37,170,42,30,477,1,0,Charleston Southern,10,28,21,17,9,63,0,0,H, ,52,9,149,25,21,414,1,0
149,09/10/2011,Fresno State,29,40,190,41,20,262,0,1,Nebraska,42,36,223,21,10,219,2,0,V,-28.5,-13,4,-33,20,10,43,-2,1
150,09/10/2011,Georgia,42,38,188,29,19,248,1,2,South Carolina,45,41,253,26,11,142,2,0,H,-3,-3,-3,-65,3,8,106,-1,2
151,09/10/2011,Georgia Tech,49,65,382,10,6,214,0,1,Middle Tennessee,21,29,147,35,22,195,1,2,V,11,28,36,235,-25,-16,19,-1,-1
152,09/10/2011,Hawaii,32,22,55,45,31,333,1,1,Washington,40,34,151,26,18,315,1,0,V,-5.5,-8,-12,-96,19,13,18,0,1
153,09/10/2011,Houston,48,31,127,59,39,563,1,1,North Texas,23,34,118,34,21,172,1,2,V,21.5,25,-3,9,25,18,391,0,-1
154,09/10/2011,Idaho,44,38,117,40,28,307,0,0,North Dakota,14,20,29,34,16,168,2,0,H, ,30,18,88,6,12,139,-2,0
155,09/10/2011,Illinois,56,50,364,18,16,155,0,0,South Dakota State,3,24,25,22,11,71,2,0,H, ,53,26,339,-4,5,84,-2,0
156,09/10/2011,Indiana,31,41,148,31,16,171,1,2,Virginia,34,40,162,30,16,198,2,2,H,-7,-3,1,-14,1,0,-27,-1,0
157,09/10/2011,Iowa,41,43,158,29,16,207,0,1,Iowa State,44,52,194,38,25,279,0,3,V,7,-3,-9,-36,-9,-9,-72,0,-2
158,09/10/2011,Iowa State,44,52,194,38,25,279,0,3,Iowa,41,43,158,29,16,207,0,1,H,-7,3,9,36,9,9,72,0,2
159,09/10/2011,Kansas,45,60,253,30,21,281,0,1,Northern Illinois,42,29,147,33,27,315,0,1,H,-5,3,31,106,-3,-6,-34,0,0
160,09/10/2011,Kent State,12,34,72,33,15,114,1,3,UL-Lafayette,20,51,113,15,7,46,1,2,H,8.5,-8,-17,-41,18,8,68,0,1
161,09/10/2011,Kentucky,27,37,230,18,9,114,1,1,Central Michigan,13,32,88,45,24,295,2,0,H,10,14,5,142,-27,-15,-181,-1,1
162,09/10/2011,Louisiana State,49,45,175,21,17,225,0,1,Northwestern St(LA),3,27,-4,29,17,99,1,0,H, ,46,18,179,-8,0,126,-1,1
163,09/10/2011,Louisiana Tech,48,44,221,38,23,321,1,1,Central Arkansas,42,31,73,52,29,372,1,0,H, ,6,13,148,-14,-6,-51,0,1
164,09/10/2011,Marshall,26,37,103,42,27,275,2,0,Southern Miss,20,28,75,49,25,309,3,3,H,-7.5,6,9,28,-7,2,-34,-1,-3
165,09/10/2011,Memphis,3,38,82,29,13,87,0,1,Arkansas State,47,46,236,33,29,375,1,1,V,-17,-44,-8,-154,-4,-16,-288,-1,0
166,09/10/2011,Michigan,35,0,-76,11,2,240,3,0,Notre Dame,31,8,102,8,5,132,1,1,H,-3.5,4,-8,-178,3,-3,108,2,-1
167,09/10/2011,Michigan State,44,51,188,32,22,246,0,0,Florida Atlantic,0,20,22,13,6,26,0,1,H,31,44,31,166,19,16,220,0,-1
168,09/10/2011,Middle Tennessee,21,29,147,35,22,195,1,2,Georgia Tech,49,65,381,10,6,215,0,1,H,-11,-28,-36,-234,25,16,-20,1,1
169,09/10/2011,Minnesota,21,35,181,40,18,238,2,0,New Mexico State,28,37,133,31,20,288,2,0,H,21,-7,-2,48,9,-2,-50,0,0
170,09/10/2011,Mississippi,42,40,179,19,12,136,0,1,Southern Illinois,24,38,223,30,14,197,4,0,H, ,18,2,-44,-11,-2,-61,-4,1
171,09/10/2011,Mississippi State,34,63,333,34,21,198,1,0,Auburn,41,36,235,23,16,146,1,0,V,5,-7,27,98,11,5,52,0,0
172,09/10/2011,Navy,40,57,410,7,3,100,0,3,Western Kentucky,14,32,124,33,19,153,2,3,V,9.5,26,25,286,-26,-16,-53,-2,0
173,09/10/2011,Nebraska,42,35,219,21,10,219,2,0,Fresno State,29,40,190,41,20,254,0,1,H,28.5,13,-5,29,-20,-10,-35,2,-1
174,09/10/2011,Nevada-Las Vegas,7,34,98,20,11,60,0,1,Washington State,59,39,139,38,29,471,0,1,V,-13,-52,-5,-41,-18,-18,-411,0,0
175,09/10/2011,Nevada-Reno,20,51,283,39,23,233,3,0,Oregon,69,43,272,26,15,331,0,0,V,-27.5,-49,8,11,13,8,-98,3,0
176,09/10/2011,New Mexico,3,28,95,38,22,202,0,0,Arkansas,52,42,259,39,26,373,1,1,N,-36,-49,-14,-164,-1,-4,-171,-1,-1
177,09/10/2011,New Mexico State,28,37,133,31,20,288,2,0,Minnesota,21,35,181,40,18,238,2,0,V,-21,7,2,-48,-9,2,50,0,0
178,09/10/2011,No Carolina State,27,26,109,41,24,315,1,0,Wake Forest,34,34,101,36,23,337,1,0,V,1.5,-7,-8,8,5,1,-22,0,0
179,09/10/2011,North Carolina,24,29,132,26,20,273,3,2,Rutgers,22,25,1,47,25,243,0,0,H,9.5,2,4,131,-21,-5,30,3,2
180,09/10/2011,North Texas,23,34,118,34,21,172,1,2,Houston,48,31,127,59,39,563,1,1,H,-21.5,-25,3,-9,-25,-18,-391,0,1
181,09/10/2011,Northern Illinois,42,29,147,33,27,315,0,0,Kansas,45,60,253,30,21,281,0,1,V,5,-3,-31,-106,3,6,34,0,-1
182,09/10/2011,Northwestern,42,67,320,16,12,117,0,0,Eastern Illinois,21,26,132,25,14,185,1,1,H, ,21,41,188,-9,-2,-68,-1,-1
183,09/10/2011,Notre Dame,31,33,198,39,27,315,2,3,Michigan,35,26,114,24,11,338,3,0,V,3.5,-4,7,84,15,16,-23,-1,3
184,09/10/2011,Ohio,30,43,233,29,16,158,1,3,Gardner-Webb,3,42,105,18,4,19,3,0,H, ,27,1,128,11,12,139,-2,3
185,09/10/2011,Ohio State,27,34,112,30,16,189,0,1,Toledo,22,30,46,42,21,292,1,0,H,17.5,5,4,66,-12,-5,-103,-1,1
186,09/10/2011,Oregon,69,43,272,26,15,331,0,0,Nevada-Reno,20,51,283,39,23,233,3,0,H,27.5,49,-8,-11,-13,-8,98,-3,0
187,09/10/2011,Oregon State,0,24,23,41,27,261,0,1,Wisconsin,35,43,208,22,17,189,0,0,V,-21,-35,-19,-185,19,10,72,0,1
188,09/10/2011,Penn State,11,30,107,39,12,144,1,2,Alabama,27,41,196,31,19,163,0,0,H,-10,-16,-11,-89,8,-7,-19,1,2
189,09/10/2011,Pittsburgh,35,48,124,42,26,257,2,0,Maine,29,25,37,46,27,334,0,0,H, ,6,23,87,-4,-1,-77,2,0
190,09/10/2011,Purdue,22,40,182,32,18,184,0,0,Rice,24,48,110,32,20,242,0,1,V,2,-2,-8,72,0,-2,-58,0,-1
191,09/10/2011,Rice,24,48,110,32,20,242,0,1,Purdue,22,40,183,32,18,183,0,0,H,-2,2,8,-73,0,2,59,0,1
192,09/10/2011,Rutgers,22,25,1,47,25,243,0,0,North Carolina,24,29,132,26,20,273,3,2,V,-9.5,-2,-4,-131,21,5,-30,-3,-2
193,09/10/2011,S-M-U,28,27,146,31,18,244,1,2,UTEP,17,26,30,47,24,276,1,1,H,19.5,11,1,116,-16,-6,-32,0,1
194,09/10/2011,San Diego State,23,25,146,18,8,146,0,0,Army,20,77,403,7,2,43,0,3,V,8.5,3,-52,-257,11,6,103,0,-3
195,09/10/2011,San Jose State,17,29,202,34,16,115,2,0,U.C.L.A.,27,42,272,23,12,145,0,2,V,-20.5,-10,-13,-70,11,4,-30,2,-2
196,09/10/2011,South Carolina,45,41,253,26,11,142,2,0,Georgia,42,38,188,29,19,248,1,2,V,3,3,3,65,-3,-8,-106,1,-2
197,09/10/2011,South Florida,37,38,147,50,31,372,2,0,Ball State,7,33,77,35,24,148,0,3,H,20.5,30,5,70,15,7,224,2,-3
198,09/10/2011,Southern Cal,17,39,152,32,20,264,1,2,Utah,14,25,81,46,23,238,0,1,H,8.5,3,14,71,-14,-3,26,1,1
199,09/10/2011,Southern Miss,20,28,75,49,25,309,3,3,Marshall,26,37,103,42,27,275,2,0,V,7.5,-6,-9,-28,7,-2,34,1,3
200,09/10/2011,Stanford,44,30,205,30,21,299,1,0,Duke,14,33,30,39,28,305,0,1,V,21,30,-3,175,-9,-7,-6,1,-1
201,09/10/2011,Syracuse,21,25,36,37,29,318,1,0,Rhode Island,14,34,112,30,14,154,2,0,H, ,7,-9,-76,7,15,164,-1,0
202,09/10/2011,Temple,41,49,305,19,8,111,0,1,Akron,3,28,42,34,16,227,1,1,V,15,38,21,263,-15,-8,-116,-1,0
203,09/10/2011,Tennessee,45,35,126,41,34,405,0,2,Cincinnati,23,26,166,34,21,230,0,0,H,3.5,22,9,-40,7,13,175,0,2
204,09/10/2011,Texas,17,43,166,20,12,123,2,0,Brigham Young,16,23,43,38,22,192,2,0,H,7.5,1,20,123,-18,-10,-69,0,0
205,09/10/2011,Texas Christian,35,44,204,25,20,206,0,1,Air Force,19,43,249,21,12,167,0,2,V,1,16,1,-45,4,8,39,0,-1
206,09/10/2011,Toledo,22,30,46,42,21,292,1,0,Ohio State,27,34,112,30,16,189,0,1,V,-17.5,-5,-4,-66,12,5,103,1,-1
207,09/10/2011,Tulane,3,35,59,42,19,176,1,2,Tulsa,31,37,166,32,22,246,1,1,H,-12.5,-28,-2,-107,10,-3,-70,0,1
208,09/10/2011,Tulsa,31,37,166,32,22,246,1,1,Tulane,3,35,59,42,19,176,1,2,V,12.5,28,2,107,-10,3,70,0,-1
209,09/10/2011,U-A-B,0,23,71,29,15,141,0,1,Florida,39,55,300,20,13,212,0,0,V,-24,-39,-32,-229,9,2,-71,0,1
210,09/10/2011,U-C-F,30,45,235,25,20,187,0,0,Boston College,3,23,57,24,11,84,2,0,H,7.5,27,22,178,1,9,103,-2,0
211,09/10/2011,U.C.L.A.,27,42,272,23,12,145,0,2,San Jose State,17,29,202,34,16,115,2,0,H,20.5,10,13,70,-11,-4,30,-2,2
212,09/10/2011,UL-Lafayette,20,51,113,15,7,46,1,2,Kent State,12,34,72,33,15,114,1,3,V,-8.5,8,17,41,-18,-8,-68,0,-1
213,09/10/2011,UL-Monroe,35,48,247,37,19,205,1,2,Grambling,7,30,26,21,10,118,2,0,H, ,28,18,221,16,9,87,-1,2
214,09/10/2011,UTEP,17,26,30,47,24,276,1,1,S-M-U,28,27,146,31,18,244,1,2,V,-19.5,-11,-1,-116,16,6,32,0,-1
215,09/10/2011,Utah,14,25,81,46,23,238,0,1,Southern Cal,17,39,152,32,20,264,1,2,V,-8.5,-3,-14,-71,14,3,-26,-1,-1
216,09/10/2011,Utah State,54,47,440,17,12,195,0,2,Weber State,17,33,46,36,22,167,0,1,H, ,37,14,394,-19,-10,28,0,1
217,09/10/2011,Vanderbilt,24,32,118,27,13,141,2,1,Connecticut,21,36,89,29,11,104,3,1,H,2.5,3,-4,29,-2,2,37,-1,0
218,09/10/2011,Virginia,34,40,162,30,16,198,2,2,Indiana,31,41,148,31,16,171,1,2,V,7,3,-1,14,-1,0,27,1,0
219,09/10/2011,Virginia Tech,17,50,241,20,8,91,1,1,East Carolina,10,16,-15,38,20,127,1,0,V,17,7,34,256,-18,-12,-36,0,1
220,09/10/2011,Wake Forest,34,34,101,36,23,337,1,0,No Carolina State,27,26,109,41,24,315,1,0,H,-1.5,7,8,-8,-5,-1,22,0,0
221,09/10/2011,Washington,40,34,151,26,18,315,1,0,Hawaii,32,22,55,45,31,333,1,1,H,5.5,8,12,96,-19,-13,-18,0,-1
222,09/10/2011,Washington State,59,39,139,38,29,471,0,1,Nevada-Las Vegas,7,34,98,20,11,60,0,1,H,13,52,5,41,18,18,411,0,0
223,09/10/2011,West Virginia,55,33,102,40,25,431,0,0,Norfolk State,12,32,88,31,18,197,0,0,H, ,43,1,14,9,7,234,0,0
224,09/10/2011,Western Kentucky,14,32,124,33,19,153,2,3,Navy,40,57,410,7,3,100,0,3,H,-9.5,-26,-25,-286,26,16,53,2,0
225,09/10/2011,Western Michigan,38,14,117,-6,-5,3,1,0,Nicholls State,7,10,-65,7,1,-38,2,1,H, ,31,4,182,-13,-6,41,-1,-1
226,09/10/2011,Wisconsin,35,43,208,22,17,189,0,0,Oregon State,0,24,23,41,27,261,0,1,H,21,35,19,185,-19,-10,-72,0,-1
227,09/10/2011,Wyoming,45,50,382,31,16,236,2,0,Texas State,10,34,77,23,12,112,2,1,H, ,35,16,305,8,4,124,0,-1
228,09/15/2011,Louisiana State,19,38,148,27,21,213,1,0,Mississippi State,6,34,52,25,15,141,2,0,V,3.5,13,4,96,2,6,72,-1,0
229,09/15/2011,Mississippi State,6,34,52,25,15,141,2,0,Louisiana State,19,38,148,27,21,213,1,0,H,-3.5,-13,-4,-96,-2,-6,-72,1,0
230,09/16/2011,Boise State,40,38,145,43,33,465,1,0,Toledo,15,30,98,40,20,251,1,1,V,20.5,25,8,47,3,13,214,0,-1
231,09/16/2011,Connecticut,20,42,112,36,15,231,1,2,Iowa State,24,34,101,30,19,240,3,0,H,4,-4,8,11,6,-4,-9,-2,2
232,09/16/2011,Iowa State,24,34,101,30,19,240,3,0,Connecticut,20,42,112,36,15,231,1,2,V,-4,4,-8,-11,-6,4,9,2,-2
233,09/16/2011,Toledo,15,30,98,40,20,251,1,1,Boise State,40,38,145,43,33,465,1,0,H,-20.5,-25,-8,-47,-3,-13,-214,0,1
234,09/17/2011,Akron,14,34,129,36,17,220,4,2,Cincinnati,59,45,164,21,13,178,0,1,V,-34,-45,-11,-35,15,4,42,4,1
235,09/17/2011,Alabama,41,33,347,29,21,239,0,2,North Texas,0,32,68,31,13,101,0,0,H,47,41,1,279,-2,8,138,0,2
236,09/17/2011,Arizona,10,23,51,39,28,282,0,0,Stanford,37,39,242,31,20,325,0,0,H,-9.5,-27,-16,-191,8,8,-43,0,0
237,09/17/2011,Arizona State,14,34,106,45,25,256,2,1,Illinois,17,45,105,15,11,135,1,2,V,-2,-3,-11,1,30,14,121,1,-1
238,09/17/2011,Arkansas,38,40,151,36,23,303,1,2,Troy,28,20,84,63,36,373,1,0,H,23,10,20,67,-27,-13,-70,0,2
239,09/17/2011,Arkansas State,7,31,64,36,16,205,2,0,Virginia Tech,26,40,135,33,21,292,2,0,V,-24,-19,-9,-71,3,-5,-87,0,0
240,09/17/2011,Army,21,75,381,7,1,6,0,1,Northwestern,14,27,115,30,17,194,0,0,H,-6,7,48,266,-23,-16,-188,0,1
241,09/17/2011,Auburn,24,38,237,25,12,198,1,0,Clemson,38,50,238,42,30,386,0,1,V,-4,-14,-12,-1,-17,-18,-188,1,-1
242,09/17/2011,Ball State,28,39,174,36,24,226,0,0,Buffalo,25,37,177,24,14,176,0,0,H,4.5,3,2,-3,12,10,50,0,0
243,09/17/2011,Baylor,48,30,266,24,21,279,0,1,Stephen F Austin,0,26,85,22,13,122,1,1,H, ,48,4,181,2,8,157,-1,0
244,09/17/2011,Boston College,19,25,81,34,17,247,0,0,Duke,20,26,81,55,43,384,1,0,H,7,-1,-1,0,-21,-26,-137,-1,0
245,09/17/2011,Bowling Green,27,33,77,55,34,437,2,4,Wyoming,28,34,129,39,25,267,0,1,H,9.5,-1,-1,-52,16,9,170,2,3
246,09/17/2011,Brigham Young,10,22,11,56,30,343,1,6,Utah,54,38,242,31,16,239,1,1,H,4,-44,-16,-231,25,14,104,0,5
247,09/17/2011,Buffalo,25,37,177,24,14,176,0,0,Ball State,28,38,169,37,25,231,0,0,V,-4.5,-3,-1,8,-13,-11,-55,0,0
248,09/17/2011,California,63,52,285,37,20,296,1,0,Presbyterian,12,26,20,20,6,28,2,0,H, ,51,26,265,17,14,268,-1,0
249,09/17/2011,Central Michigan,14,29,147,36,20,215,0,2,Western Michigan,44,33,87,38,28,355,1,1,V,-6.5,-30,-4,60,-2,-8,-140,-1,1
250,09/17/2011,Cincinnati,59,45,164,21,13,178,0,1,Akron,14,34,129,36,17,220,4,2,H,34,45,11,35,-15,-4,-42,-4,-1
251,09/17/2011,Clemson,38,50,238,42,30,386,0,1,Auburn,24,38,237,25,12,198,1,0,H,4,14,12,1,17,18,188,-1,1
252,09/17/2011,Colorado,28,34,145,32,17,215,0,0,Colorado State,14,25,67,30,20,176,0,1,N,7,14,9,78,2,-3,39,0,-1
253,09/17/2011,Colorado State,14,25,67,30,20,176,0,1,Colorado,28,34,145,32,17,215,0,0,N,-7,-14,-9,-78,-2,3,-39,0,1
254,09/17/2011,Duke,20,26,81,55,43,384,1,0,Boston College,19,25,81,34,17,247,0,0,V,-7,1,1,0,21,26,137,1,0
255,09/17/2011,Eastern Michigan,3,46,207,6,3,29,1,1,Michigan,31,50,376,18,7,95,1,0,V,-30.5,-28,-4,-169,-12,-4,-66,0,1
256,09/17/2011,Florida,33,40,134,23,14,213,0,1,Tennessee,23,21,-9,48,26,288,2,0,H,9.5,10,19,143,-25,-12,-75,-2,1
257,09/17/2011,Florida Intl,17,30,111,29,15,127,0,0,U-C-F,10,40,119,27,17,181,0,2,H,-6.5,7,-10,-8,2,-2,-54,0,-2
258,09/17/2011,Florida State,13,26,27,34,20,219,3,0,Oklahoma,23,39,111,27,18,199,2,0,H,-4,-10,-13,-84,7,2,20,1,0
259,09/17/2011,Fresno State,27,35,84,17,11,235,0,0,North Dakota,22,39,216,25,12,107,0,0,H, ,5,-4,-132,-8,-1,128,0,0
260,09/17/2011,Georgia,59,47,194,36,25,276,0,1,Coastal Carolina,0,27,63,26,14,49,1,2,H, ,59,20,131,10,11,227,-1,-1
261,09/17/2011,Georgia Tech,66,50,604,7,4,164,0,0,Kansas,24,41,148,28,18,214,0,0,H,15,42,9,456,-21,-14,-50,0,0
262,09/17/2011,Hawaii,20,16,6,41,25,284,0,4,Nevada-Las Vegas,40,42,186,30,18,179,1,0,V,17,-20,-26,-180,11,7,105,-1,4
263,09/17/2011,Houston,35,35,98,40,25,351,2,1,Louisiana Tech,34,66,233,32,21,211,2,1,V,6.5,1,-31,-135,8,4,140,0,0
264,09/17/2011,Idaho,7,29,56,29,17,131,0,0,Texas A+M,37,38,140,43,30,377,1,1,V,-35.5,-30,-9,-84,-14,-13,-246,-1,-1
265,09/17/2011,Illinois,17,45,105,15,11,135,1,2,Arizona State,14,34,106,45,25,256,2,1,H,2,3,11,-1,-30,-14,-121,-1,1
266,09/17/2011,Indiana,38,58,257,33,25,300,0,1,So Carolina State,21,38,161,30,15,216,0,1,H, ,17,20,96,3,10,84,0,0
267,09/17/2011,Iowa,31,33,76,48,31,399,1,0,Pittsburgh,27,37,137,34,24,285,2,1,H,3,4,-4,-61,14,7,114,-1,-1
268,09/17/2011,Kansas,24,42,151,27,17,211,0,0,Georgia Tech,66,50,604,7,4,164,0,0,V,-15,-42,-8,-453,20,13,47,0,0
269,09/17/2011,Kansas State,37,42,219,24,13,116,0,0,Kent State,0,36,118,23,11,81,2,0,H,17.5,37,6,101,1,2,35,-2,0
270,09/17/2011,Kent State,0,36,118,23,11,81,2,0,Kansas State,37,42,219,24,13,116,0,0,V,-17.5,-37,-6,-101,-1,-2,-35,2,0
271,09/17/2011,Kentucky,17,32,35,42,27,255,0,1,Louisville,24,40,181,22,12,146,0,0,H,4.5,-7,-8,-146,20,15,109,0,1
272,09/17/2011,Louisiana Tech,34,66,233,32,21,211,2,1,Houston,35,35,98,40,25,351,2,1,H,-6.5,-1,31,135,-8,-4,-140,0,0
273,09/17/2011,Louisville,24,40,181,22,12,146,0,0,Kentucky,17,32,35,42,27,255,0,1,V,-4.5,7,8,146,-20,-15,-109,0,-1
274,09/17/2011,Marshall,7,34,172,29,11,159,4,2,Ohio,44,55,271,30,21,288,0,2,V,-6,-37,-21,-99,-1,-10,-129,4,0
275,09/17/2011,Maryland,31,35,188,52,34,289,3,0,West Virginia,37,31,92,49,36,388,1,2,H,-1,-6,4,96,3,-2,-99,2,-2
276,09/17/2011,Memphis,27,33,113,30,20,332,0,1,Austin Peay,6,28,123,45,23,245,2,1,H, ,21,5,-10,-15,-3,87,-2,0
277,09/17/2011,Miami-Florida,24,42,240,23,16,123,2,0,Ohio State,6,37,174,18,4,35,1,1,H,2,18,5,66,5,12,88,1,-1
278,09/17/2011,Miami-Ohio,23,21,80,48,27,325,1,0,Minnesota,29,47,236,21,11,163,0,0,V,-4,-6,-26,-156,27,16,162,1,0
279,09/17/2011,Michigan,31,50,376,18,7,95,1,0,Eastern Michigan,3,46,207,6,3,29,1,1,H,30.5,28,4,169,12,4,66,0,-1
280,09/17/2011,Michigan State,13,23,29,54,34,329,1,1,Notre Dame,31,32,114,26,18,161,1,2,V,-6,-18,-9,-85,28,16,168,0,-1
281,09/17/2011,Minnesota,29,47,236,21,11,163,0,0,Miami-Ohio,23,21,80,48,27,325,1,0,H,4,6,26,156,-27,-16,-162,-1,0
282,09/17/2011,Mississippi,7,32,85,30,15,149,5,0,Vanderbilt,30,49,281,22,14,106,1,2,V,3,-23,-17,-196,8,1,43,4,-2
283,09/17/2011,Missouri,69,54,428,27,20,316,0,2,Western Illinois,0,31,24,15,4,20,1,0,H, ,69,23,404,12,16,296,-1,2
284,09/17/2011,Navy,21,47,274,9,5,61,1,0,South Carolina,24,44,254,25,18,204,1,0,V,-15,-3,3,20,-16,-13,-143,0,0
285,09/17/2011,Nebraska,51,55,309,21,10,155,0,1,Washington,38,31,146,37,21,274,2,1,H,18,13,24,163,-16,-11,-119,-2,0
286,09/17/2011,Nevada-Las Vegas,40,42,186,30,18,179,1,0,Hawaii,20,16,6,41,25,284,0,4,H,-17,20,26,180,-11,-7,-105,1,-4
287,09/17/2011,Nevada-Reno,17,60,261,21,11,112,2,2,San Jose State,14,30,138,33,13,152,1,3,V,7,3,30,123,-12,-2,-40,1,-1
288,09/17/2011,New Mexico,13,37,109,29,10,228,1,2,Texas Tech,59,35,178,50,45,446,0,1,H,-21,-46,2,-69,-21,-35,-218,1,1
289,09/17/2011,New Mexico State,10,29,16,37,20,242,0,2,UTEP,16,42,185,28,9,124,1,1,H,3,-6,-13,-169,9,11,118,-1,1
290,09/17/2011,No Carolina State,35,37,95,22,19,297,0,3,South Alabama,13,33,104,32,17,182,2,1,H, ,22,4,-9,-10,2,115,-2,2
291,09/17/2011,North Carolina,28,41,222,23,16,179,0,1,Virginia,17,34,170,41,23,298,2,1,H,10,11,7,52,-18,-7,-119,-2,0
292,09/17/2011,North Texas,0,32,68,31,13,101,0,0,Alabama,41,33,347,29,21,239,0,2,V,-47,-41,-1,-279,2,-8,-138,0,-2
293,09/17/2011,Northern Illinois,7,25,64,27,17,173,0,0,Wisconsin,49,47,266,34,24,355,1,0,N,-15.5,-42,-22,-202,-7,-7,-182,-1,0
294,09/17/2011,Northwestern,14,27,115,30,17,194,0,0,Army,21,75,381,7,1,6,0,1,V,6,-7,-48,-266,23,16,188,0,-1
295,09/17/2011,Notre Dame,31,32,114,26,18,161,1,2,Michigan State,13,23,29,54,34,329,1,1,H,6,18,9,85,-28,-16,-168,0,1
296,09/17/2011,Ohio,44,55,271,30,21,288,0,2,Marshall,7,34,172,29,11,159,4,2,H,6,37,21,99,1,10,129,-4,0
297,09/17/2011,Ohio State,6,37,174,18,4,35,1,1,Miami-Florida,24,42,240,23,16,123,2,0,V,-2,-18,-5,-66,-5,-12,-88,-1,1
298,09/17/2011,Oklahoma,23,39,111,27,18,199,2,0,Florida State,13,26,27,34,20,219,3,0,V,4,10,13,84,-7,-2,-20,-1,0
299,09/17/2011,Oklahoma State,59,48,174,40,29,369,2,0,Tulsa,33,59,365,26,8,117,4,2,V,14,26,-11,-191,14,21,252,-2,-2
300,09/17/2011,Oregon,56,43,416,21,16,265,0,0,Missouri State,7,55,185,15,8,104,0,0,H, ,49,-12,231,6,8,161,0,0
301,09/17/2011,Penn State,14,36,92,37,22,216,1,0,Temple,10,30,74,28,12,123,2,1,V,7,4,6,18,9,10,93,-1,-1
302,09/17/2011,Pittsburgh,27,37,137,34,24,285,2,1,Iowa,31,33,76,48,31,399,1,0,V,-3,-4,4,61,-14,-7,-114,1,1
303,09/17/2011,Purdue,59,53,393,25,21,234,0,1,S E Missouri St,0,41,87,19,8,66,1,0,H, ,59,12,306,6,13,168,-1,1
304,09/17/2011,S-M-U,40,26,114,51,26,416,2,1,Northwestern St(LA),7,29,49,21,13,77,0,1,H, ,33,-3,65,30,13,339,2,0
305,09/17/2011,San Diego State,42,44,227,37,21,273,1,1,Washington State,24,28,51,42,20,368,2,2,H,4.5,18,16,176,-5,1,-95,-1,-1
306,09/17/2011,San Jose State,14,30,138,33,13,152,1,3,Nevada-Reno,17,60,261,21,11,112,2,2,H,-7,-3,-30,-123,12,2,40,-1,1
307,09/17/2011,South Carolina,24,44,254,25,18,204,1,0,Navy,21,47,274,9,5,61,1,0,H,15,3,-3,-20,16,13,143,0,0
308,09/17/2011,South Florida,70,47,268,43,30,477,2,1,Florida A+M,17,29,39,30,12,142,1,1,H, ,53,18,229,13,18,335,1,0
309,09/17/2011,Southern Cal,38,33,175,40,27,326,0,1,Syracuse,17,21,73,38,26,258,0,1,H,15.5,21,12,102,2,1,68,0,0
310,09/17/2011,Southern Miss,52,53,335,23,16,143,0,1,S E Louisiana,6,33,51,41,20,234,3,0,H, ,46,20,284,-18,-4,-91,-3,1
311,09/17/2011,Stanford,37,39,242,31,20,325,0,0,Arizona,10,23,51,39,28,282,0,0,V,9.5,27,16,191,-8,-8,43,0,0
312,09/17/2011,Syracuse,17,21,73,38,26,258,0,1,Southern Cal,38,33,175,40,27,326,0,1,V,-15.5,-21,-12,-102,-2,-1,-68,0,0
313,09/17/2011,Temple,10,30,74,28,12,123,2,1,Penn State,14,36,92,37,22,216,1,0,H,-7,-4,-6,-18,-9,-10,-93,1,1
314,09/17/2011,Tennessee,23,21,-9,48,26,288,2,0,Florida,33,40,134,23,14,213,0,1,V,-9.5,-10,-19,-143,25,12,75,2,-1
315,09/17/2011,Texas,49,50,284,20,16,204,0,2,U.C.L.A.,20,34,141,26,11,176,3,1,V,4,29,16,143,-6,5,28,-3,1
316,09/17/2011,Texas A+M,37,38,140,43,30,377,1,1,Idaho,7,29,56,29,17,131,0,0,H,35.5,30,9,84,14,13,246,1,1
317,09/17/2011,Texas Christian,38,45,207,23,15,204,0,2,UL-Monroe,17,26,82,42,29,232,0,1,H,28.5,21,19,125,-19,-14,-28,0,1
318,09/17/2011,Texas Tech,59,35,178,50,45,446,0,1,New Mexico,13,37,109,29,10,228,1,2,V,21,46,-2,69,21,35,218,-1,-1
319,09/17/2011,Troy,28,20,84,63,36,373,1,0,Arkansas,38,40,151,36,23,303,1,2,V,-23,-10,-20,-67,27,13,70,0,-2
320,09/17/2011,Tulane,49,49,262,27,23,278,0,0,U-A-B,10,17,48,28,10,145,3,0,V,-12.5,39,32,214,-1,13,133,-3,0
321,09/17/2011,Tulsa,33,59,365,26,8,117,4,2,Oklahoma State,59,48,174,40,29,369,2,0,H,-14,-26,11,191,-14,-21,-252,2,2
322,09/17/2011,U-A-B,10,17,48,28,10,145,3,0,Tulane,49,49,262,27,23,278,0,0,H,12.5,-39,-32,-214,1,-13,-133,3,0
323,09/17/2011,U-C-F,10,40,119,27,17,181,0,2,Florida Intl,17,30,111,29,15,127,0,0,V,6.5,-7,10,8,-2,2,54,0,2
324,09/17/2011,U.C.L.A.,20,34,141,26,11,176,3,1,Texas,49,50,284,20,16,204,0,2,H,-4,-29,-16,-143,6,-5,-28,3,-1
325,09/17/2011,UL-Lafayette,38,41,142,15,7,138,1,1,Nicholls State,21,41,96,22,11,129,1,2,H, ,17,0,46,-7,-4,9,0,-1
326,09/17/2011,UL-Monroe,17,26,82,42,29,232,0,1,Texas Christian,38,45,207,23,15,204,0,2,V,-28.5,-21,-19,-125,19,14,28,0,-1
327,09/17/2011,UTEP,16,42,185,28,9,124,1,1,New Mexico State,10,29,16,37,20,242,0,2,V,-3,6,13,169,-9,-11,-118,1,-1
328,09/17/2011,Utah,54,38,242,31,16,239,1,1,Brigham Young,10,22,11,56,30,343,1,6,V,-4,44,16,231,-25,-14,-104,0,-5
329,09/17/2011,Vanderbilt,30,49,281,22,14,106,1,2,Mississippi,7,32,85,30,15,149,5,0,H,-3,23,17,196,-8,-1,-43,-4,2
330,09/17/2011,Virginia,17,34,170,41,23,298,2,1,North Carolina,28,41,222,23,16,179,0,1,V,-10,-11,-7,-52,18,7,119,2,0
331,09/17/2011,Virginia Tech,26,40,135,33,21,292,2,0,Arkansas State,7,31,64,36,16,205,2,0,H,24,19,9,71,-3,5,87,0,0
332,09/17/2011,Wake Forest,48,43,149,37,26,305,0,1,Gardner-Webb,5,25,22,28,14,117,0,0,H, ,43,18,127,9,12,188,0,1
333,09/17/2011,Washington,38,31,146,37,21,274,2,1,Nebraska,51,55,309,21,10,155,0,1,V,-18,-13,-24,-163,16,11,119,2,0
334,09/17/2011,Washington State,24,28,51,42,20,368,2,2,San Diego State,42,44,227,37,21,273,1,1,V,-4.5,-18,-16,-176,5,-1,95,1,1
335,09/17/2011,West Virginia,37,31,92,49,36,388,1,2,Maryland,31,35,188,52,34,289,3,0,V,1,6,-4,-96,-3,2,99,-2,2
336,09/17/2011,Western Kentucky,16,36,128,31,23,241,1,3,Indiana State,44,33,209,24,14,227,1,0,H, ,-28,3,-81,7,9,14,0,3
337,09/17/2011,Western Michigan,44,33,87,38,28,355,1,1,Central Michigan,14,29,147,36,20,215,0,2,H,6.5,30,4,-60,2,8,140,1,-1
338,09/17/2011,Wisconsin,49,47,266,34,24,355,1,0,Northern Illinois,7,25,64,27,17,173,0,0,N,15.5,42,22,202,7,7,182,1,0
339,09/17/2011,Wyoming,28,34,129,39,25,267,0,1,Bowling Green,27,33,77,55,34,437,2,4,V,-9.5,1,1,52,-16,-9,-170,-2,-3
340,09/22/2011,Cincinnati,44,46,240,34,25,263,1,0,No Carolina State,14,22,-26,40,28,348,2,1,H,7.5,30,24,266,-6,-3,-85,-1,-1
341,09/22/2011,No Carolina State,14,22,-26,40,28,348,2,1,Cincinnati,44,46,240,34,25,263,1,0,V,-7.5,-30,-24,-266,6,3,85,1,1
342,09/23/2011,Brigham Young,24,32,127,35,16,133,1,0,U-C-F,17,34,81,31,21,318,1,2,H,1.5,7,-2,46,4,-5,-185,0,-2
343,09/23/2011,U-C-F,17,34,81,31,21,318,1,2,Brigham Young,24,32,127,35,16,133,1,0,V,-1.5,-7,2,-46,-4,5,185,0,2
344,09/24/2011,Air Force,63,66,595,15,13,197,0,2,Tennessee State,24,45,188,25,9,206,1,0,H, ,39,21,407,-10,4,-9,-1,2
345,09/24/2011,Akron,36,52,294,29,14,240,0,0,Virginia Military,13,25,100,31,14,139,0,2,H, ,23,27,194,-2,0,101,0,-2
346,09/24/2011,Alabama,38,39,197,20,15,200,0,0,Arkansas,14,19,17,40,24,209,2,0,H,11.5,24,20,180,-20,-9,-9,-2,0
347,09/24/2011,Arizona,31,35,82,57,34,398,0,0,Oregon,56,47,415,20,11,101,0,0,H,-15.5,-25,-12,-333,37,23,297,0,0
348,09/24/2011,Arizona State,43,36,169,32,25,223,0,0,Southern Cal,22,33,175,33,21,227,2,2,H,2.5,21,3,-6,-1,4,-4,-2,-2
349,09/24/2011,Arkansas,14,19,17,40,24,209,2,0,Alabama,38,39,197,20,15,200,0,0,V,-11.5,-24,-20,-180,20,9,9,2,0
350,09/24/2011,Arkansas State,53,56,375,32,23,271,1,1,Central Arkansas,24,32,97,32,17,225,1,0,H, ,29,24,278,0,6,46,0,1
351,09/24/2011,Army,21,59,402,4,0,0,1,0,Ball State,48,42,162,33,26,383,0,0,V,4,-27,17,240,-29,-26,-383,1,0
352,09/24/2011,Auburn,30,33,137,29,16,178,1,0,Florida Atlantic,14,34,108,32,21,199,3,0,H,31,16,-1,29,-3,-5,-21,-2,0
353,09/24/2011,Ball State,48,42,162,33,26,383,0,0,Army,21,59,402,4,0,0,1,0,H,-4,27,-17,-240,29,26,383,-1,0
354,09/24/2011,Baylor,56,50,306,35,31,367,0,2,Rice,31,38,156,39,23,260,1,1,H,20.5,25,12,150,-4,8,107,-1,1
355,09/24/2011,Boise State,41,45,131,37,28,327,0,1,Tulsa,21,30,155,26,15,136,4,0,H,28,20,15,-24,11,13,191,-4,1
356,09/24/2011,Boston College,45,49,193,22,14,196,0,1,Massachusetts,17,30,118,37,18,195,2,2,H, ,28,19,75,-15,-4,1,-2,-1
357,09/24/2011,Bowling Green,37,38,127,24,19,183,1,1,Miami-Ohio,23,31,43,40,25,265,2,1,V,-4,14,7,84,-16,-6,-82,-1,0
358,09/24/2011,Buffalo,3,31,126,40,18,193,1,0,Connecticut,17,42,80,22,12,213,0,0,H,-8.5,-14,-11,46,18,6,-20,1,0
359,09/24/2011,California,23,33,108,43,23,349,0,0,Washington,31,34,117,25,19,292,0,2,V,0,-8,-1,-9,18,4,57,0,-2
360,09/24/2011,Central Michigan,7,18,21,33,12,91,4,0,Michigan State,45,47,197,30,20,284,1,0,V,-21.5,-38,-29,-176,3,-8,-193,3,0
361,09/24/2011,Clemson,35,49,111,37,23,344,1,0,Florida State,30,15,29,38,24,336,1,0,H,2.5,5,34,82,-1,-1,8,0,0
362,09/24/2011,Colorado,17,16,76,39,22,238,0,2,Ohio State,37,47,226,15,7,110,0,0,V,-16.5,-20,-31,-150,24,15,128,0,2
363,09/24/2011,Colorado State,35,47,124,28,16,108,0,1,Utah State,34,52,281,15,9,86,0,4,V,-11,1,-5,-157,13,7,22,0,-3
364,09/24/2011,Connecticut,17,42,80,22,12,213,0,0,Buffalo,3,31,126,40,18,193,1,0,V,8.5,14,11,-46,-18,-6,20,-1,0
365,09/24/2011,Duke,48,43,151,36,24,333,1,1,Tulane,27,22,55,37,18,263,1,0,H,10,21,21,96,-1,6,70,0,1
366,09/24/2011,East Carolina,28,32,181,42,35,361,3,4,U-A-B,23,33,117,48,31,283,1,2,H,16.5,5,-1,64,-6,4,78,2,2
367,09/24/2011,Eastern Michigan,6,43,68,31,18,202,1,2,Penn State,34,25,104,35,23,364,1,2,V,-29,-28,18,-36,-4,-5,-162,0,0
368,09/24/2011,Florida,48,46,405,18,8,115,1,2,Kentucky,10,36,134,44,22,165,2,2,V,20,38,10,271,-26,-14,-50,-1,0
369,09/24/2011,Florida Atlantic,14,34,108,32,21,199,3,0,Auburn,30,33,137,29,16,178,1,0,V,-31,-16,1,-29,3,5,21,2,0
370,09/24/2011,Florida Intl,31,44,190,30,18,224,1,0,UL-Lafayette,36,33,187,30,15,232,0,0,H,16.5,-5,11,3,0,3,-8,1,0
371,09/24/2011,Florida State,30,15,29,38,24,336,1,0,Clemson,35,49,111,37,23,344,1,0,V,-2.5,-5,-34,-82,1,1,-8,0,0
372,09/24/2011,Fresno State,48,34,142,37,24,371,2,0,Idaho,24,24,44,43,23,239,0,1,V,2.5,24,10,98,-6,1,132,2,-1
373,09/24/2011,Georgia,27,56,207,26,17,268,1,0,Mississippi,13,26,34,30,12,149,2,0,V,10,14,30,173,-4,5,119,-1,0
374,09/24/2011,Georgia Tech,35,58,312,14,10,184,1,1,North Carolina,28,27,128,25,17,204,2,0,H,7,7,31,184,-11,-7,-20,-1,1
375,09/24/2011,Hawaii,56,24,125,60,43,512,0,1,UC-Davis,14,24,49,27,12,147,1,2,H, ,42,0,76,33,31,365,-1,-1
376,09/24/2011,Houston,56,39,171,50,40,561,0,2,Georgia State,0,35,108,27,12,133,1,1,H, ,56,4,63,23,28,428,-1,1
377,09/24/2011,Idaho,24,24,44,43,23,239,0,1,Fresno State,48,34,142,37,24,371,2,0,H,-2.5,-24,-10,-98,6,-1,-132,-2,1
378,09/24/2011,Illinois,23,52,296,26,17,167,1,1,Western Michigan,20,21,35,48,30,306,1,0,H,14,3,31,261,-22,-13,-139,0,1
379,09/24/2011,Indiana,21,27,50,52,30,354,1,1,North Texas,24,48,226,20,10,201,1,2,V,6.5,-3,-21,-176,32,20,153,0,-1
380,09/24/2011,Iowa,45,34,180,33,22,273,0,1,UL-Monroe,17,30,59,44,29,293,0,0,H,17,28,4,121,-11,-7,-20,0,1
381,09/24/2011,Kansas State,28,44,265,18,12,133,0,0,Miami-Florida,24,27,139,31,21,272,1,0,V,-13,4,17,126,-13,-9,-139,-1,0
382,09/24/2011,Kent State,33,49,187,19,10,94,0,1,South Alabama,25,27,93,38,14,281,3,1,H, ,8,22,94,-19,-4,-187,-3,0
383,09/24/2011,Kentucky,10,36,134,44,22,165,2,2,Florida,48,46,405,18,8,115,1,2,H,-20,-38,-10,-271,26,14,50,1,0
384,09/24/2011,Louisiana State,47,41,186,28,16,180,0,0,West Virginia,21,22,70,65,38,463,2,2,V,6,26,19,116,-37,-22,-283,-2,-2
385,09/24/2011,Louisiana Tech,20,37,107,41,30,252,2,1,Mississippi State,26,44,176,29,14,164,1,0,V,-20,-6,-7,-69,12,16,88,1,1
386,09/24/2011,Marshall,10,24,6,33,17,245,1,1,Virginia Tech,30,41,215,33,22,229,1,1,H,-20.5,-20,-17,-209,0,-5,16,0,0
387,09/24/2011,Maryland,7,23,45,37,21,195,1,0,Temple,38,62,285,9,9,140,0,1,H,9,-31,-39,-240,28,12,55,1,-1
388,09/24/2011,Memphis,0,24,-14,32,17,153,0,1,S-M-U,42,30,162,44,28,357,1,3,H,-24,-42,-6,-176,-12,-11,-204,-1,-2
389,09/24/2011,Miami-Florida,24,27,139,31,21,272,1,0,Kansas State,28,44,265,18,12,133,0,0,H,13,-4,-17,-126,13,9,139,1,0
390,09/24/2011,Miami-Ohio,23,31,43,40,25,265,2,1,Bowling Green,37,38,127,24,19,183,1,1,H,4,-14,-7,-84,16,6,82,1,0
391,09/24/2011,Michigan,28,45,320,17,8,93,2,2,San Diego State,7,29,123,48,23,253,0,3,H,10,21,16,197,-31,-15,-160,2,-1
392,09/24/2011,Michigan State,45,47,197,30,20,284,1,0,Central Michigan,7,18,21,33,12,91,4,0,H,21.5,38,29,176,-3,8,193,-3,0
393,09/24/2011,Middle Tennessee,35,42,167,48,28,415,1,1,Troy,38,36,132,42,27,347,1,1,V,-12,-3,6,35,6,1,68,0,0
394,09/24/2011,Minnesota,24,41,168,20,9,124,2,0,North Dakota St,37,28,139,21,16,197,0,0,H, ,-13,13,29,-1,-7,-73,2,0
395,09/24/2011,Mississippi,13,26,34,30,12,149,2,0,Georgia,27,56,207,26,17,268,1,0,H,-10,-14,-30,-173,4,-5,-119,1,0
396,09/24/2011,Mississippi State,26,44,176,29,14,164,1,0,Louisiana Tech,20,37,107,41,30,252,2,1,H,20,6,7,69,-12,-16,-88,-1,-1
397,09/24/2011,Missouri,28,42,241,33,16,291,0,0,Oklahoma,38,39,144,48,35,448,2,0,V,-19.5,-10,3,97,-15,-19,-157,-2,0
398,09/24/2011,Nebraska,38,49,333,21,12,157,0,1,Wyoming,14,31,137,34,18,168,1,0,V,21,24,18,196,-13,-6,-11,-1,1
399,09/24/2011,Nevada-Las Vegas,16,38,108,49,29,294,3,2,Southern Utah,41,26,78,34,16,178,2,0,H, ,-25,12,30,15,13,116,1,2
400,09/24/2011,Nevada-Reno,34,46,312,24,15,250,0,0,Texas Tech,35,38,219,38,26,222,0,0,V,-15.5,-1,8,93,-14,-11,28,0,0
401,09/24/2011,New Mexico,45,26,94,53,32,434,0,1,Sam Houston State,48,60,373,18,10,174,0,1,H, ,-3,-34,-279,35,22,260,0,0
402,09/24/2011,New Mexico State,24,32,185,30,17,238,1,0,San Jose State,34,39,230,38,24,236,0,1,V,-10.5,-10,-7,-45,-8,-7,2,1,-1
403,09/24/2011,North Carolina,28,27,128,25,17,204,2,0,Georgia Tech,35,58,312,14,10,184,1,1,V,-7,-7,-31,-184,11,7,20,1,-1
404,09/24/2011,North Texas,24,48,226,20,10,201,1,2,Indiana,21,27,50,52,30,354,1,1,H,-6.5,3,21,176,-32,-20,-153,0,1
405,09/24/2011,Northern Illinois,47,51,355,21,18,187,0,2,Cal-San Luis Obispo,30,59,294,11,6,75,0,0,H, ,17,-8,61,10,12,112,0,2
406,09/24/2011,Notre Dame,15,32,182,41,24,216,1,1,Pittsburgh,12,38,103,32,22,165,0,0,V,7,3,-6,79,9,2,51,1,1
407,09/24/2011,Ohio,26,23,65,36,23,339,0,4,Rutgers,38,43,159,35,22,251,1,1,V,-4,-12,-20,-94,1,1,88,-1,3
408,09/24/2011,Ohio State,37,47,226,15,7,110,0,0,Colorado,17,16,76,39,22,238,0,2,H,16.5,20,31,150,-24,-15,-128,0,-2
409,09/24/2011,Oklahoma,38,39,144,48,35,448,2,0,Missouri,28,42,241,33,16,291,0,0,H,19.5,10,-3,-97,15,19,157,2,0
410,09/24/2011,Oklahoma State,30,35,46,60,47,438,0,1,Texas A+M,29,27,162,47,28,309,3,1,V,-4,1,8,-116,13,19,129,-3,0
411,09/24/2011,Oregon,56,47,415,20,11,101,0,0,Arizona,31,35,82,57,34,398,0,0,V,15.5,25,12,333,-37,-23,-297,0,0
412,09/24/2011,Oregon State,19,29,88,40,24,287,1,1,U.C.L.A.,27,49,211,12,7,146,0,0,H,4,-8,-20,-123,28,17,141,1,1
413,09/24/2011,Penn State,34,25,104,35,23,364,1,2,Eastern Michigan,6,43,68,31,18,202,1,2,H,29,28,-18,36,4,5,162,0,0
414,09/24/2011,Pittsburgh,12,38,103,32,22,165,0,0,Notre Dame,15,32,182,41,24,216,1,1,H,-7,-3,6,-79,-9,-2,-51,-1,-1
415,09/24/2011,Rice,31,38,156,39,23,260,1,1,Baylor,56,50,306,35,31,367,0,2,V,-20.5,-25,-12,-150,4,-8,-107,1,-1
416,09/24/2011,Rutgers,38,43,159,35,22,251,1,1,Ohio,26,23,65,36,23,339,0,4,H,4,12,20,94,-1,-1,-88,1,-3
417,09/24/2011,S-M-U,42,30,162,44,28,357,1,3,Memphis,0,24,-14,32,17,153,0,1,V,24,42,6,176,12,11,204,1,2
418,09/24/2011,San Diego State,7,29,123,48,23,253,0,3,Michigan,28,45,320,17,8,93,2,2,V,-10,-21,-16,-197,31,15,160,-2,1
419,09/24/2011,San Jose State,34,39,230,38,24,236,0,1,New Mexico State,24,32,185,30,17,238,1,0,H,10.5,10,7,45,8,7,-2,-1,1
420,09/24/2011,South Carolina,21,40,131,32,17,236,4,0,Vanderbilt,3,25,4,23,16,73,1,2,H,15.5,18,15,127,9,1,163,3,-2
421,09/24/2011,South Florida,52,45,373,24,15,202,0,0,UTEP,24,32,95,42,27,244,3,0,H,29.5,28,13,278,-18,-12,-42,-3,0
422,09/24/2011,Southern Cal,22,33,175,33,21,227,2,2,Arizona State,43,36,169,32,25,223,0,0,V,-2.5,-21,-3,6,1,-4,4,2,2
423,09/24/2011,Southern Miss,30,35,61,42,27,313,0,1,Virginia,24,40,153,44,26,221,3,0,V,-3,6,-5,-92,-2,1,92,-3,1
424,09/24/2011,Syracuse,33,41,153,25,16,213,0,1,Toledo,30,37,138,42,28,300,1,0,H,2,3,4,15,-17,-12,-87,-1,1
425,09/24/2011,Temple,38,62,285,9,9,140,0,1,Maryland,7,23,45,37,21,195,1,0,V,-9,31,39,240,-28,-12,-55,-1,1
426,09/24/2011,Texas A+M,29,27,162,47,28,309,3,1,Oklahoma State,30,35,46,60,47,438,0,1,H,4,-1,-8,116,-13,-19,-129,3,0
427,09/24/2011,Texas Christian,55,33,248,20,14,214,1,0,Portland State,13,44,119,34,19,176,1,0,H, ,42,-11,129,-14,-5,38,0,0
428,09/24/2011,Texas Tech,35,38,219,38,26,222,0,0,Nevada-Reno,34,46,312,24,15,250,0,0,H,15.5,1,-8,-93,14,11,-28,0,0
429,09/24/2011,Toledo,30,37,138,42,28,300,1,0,Syracuse,33,41,153,25,16,213,0,1,V,-2,-3,-4,-15,17,12,87,1,-1
430,09/24/2011,Troy,38,36,132,42,27,347,1,1,Middle Tennessee,35,42,167,48,28,415,1,1,H,12,3,-6,-35,-6,-1,-68,0,0
431,09/24/2011,Tulane,27,22,55,37,18,263,1,0,Duke,48,43,151,36,24,333,1,1,V,-10,-21,-21,-96,1,-6,-70,0,-1
432,09/24/2011,Tulsa,21,30,155,26,15,136,4,0,Boise State,41,45,131,37,28,327,0,1,V,-28,-20,-15,24,-11,-13,-191,4,-1
433,09/24/2011,U-A-B,23,33,117,48,31,283,1,2,East Carolina,28,32,181,42,35,361,3,4,V,-16.5,-5,1,-64,6,-4,-78,-2,-2
434,09/24/2011,U.C.L.A.,27,49,211,12,7,146,0,0,Oregon State,19,29,88,40,24,287,1,1,V,-4,8,20,123,-28,-17,-141,-1,-1
435,09/24/2011,UL-Lafayette,36,33,187,30,15,232,0,0,Florida Intl,31,44,190,30,18,224,1,0,V,-16.5,5,-11,-3,0,-3,8,-1,0
436,09/24/2011,UL-Monroe,17,30,59,44,29,293,0,0,Iowa,45,34,180,33,22,273,0,1,V,-17,-28,-4,-121,11,7,20,0,-1
437,09/24/2011,UTEP,24,32,95,42,27,244,3,0,South Florida,52,45,373,24,15,202,0,0,V,-29.5,-28,-13,-278,18,12,42,3,0
438,09/24/2011,Utah State,34,52,281,15,9,86,0,4,Colorado State,35,47,124,28,16,108,0,1,H,11,-1,5,157,-13,-7,-22,0,3
439,09/24/2011,Vanderbilt,3,25,4,23,16,73,1,2,South Carolina,21,40,131,32,17,236,4,0,V,-15.5,-18,-15,-127,-9,-1,-163,-3,2
440,09/24/2011,Virginia,24,40,153,44,26,221,3,0,Southern Miss,30,35,61,42,27,313,0,1,H,3,-6,5,92,2,-1,-92,3,-1
441,09/24/2011,Virginia Tech,30,41,215,33,22,229,1,1,Marshall,10,24,6,33,17,245,1,1,V,20.5,20,17,209,0,5,-16,0,0
442,09/24/2011,Washington,31,34,117,25,19,292,0,2,California,23,33,108,43,23,349,0,0,H,0,8,1,9,-18,-4,-57,0,2
443,09/24/2011,West Virginia,21,22,70,65,38,463,2,2,Louisiana State,47,41,186,28,16,180,0,0,H,-6,-26,-19,-116,37,22,283,2,2
444,09/24/2011,Western Michigan,20,21,35,48,30,306,1,0,Illinois,23,52,296,26,17,167,1,1,V,-14,-3,-31,-261,22,13,139,0,-1
445,09/24/2011,Wisconsin,59,43,267,27,19,345,1,0,South Dakota,10,37,124,17,10,49,2,0,H, ,49,6,143,10,9,296,-1,0
446,09/24/2011,Wyoming,14,31,137,34,18,168,1,0,Nebraska,38,49,333,21,12,157,0,1,H,-21,-24,-18,-196,13,6,11,1,-1
447,09/29/2011,Houston,49,31,239,46,30,471,0,0,UTEP,42,41,271,29,19,267,1,1,V,14.5,7,-10,-32,17,11,204,-1,-1
448,09/29/2011,Pittsburgh,44,58,307,33,22,216,0,1,South Florida,17,38,202,36,18,223,0,2,H,-3,27,20,105,-3,4,-7,0,-1
449,09/29/2011,South Florida,17,38,202,36,18,223,0,2,Pittsburgh,44,58,307,33,22,216,0,1,V,3,-27,-20,-105,3,-4,7,0,1
450,09/29/2011,UTEP,42,41,271,29,19,267,1,1,Houston,49,31,239,46,30,471,0,0,H,-14.5,-7,10,32,-17,-11,-204,1,1
451,09/30/2011,Brigham Young,27,46,200,39,21,251,0,1,Utah State,24,37,284,26,13,122,0,0,H,7.5,3,9,-84,13,8,129,0,1
452,09/30/2011,Utah State,24,37,282,26,13,122,0,0,Brigham Young,27,46,200,39,21,251,0,1,V,-7.5,-3,-9,82,-13,-8,-129,0,-1
453,10/01/2011,Air Force,35,41,223,10,9,136,0,1,Navy,34,80,334,25,14,132,1,0,V,-3.5,1,-39,-111,-15,-5,4,-1,1
454,10/01/2011,Akron,23,34,139,29,15,163,0,1,Eastern Michigan,31,56,228,9,4,94,0,1,V,-8,-8,-22,-89,20,11,69,0,0
455,10/01/2011,Alabama,38,43,226,25,12,140,0,0,Florida,10,29,15,23,14,207,1,1,V,4.5,28,14,211,2,-2,-67,-1,-1
456,10/01/2011,Arizona,41,33,129,53,41,430,2,0,Southern Cal,48,25,114,39,32,468,1,0,V,-12.5,-7,8,15,14,9,-38,1,0
457,10/01/2011,Arizona State,35,34,108,37,24,258,3,1,Oregon State,20,14,47,66,40,341,4,1,H,17,15,20,61,-29,-16,-83,-1,0
458,10/01/2011,Arkansas,42,30,71,51,30,510,0,0,Texas A+M,38,54,381,35,25,247,1,1,N,-2.5,4,-24,-310,16,5,263,-1,-1
459,10/01/2011,Arkansas State,26,28,25,50,38,419,0,0,Western Kentucky,22,37,152,24,14,159,2,0,V,12.5,4,-9,-127,26,24,260,-2,0
460,10/01/2011,Army,45,62,353,3,3,70,0,2,Tulane,6,28,125,20,10,74,2,2,H,7,39,34,228,-17,-7,-4,-2,0
461,10/01/2011,Auburn,16,67,246,25,12,112,4,0,South Carolina,13,29,129,23,9,160,2,2,V,-10.5,3,38,117,2,3,-48,2,-2
462,10/01/2011,Ball State,6,35,119,36,14,95,3,1,Oklahoma,62,38,208,39,27,447,1,1,V,-40,-56,-3,-89,-3,-13,-352,2,0
463,10/01/2011,Baylor,35,30,83,32,23,346,1,2,Kansas State,36,51,210,28,13,146,1,0,V,3.5,-1,-21,-127,4,10,200,0,2
464,10/01/2011,Boise State,30,36,169,35,21,160,2,0,Nevada-Reno,10,35,59,20,9,123,1,1,H,27.5,20,1,110,15,12,37,1,-1
465,10/01/2011,Boston College,19,34,148,48,23,188,1,1,Wake Forest,27,33,104,30,20,288,1,0,H,1,-8,1,44,18,3,-100,0,1
466,10/01/2011,Bowling Green,10,36,103,26,13,114,3,2,West Virginia,55,46,360,33,19,283,0,0,V,-18,-45,-10,-257,-7,-6,-169,3,2
467,10/01/2011,Buffalo,10,28,148,25,10,116,0,1,Tennessee,41,44,199,31,21,342,0,2,V,-28.5,-31,-16,-51,-6,-11,-226,0,-1
468,10/01/2011,Central Michigan,48,32,176,28,17,387,0,0,Northern Illinois,41,44,217,51,27,370,2,0,H,-8.5,7,-12,-41,-23,-10,17,-2,0
469,10/01/2011,Cincinnati,27,40,147,30,16,251,2,2,Miami-Ohio,0,38,-4,35,21,268,1,1,V,16,27,2,151,-5,-5,-17,1,1
470,10/01/2011,Clemson,23,36,107,30,12,204,0,1,Virginia Tech,3,40,133,27,15,125,1,1,V,-7.5,20,-4,-26,3,-3,79,-1,0
471,10/01/2011,Colorado,27,38,161,24,15,175,1,1,Washington State,31,27,79,49,32,376,1,0,H,3,-4,11,82,-25,-17,-201,0,1
472,10/01/2011,Colorado State,31,26,71,43,28,387,2,1,San Jose State,38,39,135,38,25,313,1,2,H,3.5,-7,-13,-64,5,3,74,1,-1
473,10/01/2011,Connecticut,31,33,151,39,22,300,0,1,Western Michigan,38,22,11,51,37,479,0,2,H,3,-7,11,140,-12,-15,-179,0,-1
474,10/01/2011,Duke,31,22,49,43,28,335,0,0,Florida Intl,27,41,176,41,26,392,0,1,V,-3.5,4,-19,-127,2,2,-57,0,-1
475,10/01/2011,East Carolina,20,21,73,58,41,417,2,2,North Carolina,35,40,226,20,13,230,0,0,H,-6.5,-15,-19,-153,38,28,187,2,2
476,10/01/2011,Eastern Michigan,31,56,228,9,4,94,0,1,Akron,23,34,139,29,15,163,0,1,H,8,8,22,89,-20,-11,-69,0,0
477,10/01/2011,Florida,10,29,15,23,14,207,1,1,Alabama,38,43,226,25,12,140,0,0,H,-4.5,-28,-14,-211,-2,2,67,1,1
478,10/01/2011,Florida Atlantic,34,27,105,38,20,219,1,0,UL-Lafayette,37,43,130,34,26,329,0,2,V,-7.5,-3,-16,-25,4,-6,-110,1,-2
479,10/01/2011,Florida Intl,27,41,176,41,26,392,0,1,Duke,31,22,49,43,28,335,0,0,H,3.5,-4,19,127,-2,-2,57,0,1
480,10/01/2011,Fresno State,28,36,163,38,25,281,1,1,Mississippi,38,44,216,18,8,214,0,0,H,3.5,-10,-8,-53,20,17,67,1,1
481,10/01/2011,Georgia,24,49,155,25,13,160,3,0,Mississippi State,10,34,56,33,19,157,2,1,H,7,14,15,99,-8,-6,3,1,-1
482,10/01/2011,Georgia Tech,45,52,296,12,4,117,0,1,No Carolina State,35,38,195,36,23,192,1,0,V,10,10,14,101,-24,-19,-75,-1,1
483,10/01/2011,Hawaii,44,25,84,55,34,410,0,0,Louisiana Tech,26,26,63,51,29,305,2,1,V,-4.5,18,-1,21,4,5,105,-2,-1
484,10/01/2011,Idaho,20,31,103,41,17,193,2,0,Virginia,21,41,161,50,30,335,1,2,V,-15.5,-1,-10,-58,-9,-13,-142,1,-2
485,10/01/2011,Illinois,38,38,82,32,21,391,1,2,Northwestern,35,51,169,16,12,160,0,1,H,9.5,3,-13,-87,16,9,231,1,1
486,10/01/2011,Indiana,10,31,72,45,22,184,1,1,Penn State,16,50,193,36,16,271,1,2,H,-14,-6,-19,-121,9,6,-87,0,-1
487,10/01/2011,Iowa State,14,38,129,51,28,251,1,2,Texas,37,40,145,24,14,255,0,0,H,-9,-23,-2,-16,27,14,-4,1,2
488,10/01/2011,Kansas,34,51,239,22,16,239,3,1,Texas Tech,45,40,164,46,29,366,1,0,H,-6.5,-11,11,75,-24,-13,-127,2,1
489,10/01/2011,Kansas State,36,51,210,28,13,146,1,0,Baylor,35,30,83,32,23,346,1,2,H,-3.5,1,21,127,-4,-10,-200,0,-2
490,10/01/2011,Kent State,10,32,83,36,15,117,3,1,Ohio,17,39,115,42,28,276,0,1,V,-16,-7,-7,-32,-6,-13,-159,3,0
491,10/01/2011,Kentucky,7,39,89,25,7,66,0,1,Louisiana State,35,46,179,21,8,169,0,0,V,-29.5,-28,-7,-90,4,-1,-103,0,1
492,10/01/2011,Louisiana State,35,46,179,21,8,169,0,0,Kentucky,7,39,89,25,7,66,0,1,H,29.5,28,7,90,-4,1,103,0,-1
493,10/01/2011,Louisiana Tech,26,26,63,51,29,305,2,1,Hawaii,44,25,84,55,34,410,0,0,H,4.5,-18,1,-21,-4,-5,-105,2,1
494,10/01/2011,Louisville,13,29,60,29,20,221,2,0,Marshall,17,45,117,30,18,236,0,0,H,11,-4,-16,-57,-1,2,-15,2,0
495,10/01/2011,Marshall,17,45,117,30,18,236,0,0,Louisville,13,29,60,29,20,221,2,0,V,-11,4,16,57,1,-2,15,-2,0
496,10/01/2011,Maryland,28,37,198,24,16,137,0,1,Towson,3,43,161,29,17,217,2,2,H, ,25,-6,37,-5,-1,-80,-2,-1
497,10/01/2011,Memphis,31,43,165,32,25,230,0,2,Middle Tennessee,38,33,200,42,27,277,1,0,V,-23.5,-7,10,-35,-10,-2,-47,-1,2
498,10/01/2011,Miami-Florida,45,24,126,20,15,209,0,1,Bethune-Cookman,14,46,219,38,23,203,1,1,H, ,31,-22,-93,-18,-8,6,-1,0
499,10/01/2011,Miami-Ohio,0,38,-3,35,21,267,1,1,Cincinnati,27,40,147,30,16,251,2,2,H,-16,-27,-2,-150,5,5,16,-1,-1
500,10/01/2011,Michigan,58,48,363,25,18,217,0,0,Minnesota,0,25,73,22,11,104,0,2,H,21,58,23,290,3,7,113,0,-2
501,10/01/2011,Michigan State,10,31,71,32,20,250,2,1,Ohio State,7,39,35,25,12,143,1,0,V,-3,3,-8,36,7,8,107,1,1
502,10/01/2011,Middle Tennessee,38,33,200,42,27,277,1,0,Memphis,31,43,165,32,25,230,0,2,H,23.5,7,-10,35,10,2,47,1,-2
503,10/01/2011,Minnesota,0,25,73,22,11,104,0,2,Michigan,58,48,363,25,18,217,0,0,V,-21,-58,-23,-290,-3,-7,-113,0,2
504,10/01/2011,Mississippi,38,44,216,18,8,214,0,0,Fresno State,28,36,163,38,25,281,1,1,V,-3.5,10,8,53,-20,-17,-67,-1,-1
505,10/01/2011,Mississippi State,10,34,56,33,19,157,2,1,Georgia,24,49,155,25,13,160,3,0,V,-7,-14,-15,-99,8,6,-3,-1,1
506,10/01/2011,Navy,34,80,334,25,14,132,1,0,Air Force,35,41,223,10,9,136,0,1,H,3.5,-1,39,111,15,5,-4,1,-1
507,10/01/2011,Nebraska,17,43,159,22,11,176,3,0,Wisconsin,48,50,231,20,14,255,0,1,V,-9.5,-31,-7,-72,2,-3,-79,3,-1
508,10/01/2011,Nevada-Reno,10,35,59,20,9,123,1,1,Boise State,30,36,169,35,21,160,2,0,V,-27.5,-20,-1,-110,-15,-12,-37,-1,1
509,10/01/2011,New Mexico,28,35,163,36,22,265,1,0,New Mexico State,42,48,242,27,16,296,0,1,H,0,-14,-13,-79,9,6,-31,1,-1
510,10/01/2011,New Mexico State,42,48,242,27,16,296,0,1,New Mexico,28,35,163,36,22,265,1,0,V,0,14,13,79,-9,-6,31,-1,1
511,10/01/2011,No Carolina State,35,38,195,36,23,192,1,0,Georgia Tech,45,52,296,12,4,117,0,1,H,-10,-10,-14,-101,24,19,75,1,-1
512,10/01/2011,North Carolina,35,40,226,20,13,230,0,0,East Carolina,20,21,73,58,41,417,2,2,V,6.5,15,19,153,-38,-28,-187,-2,-2
513,10/01/2011,North Texas,24,56,130,26,18,261,2,0,Tulsa,41,24,98,32,20,314,1,0,V,-23,-17,32,32,-6,-2,-53,1,0
514,10/01/2011,Northern Illinois,41,45,218,51,27,370,2,0,Central Michigan,48,33,179,28,17,387,0,0,V,8.5,-7,12,39,23,10,-17,2,0
515,10/01/2011,Northwestern,35,51,169,16,12,160,0,1,Illinois,38,38,82,32,21,391,1,2,V,-9.5,-3,13,87,-16,-9,-231,-1,-1
516,10/01/2011,Notre Dame,38,40,287,41,25,264,0,0,Purdue,10,27,84,38,19,192,1,0,V,12,28,13,203,3,6,72,-1,0
517,10/01/2011,Ohio,17,39,150,42,28,276,0,1,Kent State,10,32,83,36,15,117,3,1,H,16,7,7,67,6,13,159,-3,0
518,10/01/2011,Ohio State,7,39,35,25,12,143,1,0,Michigan State,10,31,71,32,20,250,2,1,H,3,-3,8,-36,-7,-8,-107,-1,-1
519,10/01/2011,Oklahoma,62,38,208,39,27,447,1,1,Ball State,6,35,119,36,14,95,3,1,H,40,56,3,89,3,13,352,-2,0
520,10/01/2011,Oregon State,20,14,47,66,40,341,4,1,Arizona State,35,34,108,37,24,258,3,1,V,-17,-15,-20,-61,29,16,83,1,0
521,10/01/2011,Penn State,16,50,193,36,16,271,1,2,Indiana,10,31,72,45,22,184,1,1,V,14,6,19,121,-9,-6,87,0,1
522,10/01/2011,Purdue,10,27,84,38,19,192,1,0,Notre Dame,38,40,287,41,25,264,0,0,H,-12,-28,-13,-203,-3,-6,-72,1,0
523,10/01/2011,Rice,24,30,33,41,21,196,0,2,Southern Miss,48,51,370,34,21,284,2,2,V,-14,-24,-21,-337,7,0,-88,-2,0
524,10/01/2011,Rutgers,19,38,5,57,29,297,1,3,Syracuse,16,32,161,32,15,169,3,2,V,-1.5,3,6,-156,25,14,128,-2,1
525,10/01/2011,S-M-U,40,24,112,45,23,349,1,0,Texas Christian,33,31,150,43,30,304,0,1,V,-13,7,-7,-38,2,-7,45,1,-1
526,10/01/2011,San Jose State,38,39,137,38,25,313,1,2,Colorado State,31,26,71,43,28,387,2,1,V,-3.5,7,13,66,-5,-3,-74,-1,1
527,10/01/2011,South Carolina,13,29,129,23,9,160,2,2,Auburn,16,67,246,25,12,112,4,0,H,10.5,-3,-38,-117,-2,-3,48,-2,2
528,10/01/2011,Southern Cal,48,25,114,39,32,468,1,0,Arizona,41,33,129,53,41,425,2,0,H,12.5,7,-8,-15,-14,-9,43,-1,0
529,10/01/2011,Southern Miss,48,51,370,34,21,284,2,2,Rice,24,30,33,41,21,196,0,2,H,14,24,21,337,-7,0,88,2,0
530,10/01/2011,Stanford,45,41,202,28,24,240,0,0,U.C.L.A.,19,29,141,33,18,202,0,2,H,22.5,26,12,61,-5,6,38,0,-2
531,10/01/2011,Syracuse,16,32,126,32,15,169,3,2,Rutgers,19,38,5,57,29,297,1,3,H,1.5,-3,-6,121,-25,-14,-128,2,-1
532,10/01/2011,Temple,13,46,145,20,10,173,2,2,Toledo,36,39,157,15,13,148,0,1,H,8.5,-23,7,-12,5,-3,25,2,1
533,10/01/2011,Tennessee,41,44,199,31,21,342,0,2,Buffalo,10,28,148,25,10,116,0,1,H,28.5,31,16,51,6,11,226,0,1
534,10/01/2011,Texas,37,40,145,24,14,255,0,0,Iowa State,14,38,129,51,28,251,1,2,V,9,23,2,16,-27,-14,4,-1,-2
535,10/01/2011,Texas A+M,38,54,381,35,25,247,1,1,Arkansas,42,30,71,51,30,510,0,0,N,2.5,-4,24,310,-16,-5,-263,1,1
536,10/01/2011,Texas Christian,33,31,150,43,30,304,0,1,S-M-U,40,24,112,45,23,349,1,0,H,13,-7,7,38,-2,7,-45,-1,1
537,10/01/2011,Texas Tech,45,40,164,46,29,366,1,0,Kansas,34,51,239,22,16,239,3,1,V,6.5,11,-11,-75,24,13,127,-2,-1
538,10/01/2011,Toledo,36,39,157,15,13,148,0,1,Temple,13,46,145,20,10,173,2,2,V,-8.5,23,-7,12,-5,3,-25,-2,-1
539,10/01/2011,Troy,24,37,172,50,30,349,1,2,U-A-B,23,39,160,39,19,196,1,0,H,16,1,-2,12,11,11,153,0,2
540,10/01/2011,Tulane,6,28,125,20,10,74,2,2,Army,45,62,353,3,3,70,0,2,V,-7,-39,-34,-228,17,7,4,2,0
541,10/01/2011,Tulsa,41,24,98,32,20,314,1,0,North Texas,24,56,130,26,18,261,2,0,H,23,17,-32,-32,6,2,53,-1,0
542,10/01/2011,U-A-B,23,39,160,39,19,196,1,0,Troy,24,37,172,50,30,349,1,2,V,-16,-1,2,-12,-11,-11,-153,0,-2
543,10/01/2011,U.C.L.A.,19,29,141,33,18,202,0,2,Stanford,45,41,202,28,24,240,0,0,V,-22.5,-26,-12,-61,5,-6,-38,0,2
544,10/01/2011,UL-Lafayette,37,43,130,34,26,329,0,2,Florida Atlantic,34,27,105,38,20,219,1,0,H,7.5,3,16,25,-4,6,110,-1,2
545,10/01/2011,Utah,14,23,17,33,22,305,2,3,Washington,31,42,185,30,22,226,1,0,H,10,-17,-19,-168,3,0,79,1,3
546,10/01/2011,Virginia,21,41,161,50,30,335,1,2,Idaho,20,31,103,41,17,193,2,0,H,15.5,1,10,58,9,13,142,-1,2
547,10/01/2011,Virginia Tech,3,40,133,27,15,125,1,1,Clemson,23,35,119,32,13,204,1,0,H,7.5,-20,5,14,-5,2,-79,0,1
548,10/01/2011,Wake Forest,27,33,104,30,20,288,1,0,Boston College,19,34,148,48,23,188,1,1,V,-1,8,-1,-44,-18,-3,100,0,-1
549,10/01/2011,Washington,31,42,185,30,22,226,1,0,Utah,14,23,17,33,22,305,2,3,V,-10,17,19,168,-3,0,-79,-1,-3
550,10/01/2011,Washington State,31,27,79,49,32,376,1,0,Colorado,27,38,161,24,15,175,1,1,V,-3,4,-11,-82,25,17,201,0,-1
551,10/01/2011,West Virginia,55,46,360,33,19,283,0,0,Bowling Green,10,36,103,26,13,114,3,2,H,18,45,10,257,7,6,169,-3,-2
552,10/01/2011,Western Kentucky,22,37,152,24,14,159,2,0,Arkansas State,26,28,25,50,38,419,0,0,H,-12.5,-4,9,127,-26,-24,-260,2,0
553,10/01/2011,Western Michigan,38,22,11,51,37,479,0,2,Connecticut,31,33,151,39,22,300,0,1,V,-3,7,-11,-140,12,15,179,0,1
554,10/01/2011,Wisconsin,48,50,231,20,14,255,0,1,Nebraska,17,43,159,22,11,176,3,0,H,9.5,31,7,72,-2,3,79,-3,1
555,10/06/2011,California,14,27,144,60,28,321,0,0,Oregon,43,51,365,25,13,198,1,0,V,-24,-29,-24,-221,35,15,123,-1,0
556,10/06/2011,Middle Tennessee,33,41,200,48,23,282,2,1,Western Kentucky,36,51,168,35,17,222,0,1,H,10.5,-3,-10,32,13,6,60,2,0
557,10/06/2011,Oregon,43,51,365,25,13,198,1,0,California,14,27,144,60,28,321,0,0,H,24,29,24,221,-35,-15,-123,1,0
558,10/06/2011,Western Kentucky,36,51,168,35,17,222,0,1,Middle Tennessee,33,41,200,48,23,282,2,1,V,-10.5,3,10,-32,-13,-6,-60,-2,0
559,10/07/2011,Boise State,57,38,183,37,26,281,0,0,Fresno State,7,26,144,31,17,126,2,2,V,21,50,12,39,6,9,155,-2,-2
560,10/07/2011,Fresno State,7,26,144,31,17,126,2,2,Boise State,57,38,183,37,26,281,0,0,H,-21,-50,-12,-39,-6,-9,-155,2,2
561,10/08/2011,Air Force,33,60,363,28,16,202,1,1,Notre Dame,59,29,266,36,27,294,0,0,V,-14,-26,31,97,-8,-11,-92,1,1
562,10/08/2011,Akron,17,31,105,23,11,157,1,1,Florida Intl,27,45,216,38,26,308,1,1,H,-17,-10,-14,-111,-15,-15,-151,0,0
563,10/08/2011,Alabama,34,43,153,33,26,266,0,0,Vanderbilt,0,19,41,24,15,149,2,0,H,29,34,24,112,9,11,117,-2,0
564,10/08/2011,Arizona,27,19,53,45,31,378,2,2,Oregon State,37,35,128,43,33,280,2,0,V,2.5,-10,-16,-75,2,-2,98,0,2
565,10/08/2011,Arizona State,35,38,74,41,25,325,0,0,Utah,14,30,121,30,18,199,3,2,V,4,21,8,-47,11,7,126,-3,-2
566,10/08/2011,Arkansas,38,31,176,36,24,262,0,1,Auburn,14,52,291,25,9,104,3,0,H,10,24,-21,-115,11,15,158,-3,1
567,10/08/2011,Arkansas State,24,25,84,43,27,261,3,1,UL-Monroe,19,37,69,55,26,298,3,1,V,2.5,5,-12,15,-12,1,-37,0,0
568,10/08/2011,Army,28,65,326,9,8,124,0,2,Miami-Ohio,35,33,161,37,24,342,0,1,V,2.5,-7,32,165,-28,-16,-218,0,1
569,10/08/2011,Auburn,14,52,291,25,9,104,3,0,Arkansas,38,31,176,36,24,262,0,1,V,-10,-24,21,115,-11,-15,-158,3,-1
570,10/08/2011,Ball State,0,25,81,34,19,155,2,1,Temple,42,62,350,13,10,160,0,0,H,-9.5,-42,-37,-269,21,9,-5,2,1
571,10/08/2011,Baylor,49,68,391,29,21,212,0,2,Iowa State,26,33,181,35,17,244,1,1,H,16,23,35,210,-6,4,-32,-1,1
572,10/08/2011,Boston College,14,35,126,22,14,132,1,1,Clemson,36,41,180,37,22,320,0,0,V,-21.5,-22,-6,-54,-15,-8,-188,1,1
573,10/08/2011,Bowling Green,21,26,118,35,21,263,1,0,Western Michigan,45,47,351,29,21,227,1,0,V,-10,-24,-21,-233,6,0,36,0,0
574,10/08/2011,Brigham Young,29,44,224,24,14,219,2,1,San Jose State,16,26,70,35,25,255,2,0,H,13.5,13,18,154,-11,-11,-36,0,1
575,10/08/2011,Buffalo,38,41,167,39,23,343,0,0,Ohio,37,35,239,37,23,203,1,0,H,-8.5,1,6,-72,2,0,140,-1,0
576,10/08/2011,Central Michigan,24,25,182,32,19,245,4,1,No Carolina State,38,45,162,36,20,244,0,1,V,-10.5,-14,-20,20,-4,-1,1,4,0
577,10/08/2011,Clemson,36,41,180,37,22,320,0,0,Boston College,14,35,126,22,14,132,1,1,H,21.5,22,6,54,15,8,188,-1,-1
578,10/08/2011,Colorado,7,27,60,30,16,204,1,0,Stanford,48,35,161,35,27,392,1,1,V,-29.5,-41,-8,-101,-5,-11,-188,0,-1
579,10/08/2011,Connecticut,16,35,82,37,21,193,0,1,West Virginia,43,29,72,48,28,469,1,1,V,-20,-27,6,10,-11,-7,-276,-1,0
580,10/08/2011,East Carolina,3,30,21,44,26,263,4,0,Houston,56,37,215,48,36,357,0,0,V,-11.5,-53,-7,-194,-4,-10,-94,4,0
581,10/08/2011,Eastern Michigan,16,32,89,24,13,138,2,1,Toledo,54,43,240,31,27,302,0,1,V,-21,-38,-11,-151,-7,-14,-164,2,0
582,10/08/2011,Florida,11,32,113,16,9,100,2,0,Louisiana State,41,49,238,14,10,215,0,0,V,-14,-30,-17,-125,2,-1,-115,2,0
583,10/08/2011,Florida Atlantic,17,35,169,39,16,165,3,1,North Texas,31,43,129,27,13,108,0,1,V,-4,-14,-8,40,12,3,57,3,0
584,10/08/2011,Florida Intl,27,45,216,38,26,308,1,1,Akron,17,31,105,23,11,157,1,1,V,17,10,14,111,15,15,151,0,0
585,10/08/2011,Florida State,30,27,110,46,25,315,4,1,Wake Forest,35,38,128,36,22,263,0,0,V,10,-5,-11,-18,10,3,52,4,1
586,10/08/2011,Georgia,20,38,139,25,15,227,0,0,Tennessee,12,23,-20,40,22,290,0,0,V,3,8,15,159,-15,-7,-63,0,0
587,10/08/2011,Georgia Tech,21,60,272,21,6,114,1,0,Maryland,16,41,246,24,6,87,2,0,H,16,5,19,26,-3,0,27,-1,0
588,10/08/2011,Houston,56,37,215,48,36,357,0,0,East Carolina,3,30,21,44,26,263,4,0,H,11.5,53,7,194,4,10,94,-4,0
589,10/08/2011,Idaho,11,22,47,47,19,244,3,1,Louisiana Tech,24,48,190,39,25,163,0,0,H,-4,-13,-26,-143,8,-6,81,3,1
590,10/08/2011,Illinois,41,55,308,22,12,210,0,2,Indiana,20,42,83,36,17,219,1,1,V,14,21,13,225,-14,-5,-9,-1,1
591,10/08/2011,Indiana,20,42,83,36,17,219,1,1,Illinois,41,55,308,22,12,210,0,2,H,-14,-21,-13,-225,14,5,9,1,-1
592,10/08/2011,Iowa,3,30,84,34,17,169,2,1,Penn State,13,46,231,26,15,164,1,0,V,-4.5,-10,-16,-147,8,2,5,1,1
593,10/08/2011,Iowa State,26,33,181,35,17,244,1,1,Baylor,49,67,391,30,22,212,0,2,V,-16,-23,-34,-210,5,-5,32,1,-1
594,10/08/2011,Kansas,28,44,153,37,26,325,2,2,Oklahoma State,70,27,106,49,38,494,0,0,V,-31,-42,17,47,-12,-12,-169,2,2
595,10/08/2011,Kansas State,24,54,174,16,11,112,1,0,Missouri,17,31,112,35,19,214,1,0,H,-4,7,23,62,-19,-8,-102,0,0
596,10/08/2011,Kent State,10,37,7,24,6,63,1,2,Northern Illinois,40,43,209,19,15,135,0,3,V,-15.5,-30,-6,-202,5,-9,-72,1,-1
597,10/08/2011,Kentucky,3,27,79,26,4,17,4,2,South Carolina,54,48,288,43,30,351,0,1,V,-20.5,-51,-21,-209,-17,-26,-334,4,1
598,10/08/2011,Louisiana State,41,49,238,14,10,215,0,0,Florida,11,32,113,16,9,100,2,0,H,14,30,17,125,-2,1,115,-2,0
599,10/08/2011,Louisiana Tech,24,48,190,39,25,163,0,0,Idaho,11,22,47,47,19,244,3,1,V,4,13,26,143,-8,6,-81,-3,-1
600,10/08/2011,Louisville,7,38,100,31,19,173,1,0,North Carolina,14,32,86,19,12,178,0,1,V,-14,-7,6,14,12,7,-5,1,-1
601,10/08/2011,Marshall,6,21,43,29,11,87,0,1,U-C-F,16,51,240,22,13,147,1,2,V,-19.5,-10,-30,-197,7,-2,-60,-1,-1
602,10/08/2011,Maryland,16,41,246,24,6,87,2,0,Georgia Tech,21,60,272,21,6,114,1,0,V,-16,-5,-19,-26,3,0,-27,1,0
603,10/08/2011,Memphis,6,29,70,43,24,237,2,1,Rice,28,45,180,22,15,170,2,1,V,-20.5,-22,-16,-110,21,9,67,0,0
604,10/08/2011,Miami-Florida,35,38,236,22,14,283,0,0,Virginia Tech,38,38,172,25,23,310,0,1,V,-7.5,-3,0,64,-3,-9,-27,0,-1
605,10/08/2011,Miami-Ohio,35,33,161,37,24,342,0,1,Army,28,65,326,9,8,124,0,2,H,-2.5,7,-32,-165,28,16,218,0,-1
606,10/08/2011,Michigan,42,50,179,28,19,362,3,0,Northwestern,24,25,107,45,32,331,1,1,V,7.5,18,25,72,-17,-13,31,2,-1
607,10/08/2011,Minnesota,17,33,100,23,10,113,1,2,Purdue,45,47,217,27,18,155,0,0,V,-14,-28,-14,-117,-4,-8,-42,1,2
608,10/08/2011,Mississippi State,21,43,204,23,17,212,0,0,U-A-B,3,35,145,36,18,195,1,1,V,20.5,18,8,59,-13,-1,17,-1,-1
609,10/08/2011,Missouri,17,31,112,35,19,214,1,0,Kansas State,24,54,174,16,11,112,1,0,V,4,-7,-23,-62,19,8,102,0,0
610,10/08/2011,Navy,35,61,421,12,7,148,0,0,Southern Miss,63,50,283,25,22,301,0,1,H,0,-28,11,138,-13,-15,-153,0,-1
611,10/08/2011,Nebraska,34,51,232,22,16,191,1,0,Ohio State,27,41,243,18,6,108,1,1,H,10.5,7,10,-11,4,10,83,0,-1
612,10/08/2011,Nevada-Las Vegas,0,39,102,14,1,8,1,1,Nevada-Reno,37,48,240,44,29,459,3,2,V,-20.5,-37,-9,-138,-30,-28,-451,-2,-1
613,10/08/2011,Nevada-Reno,37,48,240,44,29,459,3,2,Nevada-Las Vegas,0,39,102,14,1,8,1,1,H,20.5,37,9,138,30,28,451,2,1
614,10/08/2011,No Carolina State,38,45,162,36,20,244,0,1,Central Michigan,24,25,182,32,19,245,4,1,H,10.5,14,20,-20,4,1,-1,-4,0
615,10/08/2011,North Carolina,14,32,86,19,12,178,0,1,Louisville,7,38,100,31,19,173,1,0,H,14,7,-6,-14,-12,-7,5,-1,1
616,10/08/2011,North Texas,31,43,129,27,13,108,0,1,Florida Atlantic,17,35,169,39,16,165,3,2,H,4,14,8,-40,-12,-3,-57,-3,-1
617,10/08/2011,Northern Illinois,40,43,209,19,15,135,0,3,Kent State,10,37,7,24,6,63,1,2,H,15.5,30,6,202,-5,9,72,-1,1
618,10/08/2011,Northwestern,24,25,107,45,32,331,1,1,Michigan,42,50,179,28,19,362,3,0,H,-7.5,-18,-25,-72,17,13,-31,-2,1
619,10/08/2011,Notre Dame,59,29,266,36,27,294,0,0,Air Force,33,60,363,28,16,202,1,1,H,14,26,-31,-97,8,11,92,-1,-1
620,10/08/2011,Ohio,37,35,239,37,23,203,1,0,Buffalo,38,41,167,39,23,343,0,0,V,8.5,-1,-6,72,-2,0,-140,1,0
621,10/08/2011,Ohio State,27,41,243,18,6,108,1,1,Nebraska,34,51,232,22,16,191,1,0,V,-10.5,-7,-10,11,-4,-10,-83,0,1
622,10/08/2011,Oklahoma,55,19,86,52,31,367,0,1,Texas,17,45,36,36,20,223,2,3,N,11.5,38,-26,50,16,11,144,-2,-2
623,10/08/2011,Oklahoma State,70,27,106,49,38,494,0,0,Kansas,28,44,153,37,26,325,2,2,H,31,42,-17,-47,12,12,169,-2,-2
624,10/08/2011,Oregon State,37,35,128,43,33,280,2,0,Arizona,27,19,53,45,31,378,2,2,H,-2.5,10,16,75,-2,2,-98,0,-2
625,10/08/2011,Penn State,13,46,231,26,15,164,1,0,Iowa,3,30,84,34,17,169,2,1,H,4.5,10,16,147,-8,-2,-5,-1,-1
626,10/08/2011,Pittsburgh,10,35,140,33,16,131,4,0,Rutgers,34,42,97,24,11,174,0,1,V,7,-24,-7,43,9,5,-43,4,-1
627,10/08/2011,Purdue,45,47,217,27,18,155,0,0,Minnesota,17,33,100,23,10,113,1,2,H,14,28,14,117,4,8,42,-1,-2
628,10/08/2011,Rice,28,45,180,22,15,170,2,1,Memphis,6,29,70,43,24,237,2,1,H,20.5,22,16,110,-21,-9,-67,0,0
629,10/08/2011,Rutgers,34,42,97,24,11,174,0,1,Pittsburgh,10,35,140,33,16,131,4,0,H,-7,24,7,-43,-9,-5,43,-4,1
630,10/08/2011,San Diego State,14,30,90,42,16,206,3,1,Texas Christian,27,52,234,22,14,212,2,2,H,-5,-13,-22,-144,20,2,-6,1,-1
631,10/08/2011,San Jose State,16,26,70,35,25,255,2,0,Brigham Young,29,44,224,24,14,219,2,1,V,-13.5,-13,-18,-154,11,11,36,0,-1
632,10/08/2011,South Carolina,54,48,288,43,30,351,0,1,Kentucky,3,27,79,26,4,17,4,2,H,20.5,51,21,209,17,26,334,-4,-1
633,10/08/2011,Southern Miss,63,50,283,25,22,301,0,1,Navy,35,61,421,12,7,148,0,0,V,0,28,-11,-138,13,15,153,0,1
634,10/08/2011,Stanford,48,35,161,35,27,392,1,1,Colorado,7,27,60,30,16,204,1,0,H,29.5,41,8,101,5,11,188,0,1
635,10/08/2011,Syracuse,37,40,170,34,19,186,0,0,Tulane,34,27,116,31,25,355,0,2,V,10,3,13,54,3,-6,-169,0,-2
636,10/08/2011,Temple,42,62,350,13,10,160,0,0,Ball State,0,25,81,34,19,155,2,1,V,9.5,42,37,269,-21,-9,5,-2,-1
637,10/08/2011,Tennessee,12,23,-20,40,22,290,0,0,Georgia,20,38,139,25,15,227,0,0,H,-3,-8,-15,-159,15,7,63,0,0
638,10/08/2011,Texas,17,45,36,36,20,223,2,3,Oklahoma,55,19,86,52,31,367,0,1,N,-11.5,-38,26,-50,-16,-11,-144,2,2
639,10/08/2011,Texas A+M,45,46,205,26,16,188,0,0,Texas Tech,40,39,132,66,44,391,0,0,V,9.5,5,7,73,-40,-28,-203,0,0
640,10/08/2011,Texas Christian,27,52,234,22,14,212,2,2,San Diego State,14,30,90,42,16,206,3,1,V,5,13,22,144,-20,-2,6,-1,1
641,10/08/2011,Texas Tech,40,39,132,66,44,391,0,0,Texas A+M,45,46,205,26,16,188,0,0,H,-9.5,-5,-7,-73,40,28,203,0,0
642,10/08/2011,Toledo,54,43,240,31,27,302,0,1,Eastern Michigan,16,32,89,24,13,138,2,1,H,21,38,11,151,7,14,164,-2,0
643,10/08/2011,Troy,17,27,77,55,39,325,1,1,UL-Lafayette,31,40,117,32,23,265,0,1,V,6.5,-14,-13,-40,23,16,60,1,0
644,10/08/2011,Tulane,34,27,116,31,25,355,0,2,Syracuse,37,40,170,34,19,186,0,0,H,-10,-3,-13,-54,-3,6,169,0,2
645,10/08/2011,U-A-B,3,35,145,36,18,195,1,1,Mississippi State,21,43,204,23,17,212,0,0,H,-20.5,-18,-8,-59,13,1,-17,1,1
646,10/08/2011,U-C-F,16,51,240,22,13,147,1,2,Marshall,6,21,43,29,11,87,0,1,H,19.5,10,30,197,-7,2,60,1,1
647,10/08/2011,U.C.L.A.,28,35,170,20,12,201,1,0,Washington State,25,40,154,40,28,235,1,0,H,4,3,-5,16,-20,-16,-34,0,0
648,10/08/2011,UL-Lafayette,31,40,117,32,23,265,0,1,Troy,17,27,77,55,39,325,1,1,H,-6.5,14,13,40,-23,-16,-60,-1,0
649,10/08/2011,UL-Monroe,19,37,69,55,26,298,3,1,Arkansas State,24,25,84,43,27,261,3,1,H,-2.5,-5,12,-15,12,-1,37,0,0
650,10/08/2011,Utah,14,30,121,30,18,199,3,2,Arizona State,35,38,74,41,25,325,0,0,H,-4,-21,-8,47,-11,-7,-126,3,2
651,10/08/2011,Utah State,63,53,318,23,17,230,0,1,Wyoming,19,27,129,46,28,265,1,1,H,10.5,44,26,189,-23,-11,-35,-1,0
652,10/08/2011,Vanderbilt,0,19,41,24,15,149,2,0,Alabama,34,43,153,33,26,266,0,0,V,-29,-34,-24,-112,-9,-11,-117,2,0
653,10/08/2011,Virginia Tech,38,38,172,25,23,310,0,1,Miami-Florida,35,38,236,22,14,283,0,0,H,7.5,3,0,-64,3,9,27,0,1
654,10/08/2011,Wake Forest,35,38,128,36,22,263,0,0,Florida State,30,27,110,46,25,315,4,1,H,-10,5,11,18,-10,-3,-52,-4,-1
655,10/08/2011,Washington State,25,40,154,40,28,235,1,0,U.C.L.A.,28,35,170,20,12,201,1,0,V,-4,-3,5,-16,20,16,34,0,0
656,10/08/2011,West Virginia,43,29,72,48,28,469,1,1,Connecticut,16,35,82,37,21,193,0,1,H,20,27,-6,-10,11,7,276,1,0
657,10/08/2011,Western Michigan,45,47,351,29,21,227,1,0,Bowling Green,21,26,118,35,21,263,1,0,H,10,24,21,233,-6,0,-36,0,0
658,10/08/2011,Wyoming,19,27,129,46,28,265,1,1,Utah State,63,53,318,23,17,230,0,1,V,-10.5,-44,-26,-189,23,11,35,1,0
659,10/13/2011,Air Force,27,47,195,37,22,224,2,1,San Diego State,41,35,201,21,15,209,0,1,H,7,-14,12,-6,16,7,15,2,0
660,10/13/2011,California,9,26,35,43,25,294,3,2,Southern Cal,30,37,118,35,19,195,0,2,N,-3,-21,-11,-83,8,6,99,3,0
661,10/13/2011,San Diego State,41,35,201,21,15,209,0,1,Air Force,27,47,195,37,22,224,2,1,V,-7,14,-12,6,-16,-7,-15,-2,0
662,10/13/2011,Southern Cal,30,37,118,35,19,195,0,2,California,9,26,35,43,25,294,3,2,N,3,21,11,83,-8,-6,-99,-3,0
663,10/14/2011,Hawaii,27,17,142,46,27,303,3,3,San Jose State,28,40,103,41,27,366,3,3,V,6,-1,-23,39,5,0,-63,0,0
664,10/14/2011,San Jose State,28,40,103,41,27,366,3,3,Hawaii,27,17,142,46,27,303,3,3,H,-6,1,23,-39,-5,0,63,0,0
665,10/15/2011,Alabama,52,42,389,25,20,226,0,0,Mississippi,7,31,28,21,10,113,1,1,V,28,45,11,361,4,10,113,-1,-1
666,10/15/2011,Arizona State,27,35,169,46,29,291,2,0,Oregon,41,49,327,22,15,209,1,1,V,-14.5,-14,-14,-158,24,14,82,1,-1
667,10/15/2011,Auburn,17,43,155,16,7,123,0,0,Florida,6,30,66,29,15,128,1,2,H,-2.5,11,13,89,-13,-8,-5,-1,-2
668,10/15/2011,Ball State,23,41,166,37,21,206,0,0,Ohio,20,30,130,31,19,283,2,1,V,-14.5,3,11,36,6,2,-77,-2,-1
669,10/15/2011,Baylor,28,31,54,40,28,430,1,0,Texas A+M,55,45,266,38,25,415,1,0,V,-8,-27,-14,-212,2,3,15,0,0
670,10/15/2011,Boise State,63,51,393,32,27,349,0,1,Colorado State,13,27,84,26,12,147,1,1,V,32.5,50,24,309,6,15,202,-1,0
671,10/15/2011,Bowling Green,21,33,123,42,21,220,1,0,Toledo,28,47,268,22,14,188,0,0,H,-9.5,-7,-14,-145,20,7,32,1,0
672,10/15/2011,Brigham Young,38,48,282,29,17,217,1,1,Oregon State,28,23,59,43,27,306,2,2,V,-3.5,10,25,223,-14,-10,-89,-1,-1
673,10/15/2011,Buffalo,0,28,71,26,9,84,1,0,Temple,34,65,400,11,7,58,0,0,V,-21.5,-34,-37,-329,15,2,26,1,0
674,10/15/2011,Central Michigan,28,32,98,50,33,351,1,0,Eastern Michigan,35,50,350,8,6,76,0,0,H,11,-7,-18,-252,42,27,275,1,0
675,10/15/2011,Cincinnati,25,36,178,26,18,152,1,0,Louisville,16,33,70,32,19,201,1,0,N,13,9,3,108,-6,-1,-49,0,0
676,10/15/2011,Clemson,56,42,306,38,26,270,1,1,Maryland,45,48,291,35,17,177,1,0,V,9.5,11,-6,15,3,9,93,0,1
677,10/15/2011,Colorado,24,27,62,38,22,207,0,0,Washington,52,40,295,30,23,267,0,1,V,-17.5,-28,-13,-233,8,-1,-60,0,-1
678,10/15/2011,Colorado State,13,27,84,26,12,147,1,1,Boise State,63,51,393,32,27,349,0,1,H,-32.5,-50,-24,-309,-6,-15,-202,1,0
679,10/15/2011,Connecticut,16,48,118,25,14,135,0,2,South Florida,10,36,175,27,15,164,2,2,H,-7.5,6,12,-57,-2,-1,-29,-2,0
680,10/15/2011,Duke,16,27,63,43,26,226,1,1,Florida State,41,45,242,14,9,239,0,2,H,-12,-25,-18,-179,29,17,-13,1,-1
681,10/15/2011,East Carolina,35,36,157,39,30,367,0,2,Memphis,17,29,56,30,15,177,2,0,V,13.5,18,7,101,9,15,190,-2,2
682,10/15/2011,Eastern Michigan,35,50,350,8,6,76,0,0,Central Michigan,28,32,98,50,33,351,1,0,V,-11,7,18,252,-42,-27,-275,-1,0
683,10/15/2011,Florida,6,30,66,29,15,128,1,2,Auburn,17,43,155,16,7,123,0,0,V,2.5,-11,-13,-89,13,8,5,1,2
684,10/15/2011,Florida Atlantic,0,25,25,24,12,96,0,0,Western Kentucky,20,50,204,15,8,85,0,0,H,2,-20,-25,-179,9,4,11,0,0
685,10/15/2011,Florida State,41,45,242,14,9,239,0,2,Duke,16,27,63,43,26,226,1,1,V,12,25,18,179,-29,-17,13,-1,1
686,10/15/2011,Fresno State,31,36,155,39,23,248,0,2,Utah State,21,41,260,31,15,194,0,1,H,-3,10,-5,-105,8,8,54,0,1
687,10/15/2011,Georgia,33,34,117,38,22,326,1,0,Vanderbilt,28,36,199,31,11,149,3,1,V,13.5,5,-2,-82,7,11,177,-2,-1
688,10/15/2011,Georgia Tech,21,53,272,8,2,24,2,0,Virginia,24,47,272,19,9,135,1,0,V,8,-3,6,0,-11,-7,-111,1,0
689,10/15/2011,Idaho,24,29,114,35,22,167,1,3,New Mexico State,31,41,192,23,15,202,0,1,V,1,-7,-12,-78,12,7,-35,1,2
690,10/15/2011,Illinois,7,35,116,34,20,169,2,1,Ohio State,17,51,211,4,1,17,0,0,H,3.5,-10,-16,-95,30,19,152,2,1
691,10/15/2011,Indiana,7,45,223,20,8,64,2,1,Wisconsin,59,42,332,23,14,192,0,0,V,-38,-52,3,-109,-3,-6,-128,2,1
692,10/15/2011,Iowa,41,28,155,22,14,224,1,0,Northwestern,31,41,153,51,37,342,1,1,H,6,10,-13,2,-29,-23,-118,0,-1
693,10/15/2011,Iowa State,17,36,157,40,20,186,1,2,Missouri,52,58,298,29,20,289,2,1,V,-17,-35,-22,-141,11,0,-103,-1,1
694,10/15/2011,Kansas,17,38,144,25,13,108,0,0,Oklahoma,47,40,247,48,29,363,1,2,H,-37.5,-30,-2,-103,-23,-16,-255,-1,-2
695,10/15/2011,Kansas State,41,47,193,18,12,146,0,0,Texas Tech,34,33,119,63,43,461,3,1,V,-3.5,7,14,74,-45,-31,-315,-3,-1
696,10/15/2011,Kent State,3,37,69,31,16,169,1,0,Miami-Ohio,9,34,41,27,13,125,0,2,H,-3,-6,3,28,4,3,44,1,-2
697,10/15/2011,Louisiana State,38,52,260,17,11,123,0,0,Tennessee,7,29,111,20,6,128,2,0,V,17,31,23,149,-3,5,-5,-2,0
698,10/15/2011,Louisville,16,33,70,32,19,201,1,0,Cincinnati,25,36,178,26,18,152,1,0,N,-13,-9,-3,-108,6,1,49,0,0
699,10/15/2011,Marshall,24,43,217,27,14,111,1,0,Rice,20,41,194,21,12,167,0,2,H,5.5,4,2,23,6,2,-56,1,-2
700,10/15/2011,Maryland,45,48,291,35,17,177,1,0,Clemson,56,42,306,38,26,270,1,1,H,-9.5,-11,6,-15,-3,-9,-93,0,-1
701,10/15/2011,Memphis,17,29,56,30,15,177,2,0,East Carolina,35,36,157,39,30,367,0,2,H,-13.5,-18,-7,-101,-9,-15,-190,2,-2
702,10/15/2011,Miami-Florida,30,27,44,30,20,267,0,1,North Carolina,24,42,141,38,29,288,0,2,V,-1.5,6,-15,-97,-8,-9,-21,0,-1
703,10/15/2011,Miami-Ohio,9,34,41,27,13,125,0,2,Kent State,3,36,75,31,16,169,1,0,V,3,6,-2,-34,-4,-3,-44,-1,2
704,10/15/2011,Michigan,14,36,82,31,12,168,1,0,Michigan State,28,39,213,24,13,120,0,2,V,-3,-14,-3,-131,7,-1,48,1,-2
705,10/15/2011,Michigan State,28,39,213,24,13,120,0,2,Michigan,14,36,82,31,12,168,1,0,H,3,14,3,131,-7,1,-48,-1,2
706,10/15/2011,Mississippi,7,31,28,21,10,113,1,1,Alabama,52,42,389,25,20,226,0,0,H,-28,-45,-11,-361,-4,-10,-113,1,1
707,10/15/2011,Mississippi State,12,37,131,30,11,165,2,0,South Carolina,14,43,110,32,22,179,2,0,H,-3.5,-2,-6,21,-2,-11,-14,0,0
708,10/15/2011,Missouri,52,58,294,29,20,289,2,1,Iowa State,17,36,157,40,20,186,1,2,H,17,35,22,137,-11,0,103,1,-1
709,10/15/2011,Navy,20,46,162,13,6,143,2,0,Rutgers,21,36,152,31,23,271,2,1,V,-3,-1,10,10,-18,-17,-128,0,-1
710,10/15/2011,Nevada-Las Vegas,14,48,154,21,9,104,1,1,Wyoming,41,45,231,20,11,124,0,1,V,-10.5,-27,3,-77,1,-2,-20,1,0
711,10/15/2011,Nevada-Reno,49,52,338,31,24,260,1,2,New Mexico,7,35,168,29,11,89,1,1,H,29.5,42,17,170,2,13,171,0,1
712,10/15/2011,New Mexico,7,35,168,29,11,89,1,1,Nevada-Reno,49,52,338,31,24,260,1,2,V,-29.5,-42,-17,-170,-2,-13,-171,0,-1
713,10/15/2011,New Mexico State,31,41,192,23,15,202,0,1,Idaho,24,29,114,35,22,167,1,3,H,-1,7,12,78,-12,-7,35,-1,-2
714,10/15/2011,North Carolina,24,42,141,38,29,288,0,2,Miami-Florida,30,27,44,30,20,267,0,1,H,1.5,-6,15,97,8,9,21,0,1
715,10/15/2011,North Texas,10,38,88,26,14,144,1,1,UL-Lafayette,30,36,95,22,15,250,0,2,V,-9,-20,2,-7,4,-1,-106,1,-1
716,10/15/2011,Northern Illinois,51,54,494,28,14,203,1,1,Western Michigan,22,32,85,48,29,233,2,0,H,1.5,29,22,409,-20,-15,-30,-1,1
717,10/15/2011,Northwestern,31,41,153,51,37,342,1,1,Iowa,41,28,155,22,14,224,1,0,V,-6,-10,13,-2,29,23,118,0,1
718,10/15/2011,Ohio,20,30,130,31,19,283,2,1,Ball State,23,41,166,37,21,206,0,0,H,14.5,-3,-11,-36,-6,-2,77,2,1
719,10/15/2011,Ohio State,17,51,211,4,1,17,0,0,Illinois,7,35,116,34,20,169,2,1,V,-3.5,10,16,95,-30,-19,-152,-2,-1
720,10/15/2011,Oklahoma,47,40,247,48,29,363,1,2,Kansas,17,38,144,25,13,108,0,0,V,37.5,30,2,103,23,16,255,1,2
721,10/15/2011,Oklahoma State,38,27,202,41,23,218,0,1,Texas,26,49,231,40,22,139,2,1,V,7.5,12,-22,-29,1,1,79,-2,0
722,10/15/2011,Oregon,41,49,327,22,15,209,1,1,Arizona State,27,35,169,46,29,291,2,0,H,14.5,14,14,158,-24,-14,-82,-1,1
723,10/15/2011,Oregon State,28,23,59,43,27,306,2,2,Brigham Young,38,48,282,29,17,217,1,1,H,3.5,-10,-25,-223,14,10,89,1,1
724,10/15/2011,Penn State,23,48,182,23,10,185,1,0,Purdue,18,33,162,30,14,182,3,0,H,12,5,15,20,-7,-4,3,-2,0
725,10/15/2011,Pittsburgh,14,31,64,30,9,56,2,1,Utah,26,52,124,23,14,127,0,0,H,6,-12,-21,-60,7,-5,-71,2,1
726,10/15/2011,Purdue,18,33,162,30,14,182,3,0,Penn State,23,48,182,23,10,185,1,0,V,-12,-5,-15,-20,7,4,-3,2,0
727,10/15/2011,Rice,20,41,194,21,12,167,0,2,Marshall,24,43,217,27,14,111,1,0,V,-5.5,-4,-2,-23,-6,-2,56,-1,2
728,10/15/2011,Rutgers,21,36,152,31,23,271,2,1,Navy,20,46,156,13,6,149,2,0,H,3,1,-10,-4,18,17,122,0,1
729,10/15/2011,S-M-U,38,16,82,31,20,358,1,0,U-C-F,17,36,110,44,32,349,0,0,H,3.5,21,-20,-28,-13,-12,9,1,0
730,10/15/2011,South Carolina,14,43,110,32,22,179,2,0,Mississippi State,12,37,131,30,11,165,2,0,V,3.5,2,6,-21,2,11,14,0,0
731,10/15/2011,South Florida,10,36,175,27,15,164,2,2,Connecticut,16,48,118,25,14,135,0,2,V,7.5,-6,-12,57,2,1,29,2,0
732,10/15/2011,Stanford,44,30,139,36,23,336,1,1,Washington State,14,28,48,39,24,209,0,1,V,20,30,2,91,-3,-1,127,1,0
733,10/15/2011,Temple,34,65,400,11,7,58,0,0,Buffalo,0,28,71,26,9,84,1,0,H,21.5,34,37,329,-15,-2,-26,-1,0
734,10/15/2011,Tennessee,7,29,110,20,6,128,2,0,Louisiana State,38,52,260,17,11,123,0,0,H,-17,-31,-23,-150,3,-5,5,2,0
735,10/15/2011,Texas,26,49,231,40,22,139,2,1,Oklahoma State,38,27,202,41,23,218,0,1,H,-7.5,-12,22,29,-1,-1,-79,2,0
736,10/15/2011,Texas A+M,55,45,266,38,25,415,1,0,Baylor,28,31,50,40,28,430,1,0,H,8,27,14,216,-2,-3,-15,0,0
737,10/15/2011,Texas Tech,34,33,119,63,43,461,3,1,Kansas State,41,47,193,18,12,146,0,0,H,3.5,-7,-14,-74,45,31,315,3,1
738,10/15/2011,Toledo,28,47,268,22,14,188,0,0,Bowling Green,21,33,123,42,21,220,1,0,V,9.5,7,14,145,-20,-7,-32,-1,0
739,10/15/2011,Troy,10,21,-14,36,20,140,2,1,UL-Monroe,38,44,248,33,23,275,0,2,H,7,-28,-23,-262,3,-3,-135,2,-1
740,10/15/2011,Tulane,7,24,128,48,21,237,4,0,UTEP,44,43,266,17,7,124,2,1,H,1.5,-37,-19,-138,31,14,113,2,-1
741,10/15/2011,Tulsa,37,44,218,43,31,341,1,3,U-A-B,20,27,81,44,21,298,2,0,H,21.5,17,17,137,-1,10,43,-1,3
742,10/15/2011,U-A-B,20,27,81,44,21,298,2,0,Tulsa,37,44,218,43,31,341,1,3,V,-21.5,-17,-17,-137,1,-10,-43,1,-3
743,10/15/2011,U-C-F,17,36,110,44,32,349,0,0,S-M-U,38,16,82,31,20,358,1,0,V,-3.5,-21,20,28,13,12,-9,-1,0
744,10/15/2011,UL-Lafayette,30,36,95,22,15,250,0,2,North Texas,10,38,88,26,14,144,1,1,H,9,20,-2,7,-4,1,106,-1,1
745,10/15/2011,UL-Monroe,38,44,248,33,23,275,0,2,Troy,10,21,-14,36,20,140,2,1,V,-7,28,23,262,-3,3,135,-2,1
746,10/15/2011,UTEP,44,43,266,17,7,124,2,1,Tulane,7,24,128,48,21,237,4,0,V,-1.5,37,19,138,-31,-14,-113,-2,1
747,10/15/2011,Utah,26,52,124,23,14,127,0,0,Pittsburgh,14,31,70,30,9,50,2,1,V,-6,12,21,54,-7,5,77,-2,-1
748,10/15/2011,Utah State,21,40,245,32,16,209,0,1,Fresno State,31,37,134,39,23,248,0,2,V,3,-10,3,111,-7,-7,-39,0,-1
749,10/15/2011,Vanderbilt,28,36,200,31,11,149,3,1,Georgia,33,34,117,38,22,326,1,0,H,-13.5,-5,2,83,-7,-11,-177,2,1
750,10/15/2011,Virginia,24,47,272,19,9,135,1,0,Georgia Tech,21,53,272,8,2,24,2,0,H,-8,3,-6,0,11,7,111,-1,0
751,10/15/2011,Virginia Tech,38,40,193,32,17,280,0,0,Wake Forest,17,31,59,36,20,261,1,0,V,7.5,21,9,134,-4,-3,19,-1,0
752,10/15/2011,Wake Forest,17,31,59,36,20,261,1,0,Virginia Tech,38,40,193,32,17,280,0,0,H,-7.5,-21,-9,-134,4,3,-19,1,0
753,10/15/2011,Washington,52,40,295,30,23,267,0,1,Colorado,24,27,62,38,22,207,0,0,H,17.5,28,13,233,-8,1,60,0,1
754,10/15/2011,Washington State,14,28,48,39,24,209,0,1,Stanford,44,30,139,36,23,336,1,1,H,-20,-30,-2,-91,3,1,-127,-1,0
755,10/15/2011,Western Kentucky,20,50,204,15,8,85,0,0,Florida Atlantic,0,23,31,26,14,90,0,0,V,-2,20,27,173,-11,-6,-5,0,0
756,10/15/2011,Western Michigan,22,31,91,48,29,233,2,0,Northern Illinois,51,54,494,28,14,203,1,1,V,-1.5,-29,-23,-403,20,15,30,1,-1
757,10/15/2011,Wisconsin,59,42,332,23,14,192,0,0,Indiana,7,45,223,20,8,64,2,1,H,38,52,-3,109,3,6,128,-2,-1
758,10/15/2011,Wyoming,41,46,210,20,11,124,0,1,Nevada-Las Vegas,14,47,139,22,10,119,1,1,H,10.5,27,-1,71,-2,1,5,-1,0
759,10/18/2011,Arkansas State,34,45,238,24,14,147,1,0,Florida Intl,16,29,66,37,23,223,1,1,H,3.5,18,16,172,-13,-9,-76,0,-1
760,10/18/2011,Florida Intl,16,29,66,37,23,223,1,1,Arkansas State,34,45,238,24,14,147,1,0,V,-3.5,-18,-16,-172,13,9,76,0,1
761,10/20/2011,Arizona,48,46,254,44,28,319,1,0,U.C.L.A.,12,25,37,35,17,286,0,2,H,5,36,21,217,9,11,33,1,-2
762,10/20/2011,U-A-B,26,36,174,42,31,327,2,0,U-C-F,24,24,96,32,19,235,2,0,H,-17,2,12,78,10,12,92,0,0
763,10/20/2011,U-C-F,24,24,96,32,19,235,2,0,U-A-B,26,36,174,42,31,327,2,0,V,17,-2,-12,-78,-10,-12,-92,0,0
764,10/20/2011,U.C.L.A.,12,25,37,35,17,286,0,2,Arizona,48,46,254,44,28,319,1,0,V,-5,-36,-21,-217,-9,-11,-33,-1,2
765,10/21/2011,Louisville,16,34,187,18,10,122,1,0,Rutgers,14,30,91,33,18,207,3,0,H,-1,2,4,96,-15,-8,-85,-2,0
766,10/21/2011,Rutgers,14,30,91,33,18,207,3,0,Louisville,16,34,187,18,10,122,1,0,V,1,-2,-4,-96,15,8,85,2,0
767,10/21/2011,Syracuse,49,41,194,33,25,249,0,0,West Virginia,23,24,70,41,24,338,2,0,H,-14.5,26,17,124,-8,1,-89,-2,0
768,10/21/2011,West Virginia,23,24,70,41,24,338,2,0,Syracuse,49,41,194,33,25,249,0,0,V,14.5,-26,-17,-124,8,-1,89,2,0
769,10/22/2011,Air Force,26,65,264,17,8,144,1,1,Boise State,37,26,142,29,23,281,1,1,V,-28,-11,39,122,-12,-15,-137,0,0
770,10/22/2011,Akron,20,35,81,33,17,168,0,1,Ohio,37,49,212,31,23,344,1,2,H,-14,-17,-14,-131,2,-6,-176,-1,-1
771,10/22/2011,Alabama,37,38,143,28,18,294,1,0,Tennessee,6,32,92,18,9,63,1,1,H,30,31,6,51,10,9,231,0,-1
772,10/22/2011,Arkansas,29,29,206,28,13,232,0,1,Mississippi,24,46,151,30,18,219,1,0,V,15.5,5,-17,55,-2,-5,13,-1,1
773,10/22/2011,Army,21,51,270,6,1,18,0,3,Vanderbilt,44,54,344,27,10,186,2,0,V,-10.5,-23,-3,-74,-21,-9,-168,-2,3
774,10/22/2011,Auburn,10,34,87,24,14,161,1,1,Louisiana State,45,36,174,23,16,219,0,0,V,-20.5,-35,-2,-87,1,-2,-58,1,1
775,10/22/2011,Ball State,31,31,130,38,27,325,1,0,Central Michigan,27,29,133,45,30,436,1,2,H,2.5,4,2,-3,-7,-3,-111,0,-2
776,10/22/2011,Boise State,37,25,132,30,24,291,1,1,Air Force,26,65,264,17,8,144,1,1,H,28,11,-40,-132,13,16,147,0,0
777,10/22/2011,Boston College,14,29,91,30,13,181,1,1,Virginia Tech,30,40,214,36,22,268,0,0,V,-21.5,-16,-11,-123,-6,-9,-87,1,1
778,10/22/2011,Bowling Green,13,34,114,34,20,204,0,0,Temple,10,49,218,13,7,66,0,0,H,-12.5,3,-15,-104,21,13,138,0,0
779,10/22/2011,Brigham Young,56,44,290,27,19,282,1,2,Idaho State,3,19,20,60,34,231,3,0,H, ,53,25,270,-33,-15,51,-2,2
780,10/22/2011,Buffalo,30,38,168,54,35,404,2,3,Northern Illinois,31,47,178,26,11,150,0,0,H,-14,-1,-9,-10,28,24,254,2,3
781,10/22/2011,California,34,42,129,29,19,255,0,0,Utah,10,26,13,24,12,165,3,1,H,1,24,16,116,5,7,90,-3,-1
782,10/22/2011,Central Michigan,27,29,133,45,30,436,1,2,Ball State,31,31,130,38,27,325,1,0,V,-2.5,-4,-2,3,7,3,111,0,2
783,10/22/2011,Cincinnati,37,34,118,41,26,389,2,1,South Florida,34,36,86,48,31,409,1,3,V,-3,3,-2,32,-7,-5,-20,1,-2
784,10/22/2011,Clemson,59,36,77,48,28,373,0,1,North Carolina,38,28,102,35,20,316,3,3,H,10,21,8,-25,13,8,57,-3,-2
785,10/22/2011,Colorado,2,39,98,33,15,133,1,0,Oregon,45,48,371,21,11,156,0,0,H,-31,-43,-9,-273,12,4,-23,1,0
786,10/22/2011,Colorado State,17,43,93,33,19,162,1,1,UTEP,31,35,330,16,9,126,1,1,V,-10,-14,8,-237,17,10,36,0,0
787,10/22/2011,Duke,23,44,148,47,29,224,1,0,Wake Forest,24,26,90,25,15,215,0,0,H,-3.5,-1,18,58,22,14,9,1,0
788,10/22/2011,East Carolina,38,44,132,45,40,372,0,0,Navy,35,51,284,16,7,136,0,1,V,-12.5,3,-7,-152,29,33,236,0,-1
789,10/22/2011,Eastern Michigan,14,50,205,9,6,144,0,1,Western Michigan,10,30,131,35,25,198,0,0,H,-12,4,20,74,-26,-19,-54,0,1
790,10/22/2011,Florida Atlantic,14,35,141,29,14,135,1,5,Middle Tennessee,38,48,187,42,31,292,2,1,H,-4.5,-24,-13,-46,-13,-17,-157,-1,4
791,10/22/2011,Florida State,41,44,218,26,18,264,1,0,Maryland,16,37,59,38,20,272,0,0,H,18.5,25,7,159,-12,-2,-8,1,0
792,10/22/2011,Fresno State,38,33,207,37,20,315,0,2,Nevada-Reno,45,48,258,28,20,323,0,0,V,-12,-7,-15,-51,9,0,-8,0,2
793,10/22/2011,Georgia Tech,7,48,134,14,7,77,1,2,Miami-Florida,24,41,124,23,8,140,1,0,V,-3,-17,7,10,-9,-1,-63,0,2
794,10/22/2011,Hawaii,45,37,227,41,26,276,0,1,New Mexico State,34,32,148,37,20,284,0,1,H,22.5,11,5,79,4,6,-8,0,0
795,10/22/2011,Houston,63,20,142,37,29,479,0,0,Marshall,28,47,197,39,29,309,2,0,H,24,35,-27,-55,-2,0,170,-2,0
796,10/22/2011,Illinois,14,33,121,41,26,245,1,0,Purdue,21,42,126,25,16,178,0,1,V,3,-7,-9,-5,16,10,67,1,-1
797,10/22/2011,Indiana,24,47,217,24,16,197,0,0,Iowa,45,42,203,16,12,253,0,0,V,-23,-21,5,14,8,4,-56,0,0
798,10/22/2011,Iowa,45,42,203,16,12,253,0,0,Indiana,24,47,217,24,16,197,0,0,H,23,21,-5,-14,-8,-4,56,0,0
799,10/22/2011,Iowa State,17,33,125,40,16,180,1,0,Texas A+M,33,47,247,43,24,263,0,1,H,-21.5,-16,-14,-122,-3,-8,-83,1,-1
800,10/22/2011,Kansas,21,37,76,36,25,210,0,2,Kansas State,59,42,261,21,14,205,0,0,H,-11,-38,-5,-185,15,11,5,0,2
801,10/22/2011,Kansas State,59,42,261,21,14,205,0,0,Kansas,21,37,76,36,25,210,0,2,V,11,38,5,185,-15,-11,-5,0,-2
802,10/22/2011,Kentucky,38,55,340,16,10,105,0,2,Jacksonville St,14,33,158,25,11,112,2,1,H, ,24,22,182,-9,-1,-7,-2,1
803,10/22/2011,Louisiana State,45,33,151,26,19,242,0,0,Auburn,10,34,87,24,14,161,1,1,H,20.5,35,-1,64,2,5,81,-1,-1
804,10/22/2011,Louisiana Tech,24,40,86,29,15,146,0,0,Utah State,17,46,166,24,16,128,1,0,V,-6,7,-6,-80,5,-1,18,-1,0
805,10/22/2011,Marshall,28,47,197,39,29,309,2,0,Houston,63,20,142,37,29,479,0,0,V,-24,-35,27,55,2,0,-170,2,0
806,10/22/2011,Maryland,16,37,59,38,20,272,0,0,Florida State,41,44,218,26,18,264,1,0,V,-18.5,-25,-7,-159,12,2,8,-1,0
807,10/22/2011,Memphis,33,33,76,26,14,213,1,0,Tulane,17,31,82,50,31,377,2,1,V,-12.5,16,2,-6,-24,-17,-164,-1,-1
808,10/22/2011,Miami-Florida,24,41,122,23,8,140,1,0,Georgia Tech,7,48,134,14,7,77,1,2,H,3,17,-7,-12,9,1,63,0,-2
809,10/22/2011,Miami-Ohio,28,21,14,43,28,394,2,1,Toledo,49,45,269,28,18,228,0,0,V,-16.5,-21,-24,-255,15,10,166,2,1
810,10/22/2011,Michigan State,37,32,109,31,22,290,0,1,Wisconsin,31,41,220,21,14,223,2,0,H,-7.5,6,-9,-111,10,8,67,-2,1
811,10/22/2011,Middle Tennessee,38,48,187,42,31,292,2,1,Florida Atlantic,14,35,141,29,14,135,1,5,V,4.5,24,13,46,13,17,157,1,-4
812,10/22/2011,Minnesota,14,39,132,18,9,122,0,1,Nebraska,41,56,346,23,14,169,0,0,H,-24,-27,-17,-214,-5,-5,-47,0,1
813,10/22/2011,Mississippi,24,46,151,30,18,219,1,0,Arkansas,29,29,206,28,13,232,0,1,H,-15.5,-5,17,-55,2,5,-13,1,-1
814,10/22/2011,Missouri,24,52,248,28,15,215,3,1,Oklahoma State,45,31,195,50,33,338,1,0,H,-7,-21,21,53,-22,-18,-123,2,1
815,10/22/2011,Navy,35,51,284,16,7,136,0,1,East Carolina,38,44,132,45,40,372,0,0,H,12.5,-3,7,152,-29,-33,-236,0,1
816,10/22/2011,Nebraska,41,56,346,23,14,169,0,0,Minnesota,14,39,132,18,9,122,0,1,V,24,27,17,214,5,5,47,0,-1
817,10/22/2011,Nevada-Reno,45,48,268,27,19,313,0,0,Fresno State,38,33,207,37,20,315,0,2,H,12,7,15,61,-10,-1,-2,0,-2
818,10/22/2011,New Mexico,0,37,64,11,8,21,0,3,Texas Christian,69,44,264,21,15,251,0,0,V,-44.5,-69,-7,-200,-10,-7,-230,0,3
819,10/22/2011,New Mexico State,34,32,148,37,20,284,0,1,Hawaii,45,37,227,41,26,276,0,1,V,-22.5,-11,-5,-79,-4,-6,8,0,0
820,10/22/2011,No Carolina State,28,38,114,36,20,231,2,0,Virginia,14,33,124,35,11,125,3,1,V,-4.5,14,5,-10,1,9,106,-1,-1
821,10/22/2011,North Carolina,38,28,102,35,20,316,3,3,Clemson,59,36,77,48,28,373,0,1,V,-10,-21,-8,25,-13,-8,-57,3,2
822,10/22/2011,North Texas,38,33,127,39,23,332,0,0,UL-Monroe,21,35,142,35,16,201,1,1,H,-6,17,-2,-15,4,7,131,-1,-1
823,10/22/2011,Northern Illinois,31,47,178,26,11,150,0,0,Buffalo,30,38,168,54,35,404,2,3,V,14,1,9,10,-28,-24,-254,-2,-3
824,10/22/2011,Northwestern,24,37,94,39,28,312,1,0,Penn State,34,38,197,27,17,192,0,1,H,-4,-10,-1,-103,12,11,120,1,-1
825,10/22/2011,Notre Dame,17,14,41,43,27,226,1,2,Southern Cal,31,44,219,35,24,224,0,0,H,9.5,-14,-30,-178,8,3,2,1,2
826,10/22/2011,Ohio,37,48,198,32,24,358,1,1,Akron,20,35,81,33,17,168,0,1,V,14,17,13,117,-1,7,190,1,0
827,10/22/2011,Oklahoma,38,25,124,55,30,412,1,1,Texas Tech,41,43,120,53,34,452,0,0,H,29,-3,-18,4,2,-4,-40,1,1
828,10/22/2011,Oklahoma State,45,31,195,50,33,338,1,0,Missouri,24,52,248,28,15,215,3,1,V,7,21,-21,-53,22,18,123,-2,-1
829,10/22/2011,Oregon,45,48,371,21,11,156,0,0,Colorado,2,39,98,33,15,133,1,0,V,31,43,9,273,-12,-4,23,-1,0
830,10/22/2011,Oregon State,44,34,175,34,26,376,1,0,Washington State,21,29,83,33,21,232,1,2,N,-3,23,5,92,1,5,144,0,-2
831,10/22/2011,Penn State,34,38,197,27,17,192,0,1,Northwestern,24,37,94,39,28,312,1,0,V,4,10,1,103,-12,-11,-120,-1,1
832,10/22/2011,Purdue,21,42,126,25,16,178,0,1,Illinois,14,33,121,41,26,245,1,0,H,-3,7,9,5,-16,-10,-67,-1,1
833,10/22/2011,Rice,20,35,103,42,22,250,2,2,Tulsa,38,42,155,34,21,318,0,1,H,-10.5,-18,-7,-52,8,1,-68,2,1
834,10/22/2011,S-M-U,3,24,157,32,16,173,2,0,Southern Miss,27,42,187,37,27,266,1,1,V,-3,-24,-18,-30,-5,-11,-93,1,-1
835,10/22/2011,South Florida,34,36,86,48,31,409,1,3,Cincinnati,37,34,118,41,26,389,2,1,H,3,-3,2,-32,7,5,20,-1,2
836,10/22/2011,Southern Cal,31,44,219,35,24,224,0,0,Notre Dame,17,14,41,43,27,226,1,2,V,-9.5,14,30,178,-8,-3,-2,-1,-2
837,10/22/2011,Southern Miss,27,42,187,37,27,266,1,1,S-M-U,3,24,157,32,16,173,2,0,H,3,24,18,30,5,11,93,-1,1
838,10/22/2011,Stanford,65,44,446,22,16,169,0,0,Washington,21,26,172,38,24,258,2,1,H,19.5,44,18,274,-16,-8,-89,-2,-1
839,10/22/2011,Temple,10,49,218,13,7,66,0,0,Bowling Green,13,34,114,34,20,204,0,0,V,12.5,-3,15,104,-21,-13,-138,0,0
840,10/22/2011,Tennessee,6,32,92,18,9,63,1,1,Alabama,37,35,120,31,21,317,1,0,V,-30,-31,-3,-28,-13,-12,-254,0,1
841,10/22/2011,Texas A+M,33,47,247,43,24,263,0,1,Iowa State,17,33,125,40,16,180,1,0,V,21.5,16,14,122,3,8,83,-1,1
842,10/22/2011,Texas Christian,69,44,264,21,15,251,0,0,New Mexico,0,37,64,11,8,21,0,3,H,44.5,69,7,200,10,7,230,0,-3
843,10/22/2011,Texas Tech,41,43,120,53,34,452,0,0,Oklahoma,38,25,124,55,30,412,1,1,V,-29,3,18,-4,-2,4,40,-1,-1
844,10/22/2011,Toledo,49,45,269,28,18,228,0,0,Miami-Ohio,28,21,14,43,28,394,2,1,H,16.5,21,24,255,-15,-10,-166,-2,-1
845,10/22/2011,Tulane,17,31,82,50,31,377,2,1,Memphis,33,33,76,26,14,213,1,0,H,12.5,-16,-2,6,24,17,164,1,1
846,10/22/2011,Tulsa,38,42,155,34,21,318,0,1,Rice,20,35,103,42,22,250,2,2,V,10.5,18,7,52,-8,-1,68,-2,-1
847,10/22/2011,UL-Lafayette,23,21,121,52,32,419,1,1,Western Kentucky,42,44,234,19,16,273,1,0,V,3,-19,-23,-113,33,16,146,0,1
848,10/22/2011,UL-Monroe,21,35,142,35,16,201,1,1,North Texas,38,33,127,39,23,332,0,0,V,6,-17,2,15,-4,-7,-131,1,1
849,10/22/2011,UTEP,31,36,340,15,8,116,1,1,Colorado State,17,43,93,33,19,162,1,1,H,10,14,-7,247,-18,-11,-46,0,0
850,10/22/2011,Utah,10,26,13,24,12,165,3,1,California,34,42,129,29,19,255,0,0,V,-1,-24,-16,-116,-5,-7,-90,3,1
851,10/22/2011,Utah State,17,46,156,25,17,138,1,0,Louisiana Tech,24,40,86,29,15,146,0,0,H,6,-7,6,70,-4,2,-8,1,0
852,10/22/2011,Vanderbilt,44,54,343,27,10,186,2,0,Army,21,51,270,6,1,18,0,3,H,10.5,23,3,73,21,9,168,2,-3
853,10/22/2011,Virginia,14,33,126,35,11,125,3,1,No Carolina State,28,38,114,36,20,231,2,0,H,4.5,-14,-5,12,-1,-9,-106,1,1
854,10/22/2011,Virginia Tech,30,40,214,36,22,268,0,0,Boston College,14,29,91,30,13,181,1,1,H,21.5,16,11,123,6,9,87,-1,-1
855,10/22/2011,Wake Forest,24,26,90,25,15,215,0,0,Duke,23,44,148,47,29,224,1,0,V,3.5,1,-18,-58,-22,-14,-9,-1,0
856,10/22/2011,Washington,21,26,172,38,24,258,2,1,Stanford,65,44,446,22,16,169,0,0,V,-19.5,-44,-18,-274,16,8,89,2,1
857,10/22/2011,Washington State,21,29,83,33,21,232,1,2,Oregon State,44,34,175,34,26,376,1,0,N,3,-23,-5,-92,-1,-5,-144,0,2
858,10/22/2011,Western Kentucky,42,44,234,19,16,273,1,0,UL-Lafayette,23,21,121,52,32,419,1,1,H,-3,19,23,113,-33,-16,-146,0,-1
859,10/22/2011,Western Michigan,10,30,131,35,25,198,0,0,Eastern Michigan,14,50,205,9,6,144,0,1,V,12,-4,-20,-74,26,19,54,0,-1
860,10/22/2011,Wisconsin,31,41,220,21,14,223,2,0,Michigan State,37,32,109,31,22,290,0,1,V,7.5,-6,9,111,-10,-8,-67,2,-1
861,10/25/2011,Florida Intl,23,52,236,37,20,285,1,3,Troy,20,25,84,34,20,215,2,0,H,7,3,27,152,3,0,70,-1,3
862,10/25/2011,Troy,20,25,84,34,20,215,2,0,Florida Intl,23,52,236,37,20,285,1,3,V,-7,-3,-27,-152,-3,0,-70,1,-3
863,10/26/2011,Connecticut,20,37,114,34,18,202,0,0,Pittsburgh,35,28,96,43,30,433,0,0,V,-10,-15,9,18,-9,-12,-231,0,0
864,10/26/2011,Pittsburgh,35,28,96,43,30,433,0,0,Connecticut,20,37,114,34,18,202,0,0,H,10,15,-9,-18,9,12,231,0,0
865,10/27/2011,Houston,73,26,122,40,24,534,1,2,Rice,34,60,359,19,7,116,0,1,H,27.5,39,-34,-237,21,17,418,1,1
866,10/27/2011,Miami-Florida,21,28,85,32,23,347,0,1,Virginia,28,42,207,21,12,263,0,0,H,14,-7,-14,-122,11,11,84,0,1
867,10/27/2011,Rice,34,60,359,19,7,116,0,1,Houston,73,26,122,40,24,534,1,2,V,-27.5,-39,34,237,-21,-17,-418,-1,-1
868,10/27/2011,Virginia,28,42,207,21,12,263,0,0,Miami-Florida,21,28,85,32,23,347,0,1,V,-14,7,14,122,-11,-11,-84,0,-1
869,10/28/2011,Brigham Young,28,50,139,31,15,215,2,1,Texas Christian,38,38,141,24,14,148,0,0,V,-13,-10,12,-2,7,1,67,2,1
870,10/28/2011,Texas Christian,38,39,136,23,13,147,0,0,Brigham Young,28,50,139,31,15,215,2,1,H,13,10,-11,-3,-8,-2,-68,-2,-1
871,10/29/2011,Air Force,42,61,335,3,2,26,0,1,New Mexico,0,27,114,28,17,109,2,1,V,30.5,42,34,221,-25,-15,-83,-2,0
872,10/29/2011,Akron,22,33,138,41,26,269,1,0,Central Michigan,23,32,192,31,17,191,0,0,H,-7,-1,1,-54,10,9,78,1,0
873,10/29/2011,Arizona,31,19,36,50,32,388,3,1,Washington,42,43,179,31,17,310,3,0,V,-4,-11,-24,-143,19,15,78,0,1
874,10/29/2011,Arizona State,48,36,207,29,19,315,0,1,Colorado,14,32,83,42,26,337,2,3,H,31,34,4,124,-13,-7,-22,-2,-2
875,10/29/2011,Arkansas,31,26,72,43,27,316,0,2,Vanderbilt,28,42,222,28,15,240,1,2,V,9.55,3,-16,-150,15,12,76,-1,0
876,10/29/2011,Arkansas State,37,38,218,42,28,322,1,1,North Texas,14,33,142,28,15,141,1,0,H,17.5,23,5,76,14,13,181,0,1
877,10/29/2011,Army,55,60,514,2,1,30,0,2,Fordham,0,37,69,9,3,17,1,1,H, ,55,23,445,-7,-2,13,-1,1
878,10/29/2011,Auburn,41,50,254,15,12,160,0,2,Mississippi,23,44,220,28,16,162,1,2,H,13,18,6,34,-13,-4,-2,-1,0
879,10/29/2011,Ball State,35,37,220,50,35,335,2,0,Western Michigan,45,39,145,42,30,465,3,1,V,-12,-10,-2,75,8,5,-130,-1,-1
880,10/29/2011,Baylor,24,54,176,51,34,446,2,3,Oklahoma State,59,27,327,36,24,274,0,1,V,-14.5,-35,27,-151,15,10,172,2,2
881,10/29/2011,Boston College,28,62,372,12,5,32,1,3,Maryland,17,36,197,41,16,179,2,0,V,-6.5,11,26,175,-29,-11,-147,-1,3
882,10/29/2011,Bowling Green,15,28,45,49,29,400,2,2,Kent State,27,36,140,23,16,179,0,2,V,4,-12,-8,-95,26,13,221,2,0
883,10/29/2011,Buffalo,13,34,77,41,24,281,2,1,Miami-Ohio,41,31,128,26,20,313,1,1,V,-4,-28,3,-51,15,4,-32,1,0
884,10/29/2011,California,14,33,134,30,14,199,4,1,U.C.L.A.,31,52,294,18,9,92,0,2,V,5,-17,-19,-160,12,5,107,4,-1
885,10/29/2011,Central Michigan,23,32,192,31,17,191,0,0,Akron,22,33,138,41,26,269,1,0,V,7,1,-1,54,-10,-9,-78,-1,0
886,10/29/2011,Clemson,17,24,95,41,24,304,2,2,Georgia Tech,31,67,383,9,4,60,1,1,V,3.5,-14,-43,-288,32,20,244,1,1
887,10/29/2011,Colorado,14,32,83,42,26,337,2,3,Arizona State,48,36,207,29,19,315,0,1,V,-31,-34,-4,-124,13,7,22,2,2
888,10/29/2011,Colorado State,35,47,250,30,17,230,1,2,Nevada-Las Vegas,38,46,244,16,11,117,1,0,V,2.5,-3,1,6,14,6,113,0,2
889,10/29/2011,Duke,10,28,100,40,19,226,3,1,Virginia Tech,14,42,243,28,17,190,2,0,H,-15,-4,-14,-143,12,2,36,1,1
890,10/29/2011,East Carolina,34,34,125,47,30,336,1,1,Tulane,13,35,134,31,16,132,1,1,H,16.5,21,-1,-9,16,14,204,0,0
891,10/29/2011,Florida,20,22,-19,34,12,245,0,2,Georgia,24,49,185,34,15,169,1,0,N,-3,-4,-27,-204,0,-3,76,-1,2
892,10/29/2011,Florida State,34,37,123,34,25,321,1,0,No Carolina State,0,28,36,34,19,130,2,1,H,18.5,34,9,87,0,6,191,-1,-1
893,10/29/2011,Georgia,24,49,185,34,15,169,1,0,Florida,20,22,-19,34,12,245,0,2,N,3,4,27,204,0,3,-76,1,-2
894,10/29/2011,Georgia Tech,31,67,383,9,4,60,1,1,Clemson,17,24,95,41,24,304,2,2,H,-3.5,14,43,288,-32,-20,-244,-1,-1
895,10/29/2011,Hawaii,16,21,15,53,32,338,1,2,Idaho,14,38,149,24,11,85,2,0,V,7,2,-17,-134,29,21,253,-1,2
896,10/29/2011,Idaho,14,38,149,24,11,85,2,0,Hawaii,16,21,15,53,32,338,1,2,H,-7,-2,17,134,-29,-21,-253,1,-2
897,10/29/2011,Illinois,7,50,192,24,13,94,2,2,Penn State,10,41,111,28,9,98,1,2,V,-5.5,-3,9,81,-4,4,-4,1,0
898,10/29/2011,Indiana,38,49,319,26,14,169,1,0,Northwestern,59,56,317,23,18,299,0,1,H,-9,-21,-7,2,3,-4,-130,1,-1
899,10/29/2011,Iowa,21,42,269,24,16,177,0,1,Minnesota,22,40,178,17,11,193,0,1,V,16.5,-1,2,91,7,5,-16,0,0
900,10/29/2011,Iowa State,41,67,368,26,14,144,0,1,Texas Tech,7,26,99,38,18,191,2,1,V,-14.5,34,41,269,-12,-4,-47,-2,0
901,10/29/2011,Kansas,0,20,-3,16,7,49,1,1,Texas,43,72,441,21,16,149,1,1,V,-28,-43,-52,-444,-5,-9,-100,0,0
902,10/29/2011,Kansas State,17,43,182,16,8,58,0,1,Oklahoma,58,25,169,50,37,521,2,0,H,-13,-41,18,13,-34,-29,-463,-2,1
903,10/29/2011,Kent State,27,36,140,23,16,179,0,2,Bowling Green,15,28,45,49,29,400,2,2,H,-4,12,8,95,-26,-13,-221,-2,0
904,10/29/2011,Kentucky,16,39,118,38,29,189,0,0,Mississippi State,28,32,134,21,15,264,1,2,H,-10,-12,7,-16,17,14,-75,-1,-2
905,10/29/2011,Louisiana Tech,38,61,260,27,17,237,0,2,San Jose State,28,17,12,50,34,338,4,1,H,7,10,44,248,-23,-17,-101,-4,1
906,10/29/2011,Louisville,27,33,145,24,17,198,0,1,Syracuse,10,24,84,36,22,162,0,0,H,3,17,9,61,-12,-5,36,0,1
907,10/29/2011,Marshall,59,36,138,30,21,291,1,0,U-A-B,14,34,70,43,21,240,3,2,H,5,45,2,68,-13,0,51,-2,-2
908,10/29/2011,Maryland,17,36,197,41,16,179,2,0,Boston College,28,62,372,12,5,32,1,3,H,6.5,-11,-26,-175,29,11,147,1,-3
909,10/29/2011,Memphis,0,21,33,25,10,101,0,1,U-C-F,41,49,261,27,20,244,0,0,V,-29.5,-41,-28,-228,-2,-10,-143,0,1
910,10/29/2011,Miami-Ohio,41,31,128,26,20,313,1,1,Buffalo,13,34,77,41,24,281,2,1,H,4,28,-3,51,-15,-4,32,-1,0
911,10/29/2011,Michigan,36,53,339,17,10,196,2,0,Purdue,14,29,89,27,17,222,1,0,H,14.5,22,24,250,-10,-7,-26,1,0
912,10/29/2011,Michigan State,3,30,101,27,11,86,1,0,Nebraska,24,58,190,13,7,80,1,0,V,-4.5,-21,-28,-89,14,4,6,0,0
913,10/29/2011,Middle Tennessee,20,36,176,40,22,239,2,1,UL-Lafayette,45,54,338,23,16,188,0,1,H,2.5,-25,-18,-162,17,6,51,2,0
914,10/29/2011,Minnesota,22,40,178,17,11,193,0,1,Iowa,21,42,269,24,16,177,0,1,H,-16.5,1,-2,-91,-7,-5,16,0,0
915,10/29/2011,Mississippi,23,43,225,29,17,163,1,2,Auburn,41,50,254,15,12,160,0,2,V,-13,-18,-7,-29,14,5,3,1,0
916,10/29/2011,Mississippi State,28,32,134,21,15,264,1,2,Kentucky,16,39,118,38,29,189,0,0,V,10,12,-7,16,-17,-14,75,1,2
917,10/29/2011,Missouri,38,50,284,24,16,198,0,1,Texas A+M,31,46,183,53,35,317,1,2,V,-10.5,7,4,101,-29,-19,-119,-1,-1
918,10/29/2011,Navy,14,50,196,13,5,33,0,1,Notre Dame,56,35,182,25,19,260,1,1,V,-23.5,-42,15,14,-12,-14,-227,-1,0
919,10/29/2011,Nebraska,24,58,190,13,7,80,1,0,Michigan State,3,30,101,27,11,86,1,0,H,4.5,21,28,89,-14,-4,-6,0,0
920,10/29/2011,Nevada-Las Vegas,38,46,244,16,11,117,1,0,Colorado State,35,47,250,30,17,230,1,2,H,-2.5,3,-1,-6,-14,-6,-113,0,-2
921,10/29/2011,Nevada-Reno,48,48,374,32,22,309,0,1,New Mexico State,34,29,48,46,22,466,3,0,V,15,14,19,326,-14,0,-157,-3,1
922,10/29/2011,New Mexico,0,27,114,28,17,109,2,1,Air Force,42,61,335,3,2,26,0,1,H,-30.5,-42,-34,-221,25,15,83,2,0
923,10/29/2011,New Mexico State,34,29,48,46,22,466,3,0,Nevada-Reno,48,48,374,32,22,309,0,1,H,-15,-14,-19,-326,14,0,157,3,-1
924,10/29/2011,No Carolina State,0,28,36,34,19,130,2,1,Florida State,34,37,123,34,25,321,1,0,V,-18.5,-34,-9,-87,0,-6,-191,1,1
925,10/29/2011,North Carolina,49,47,224,28,21,338,0,1,Wake Forest,24,26,121,37,22,210,4,1,H,6.5,25,21,103,-9,-1,128,-4,0
926,10/29/2011,North Texas,14,33,142,28,15,141,1,0,Arkansas State,37,38,218,42,28,322,1,1,V,-17.5,-23,-5,-76,-14,-13,-181,0,-1
927,10/29/2011,Northwestern,59,56,317,23,18,299,0,1,Indiana,38,49,319,26,14,169,1,0,V,9,21,7,-2,-3,4,130,-1,1
928,10/29/2011,Notre Dame,56,35,182,25,19,260,1,1,Navy,14,50,196,13,5,33,0,1,H,23.5,42,-15,-14,12,14,227,1,0
929,10/29/2011,Ohio State,33,58,268,12,7,89,0,1,Wisconsin,29,29,89,32,20,253,0,0,H,-8,4,29,179,-20,-13,-164,0,1
930,10/29/2011,Oklahoma,58,25,170,50,37,520,2,0,Kansas State,17,43,182,16,8,58,0,1,V,13,41,-18,-12,34,29,462,2,-1
931,10/29/2011,Oklahoma State,59,27,327,36,24,274,0,1,Baylor,24,54,176,51,34,446,2,3,H,14.5,35,-27,151,-15,-10,-172,-2,-2
932,10/29/2011,Oregon,43,36,213,20,12,241,2,0,Washington State,28,39,125,48,28,337,2,0,H,35,15,-3,88,-28,-16,-96,0,0
933,10/29/2011,Oregon State,8,26,32,49,27,231,3,1,Utah,27,44,225,14,6,62,0,1,V,-4.5,-19,-18,-193,35,21,169,3,0
934,10/29/2011,Penn State,10,41,111,28,9,98,1,2,Illinois,7,50,192,24,13,94,2,2,H,5.5,3,-9,-81,4,-4,4,-1,0
935,10/29/2011,Purdue,14,29,89,27,17,222,1,0,Michigan,36,53,339,17,10,196,2,0,V,-14.5,-22,-24,-250,10,7,26,-1,0
936,10/29/2011,Rutgers,31,39,151,47,18,235,2,2,West Virginia,41,37,210,31,20,218,0,1,H,-6.5,-10,2,-59,16,-2,17,2,1
937,10/29/2011,S-M-U,7,27,85,37,17,180,4,1,Tulsa,38,56,177,36,24,274,1,1,V,-2.5,-31,-29,-92,1,-7,-94,3,0
938,10/29/2011,San Diego State,27,37,292,27,13,247,1,0,Wyoming,30,44,159,36,25,341,0,0,H,18.5,-3,-7,133,-9,-12,-94,1,0
939,10/29/2011,San Jose State,28,17,12,50,34,338,4,1,Louisiana Tech,38,61,260,27,17,237,0,2,V,-7,-10,-44,-248,23,17,101,4,-1
940,10/29/2011,South Carolina,14,53,231,18,10,87,1,2,Tennessee,3,21,35,38,15,151,2,0,V,3.5,11,32,196,-20,-5,-64,-1,2
941,10/29/2011,Southern Cal,48,23,148,45,28,284,1,1,Stanford,56,48,186,40,29,330,1,0,H,-8,-8,-25,-38,5,-1,-46,0,1
942,10/29/2011,Southern Miss,31,42,260,31,17,190,1,0,UTEP,13,27,68,35,21,194,1,1,V,10,18,15,192,-4,-4,-4,0,-1
943,10/29/2011,Stanford,56,48,186,40,29,330,1,0,Southern Cal,48,23,148,45,28,284,1,1,V,8,8,25,38,-5,1,46,0,-1
944,10/29/2011,Syracuse,10,24,84,36,22,162,0,0,Louisville,27,33,145,24,17,198,0,1,V,-3,-17,-9,-61,12,5,-36,0,-1
945,10/29/2011,Tennessee,3,21,35,38,15,151,2,0,South Carolina,14,53,231,18,10,87,1,2,H,-3.5,-11,-32,-196,20,5,64,1,-2
946,10/29/2011,Texas,43,72,441,21,16,149,1,1,Kansas,0,20,-2,16,7,48,1,1,H,28,43,52,443,5,9,101,0,0
947,10/29/2011,Texas A+M,31,46,183,53,35,317,1,2,Missouri,38,50,284,24,16,198,0,1,H,10.5,-7,-4,-101,29,19,119,1,1
948,10/29/2011,Texas Tech,7,26,99,38,18,191,2,1,Iowa State,41,67,368,26,14,144,0,1,H,14.5,-34,-41,-269,12,4,47,2,0
949,10/29/2011,Tulane,13,35,134,31,16,132,1,1,East Carolina,34,34,125,47,30,336,1,1,V,-16.5,-21,1,9,-16,-14,-204,0,0
950,10/29/2011,Tulsa,38,56,177,36,24,274,1,1,S-M-U,7,27,85,37,17,180,4,1,H,2.5,31,29,92,-1,7,94,-3,0
951,10/29/2011,U-A-B,14,34,70,43,21,240,3,2,Marshall,59,36,138,30,21,291,1,0,V,-5,-45,-2,-68,13,0,-51,2,2
952,10/29/2011,U-C-F,41,49,261,27,20,244,0,0,Memphis,0,21,33,25,10,101,0,1,H,29.5,41,28,228,2,10,143,0,-1
953,10/29/2011,U.C.L.A.,31,52,294,18,9,92,0,2,California,14,33,134,30,14,199,4,1,H,-5,17,19,160,-12,-5,-107,-4,1
954,10/29/2011,UL-Lafayette,45,54,338,23,16,188,0,1,Middle Tennessee,20,36,176,40,22,239,2,1,V,-2.5,25,18,162,-17,-6,-51,-2,0
955,10/29/2011,UL-Monroe,28,30,91,59,29,365,1,0,Western Kentucky,31,47,128,22,13,155,1,1,H,6,-3,-17,-37,37,16,210,0,-1
956,10/29/2011,UTEP,13,27,68,35,21,194,1,1,Southern Miss,31,42,260,31,17,190,1,0,H,-10,-18,-15,-192,4,4,4,0,1
957,10/29/2011,Utah,27,44,225,14,6,62,0,1,Oregon State,8,26,32,49,27,231,3,1,H,4.5,19,18,193,-35,-21,-169,-3,0
958,10/29/2011,Vanderbilt,28,42,222,28,15,240,1,2,Arkansas,31,26,72,43,27,316,0,2,H,-9.55,-3,16,150,-15,-12,-76,1,0
959,10/29/2011,Virginia Tech,14,42,243,28,17,190,2,0,Duke,10,28,100,40,19,226,3,1,V,15,4,14,143,-12,-2,-36,-1,-1
960,10/29/2011,Wake Forest,24,26,121,37,22,210,4,1,North Carolina,49,47,224,28,21,338,0,1,V,-6.5,-25,-21,-103,9,1,-128,4,0
961,10/29/2011,Washington,42,43,179,31,17,310,3,0,Arizona,31,19,36,50,32,388,3,1,H,4,11,24,143,-19,-15,-78,0,-1
962,10/29/2011,Washington State,28,39,125,48,28,337,2,0,Oregon,43,36,213,20,12,241,2,0,V,-35,-15,3,-88,28,16,96,0,0
963,10/29/2011,West Virginia,41,37,210,31,20,218,0,1,Rutgers,31,39,151,47,18,235,2,2,V,6.5,10,-2,59,-16,2,-17,-2,-1
964,10/29/2011,Western Kentucky,31,47,128,22,13,155,1,1,UL-Monroe,28,30,91,59,29,365,1,0,V,-6,3,17,37,-37,-16,-210,0,1
965,10/29/2011,Western Michigan,45,39,145,42,30,465,3,1,Ball State,35,37,220,50,35,335,2,0,H,12,10,2,-75,-8,-5,130,1,1
966,10/29/2011,Wisconsin,29,29,89,32,20,253,0,0,Ohio State,33,58,268,12,7,89,0,1,V,8,-4,-29,-179,20,13,164,0,-1
967,10/29/2011,Wyoming,30,44,159,36,25,341,0,0,San Diego State,27,37,292,27,13,247,1,0,V,-18.5,3,7,-133,9,12,94,-1,0
968,11/01/2011,Northern Illinois,63,36,267,26,17,265,0,1,Toledo,60,54,265,35,21,324,0,0,V,-9.5,3,-18,2,-9,-4,-59,0,1
969,11/01/2011,Toledo,60,54,265,35,21,324,0,0,Northern Illinois,63,36,267,26,17,265,0,1,H,9.5,-3,18,-2,9,4,59,0,-1
970,11/02/2011,Ohio,35,42,240,25,16,281,0,1,Temple,31,45,308,17,9,129,0,1,H,-4,4,-3,-68,8,7,152,0,0
971,11/02/2011,Temple,31,45,308,17,9,129,0,1,Ohio,35,42,240,25,16,281,0,1,V,4,-4,3,68,-8,-7,-152,0,0
972,11/03/2011,Akron,3,35,111,32,7,90,1,1,Miami-Ohio,35,48,168,20,12,215,0,0,V,-14.5,-32,-13,-57,12,-5,-125,1,1
973,11/03/2011,Boston College,7,39,94,20,12,113,2,2,Florida State,38,41,127,16,12,180,0,1,H,-14.5,-31,-2,-33,4,0,-67,2,1
974,11/03/2011,Florida State,38,41,127,16,12,180,0,1,Boston College,7,39,94,20,12,113,2,2,V,14.5,31,2,33,-4,0,67,-2,-1
975,11/03/2011,Miami-Ohio,35,48,168,20,12,215,0,0,Akron,3,35,111,32,7,90,1,1,H,14.5,32,13,57,-12,5,125,-1,-1
976,11/03/2011,Tulsa,24,44,251,28,15,203,0,1,U-C-F,17,37,155,24,16,226,0,0,V,-2.5,7,7,96,4,-1,-23,0,1
977,11/03/2011,U-C-F,17,37,155,24,16,226,0,0,Tulsa,24,44,251,28,15,203,0,1,H,2.5,-7,-7,-96,-4,1,23,0,-1
978,11/04/2011,Central Michigan,21,27,86,42,26,316,2,0,Kent State,24,29,141,31,17,281,0,0,V,-2.5,-3,-2,-55,11,9,35,2,0
979,11/04/2011,Colorado,17,25,134,37,17,250,0,0,Southern Cal,42,33,243,39,25,318,1,0,H,-20.5,-25,-8,-109,-2,-8,-68,-1,0
980,11/04/2011,Kent State,24,29,141,31,17,281,0,0,Central Michigan,21,27,86,42,26,316,2,0,H,2.5,3,2,55,-11,-9,-35,-2,0
981,11/04/2011,Southern Cal,42,33,243,39,25,318,1,0,Colorado,17,25,134,37,17,250,0,0,V,20.5,25,8,109,2,8,68,1,0
982,11/05/2011,Air Force,24,54,179,12,6,122,0,2,Army,14,64,340,10,2,26,1,4,H,16.5,10,-10,-161,2,4,96,-1,-2
983,11/05/2011,Alabama,6,31,96,29,16,199,2,0,Louisiana State,9,41,148,17,9,91,2,0,H,4.5,-3,-10,-52,12,7,108,0,0
984,11/05/2011,Arizona,21,32,131,43,25,326,2,1,Utah,34,40,133,21,12,199,0,0,H,4,-13,-8,-2,22,13,127,2,1
985,11/05/2011,Arizona State,28,38,201,39,22,264,0,0,U.C.L.A.,29,48,220,17,11,196,0,2,V,8.5,-1,-10,-19,22,11,68,0,-2
986,11/05/2011,Arkansas,44,35,136,38,20,299,1,0,South Carolina,28,33,79,25,16,128,1,3,H,5.5,16,2,57,13,4,171,0,-3
987,11/05/2011,Arkansas State,39,50,182,38,25,247,1,0,Florida Atlantic,21,29,134,25,16,147,2,2,V,17,18,21,48,13,9,100,-1,-2
988,11/05/2011,Army,14,64,340,10,2,26,1,4,Air Force,24,54,179,12,6,122,0,2,V,-16.5,-10,10,161,-2,-4,-96,1,2
989,11/05/2011,Ball State,33,22,91,36,20,284,1,0,Eastern Michigan,31,63,305,19,12,196,0,0,V,-2.5,2,-41,-214,17,8,88,1,0
990,11/05/2011,Baylor,42,41,291,41,27,406,0,1,Missouri,39,40,253,46,33,325,0,1,H,2.5,3,1,38,-5,-6,81,0,0
991,11/05/2011,Boise State,48,34,185,34,21,231,0,0,Nevada-Las Vegas,21,35,182,24,14,137,0,0,V,42,27,-1,3,10,7,94,0,0
992,11/05/2011,California,30,48,288,20,11,123,0,1,Washington State,7,35,69,37,15,155,0,0,N,9,23,13,219,-17,-4,-32,0,1
993,11/05/2011,Cincinnati,26,37,152,32,19,208,2,0,Pittsburgh,23,36,192,38,24,218,1,1,V,3.5,3,1,-40,-6,-5,-10,1,-1
994,11/05/2011,Connecticut,28,47,198,14,8,113,2,3,Syracuse,21,34,90,39,24,275,2,1,H,1.5,7,13,108,-25,-16,-162,0,2
995,11/05/2011,Duke,14,33,148,32,22,194,1,1,Miami-Florida,49,39,265,21,14,202,0,0,V,-15.5,-35,-6,-117,11,8,-8,1,1
996,11/05/2011,East Carolina,28,47,111,42,27,309,2,0,Southern Miss,48,30,137,26,17,162,0,1,H,-8.5,-20,17,-26,16,10,147,2,-1
997,11/05/2011,Eastern Michigan,31,63,305,19,12,196,0,0,Ball State,33,22,91,36,20,284,1,0,H,2.5,-2,41,214,-17,-8,-88,-1,0
998,11/05/2011,Florida,26,46,197,25,17,213,0,1,Vanderbilt,21,33,80,28,19,297,0,0,H,13.5,5,13,117,-3,-2,-84,0,1
999,11/05/2011,Florida Atlantic,21,29,134,25,16,147,2,2,Arkansas State,39,50,182,38,25,247,1,0,H,-17,-18,-21,-48,-13,-9,-100,1,2
1000,11/05/2011,Florida Intl,9,27,52,20,10,128,1,0,Western Kentucky,10,47,181,24,8,143,1,1,V,3,-1,-20,-129,-4,2,-15,0,-1
1001,11/05/2011,Fresno State,21,31,115,49,39,290,2,1,Louisiana Tech,41,29,166,33,19,384,0,0,H,3.5,-20,2,-51,16,20,-94,2,1
1002,11/05/2011,Georgia,63,37,258,33,26,369,0,1,New Mexico State,16,31,126,36,20,276,1,2,H,34.5,47,6,132,-3,6,93,-1,-1
1003,11/05/2011,Hawaii,31,32,180,44,27,227,0,1,Utah State,35,31,194,25,14,239,1,1,H,3.5,-4,1,-14,19,13,-12,-1,0
1004,11/05/2011,Houston,56,32,166,51,43,488,0,1,U-A-B,13,33,115,31,17,154,1,0,V,27.5,43,-1,51,20,26,334,-1,1
1005,11/05/2011,Idaho,32,46,183,20,13,162,1,2,San Jose State,29,25,68,42,29,289,0,1,V,-8.5,3,21,115,-22,-16,-127,1,1
1006,11/05/2011,Indiana,20,49,159,21,11,174,1,0,Ohio State,34,46,346,11,5,55,1,1,V,-28,-14,3,-187,10,6,119,0,-1
1007,11/05/2011,Iowa,24,35,131,21,14,171,0,0,Michigan,16,37,127,38,18,196,1,1,H,-4,8,-2,4,-17,-4,-25,-1,-1
1008,11/05/2011,Iowa State,13,49,251,30,16,175,1,2,Kansas,10,39,174,22,13,127,0,1,H,14,3,10,77,8,3,48,1,1
1009,11/05/2011,Kansas,10,39,174,22,13,127,0,1,Iowa State,13,49,251,30,16,175,1,2,V,-14,-3,-10,-77,-8,-3,-48,-1,-1
1010,11/05/2011,Kansas State,45,51,276,39,22,231,1,1,Oklahoma State,52,17,73,46,36,502,2,2,V,-21,-7,34,203,-7,-14,-271,-1,-1
1011,11/05/2011,Kentucky,30,31,115,36,19,283,0,0,Mississippi,13,42,195,30,14,197,1,0,H,-2,17,-11,-80,6,5,86,-1,0
1012,11/05/2011,Louisiana State,9,41,148,17,9,91,2,0,Alabama,6,31,96,29,16,199,2,0,V,-4.5,3,10,52,-12,-7,-108,0,0
1013,11/05/2011,Louisiana Tech,41,29,166,33,19,384,0,0,Fresno State,21,31,115,49,39,290,2,1,V,-3.5,20,-2,51,-16,-20,94,-2,-1
1014,11/05/2011,Louisville,38,33,105,27,21,246,1,0,West Virginia,35,34,123,44,31,410,0,2,V,-13,3,-1,-18,-17,-10,-164,1,-2
1015,11/05/2011,Maryland,13,22,84,43,20,269,3,2,Virginia,31,45,220,36,23,307,1,2,H,-3,-18,-23,-136,7,-3,-38,2,0
1016,11/05/2011,Miami-Florida,49,39,265,21,14,202,0,0,Duke,14,33,148,32,22,194,1,1,H,15.5,35,6,117,-11,-8,8,-1,-1
1017,11/05/2011,Michigan,16,37,127,38,18,196,1,1,Iowa,24,35,131,21,14,171,0,0,V,4,-8,2,-4,17,4,25,1,1
1018,11/05/2011,Michigan State,31,28,106,34,23,296,0,1,Minnesota,24,40,120,34,19,295,2,0,H,28,7,-12,-14,0,4,1,-2,1
1019,11/05/2011,Middle Tennessee,0,22,97,31,18,133,2,1,Tennessee,24,45,120,33,23,291,0,0,V,-21.5,-24,-23,-23,-2,-5,-158,2,1
1020,11/05/2011,Minnesota,24,40,120,34,19,295,2,0,Michigan State,31,28,106,34,23,296,0,1,V,-28,-7,12,14,0,-4,-1,2,-1
1021,11/05/2011,Mississippi,13,42,195,30,14,197,1,0,Kentucky,30,31,115,36,19,283,0,0,V,2,-17,11,80,-6,-5,-86,1,0
1022,11/05/2011,Mississippi State,55,40,288,29,17,282,1,0,Tennessee-Martin,17,49,269,33,20,185,0,1,H, ,38,-9,19,-4,-3,97,1,-1
1023,11/05/2011,Missouri,39,40,253,46,33,325,0,1,Baylor,42,41,291,41,27,406,0,1,V,-2.5,-3,-1,-38,5,6,-81,0,0
1024,11/05/2011,Navy,42,64,390,8,4,127,0,0,Troy,14,34,118,37,27,212,0,2,H,6.5,28,30,272,-29,-23,-85,0,-2
1025,11/05/2011,Nebraska,25,35,122,37,28,289,0,2,Northwestern,28,54,207,24,16,261,2,1,H,17,-3,-19,-85,13,12,28,-2,1
1026,11/05/2011,Nevada-Las Vegas,21,35,182,24,14,137,0,0,Boise State,48,34,185,34,21,231,0,0,H,-42,-27,1,-3,-10,-7,-94,0,0
1027,11/05/2011,New Mexico,7,29,74,20,10,88,2,0,San Diego State,35,48,215,24,16,271,0,0,V,-35,-28,-19,-141,-4,-6,-183,2,0
1028,11/05/2011,New Mexico State,16,31,126,36,20,276,1,2,Georgia,63,37,258,33,26,369,0,1,V,-34.5,-47,-6,-132,3,-6,-93,1,1
1029,11/05/2011,No Carolina State,13,41,126,33,16,164,1,0,North Carolina,0,28,3,30,16,162,3,0,H,-3.5,13,13,123,3,0,2,-2,0
1030,11/05/2011,North Carolina,0,28,3,30,16,162,3,0,No Carolina State,13,41,126,33,16,164,1,0,V,3.5,-13,-13,-123,-3,0,-2,2,0
1031,11/05/2011,Northwestern,28,54,207,24,16,261,2,1,Nebraska,25,35,122,37,28,289,0,2,V,-17,3,19,85,-13,-12,-28,2,-1
1032,11/05/2011,Notre Dame,24,38,175,24,14,166,2,0,Wake Forest,17,37,110,24,17,187,0,1,V,14,7,1,65,0,-3,-21,2,-1
1033,11/05/2011,Ohio State,34,46,346,11,5,55,1,1,Indiana,20,49,159,21,11,174,1,0,H,28,14,-3,187,-10,-6,-119,0,1
1034,11/05/2011,Oklahoma,41,47,149,39,18,255,0,1,Texas A+M,25,29,148,63,32,379,3,1,H,14,16,18,1,-24,-14,-124,-3,0
1035,11/05/2011,Oklahoma State,52,17,73,46,36,502,2,2,Kansas State,45,51,276,39,22,231,1,1,H,21,7,-34,-203,7,14,271,1,1
1036,11/05/2011,Oregon,34,39,212,25,13,169,0,1,Washington,17,36,82,36,25,196,2,1,V,16.5,17,3,130,-11,-12,-27,-2,0
1037,11/05/2011,Oregon State,13,17,33,30,18,252,0,1,Stanford,38,48,300,31,21,207,1,0,H,-21,-25,-31,-267,-1,-3,45,-1,1
1038,11/05/2011,Pittsburgh,23,37,179,38,24,218,1,1,Cincinnati,26,37,152,32,19,214,2,0,H,-3.5,-3,0,27,6,5,4,-1,1
1039,11/05/2011,Purdue,17,29,120,29,15,164,2,0,Wisconsin,62,54,364,24,18,241,0,1,V,-26.5,-45,-25,-244,5,-3,-77,2,-1
1040,11/05/2011,Rice,41,47,222,46,33,449,0,0,UTEP,37,21,98,29,16,294,2,0,H,0,4,26,124,17,17,155,-2,0
1041,11/05/2011,Rutgers,20,28,-7,41,22,235,1,1,South Florida,17,52,221,34,14,160,1,1,H,-2.5,3,-24,-228,7,8,75,0,0
1042,11/05/2011,S-M-U,45,28,131,40,29,322,0,1,Tulane,24,30,57,36,20,214,0,2,H,26.5,21,-2,74,4,9,108,0,-1
1043,11/05/2011,San Diego State,35,48,215,24,16,271,0,0,New Mexico,7,29,74,20,10,88,2,0,H,35,28,19,141,4,6,183,-2,0
1044,11/05/2011,San Jose State,29,25,68,42,29,289,0,1,Idaho,32,46,183,20,13,162,1,2,H,8.5,-3,-21,-115,22,16,127,-1,-1
1045,11/05/2011,South Carolina,28,33,79,25,16,128,1,3,Arkansas,44,35,136,38,20,299,1,0,V,-5.5,-16,-2,-57,-13,-4,-171,0,3
1046,11/05/2011,South Florida,17,51,234,34,14,160,1,1,Rutgers,20,28,-7,41,22,229,1,1,V,2.5,-3,23,241,-7,-8,-69,0,0
1047,11/05/2011,Southern Miss,48,30,137,26,17,162,0,1,East Carolina,28,47,111,42,27,309,2,0,V,8.5,20,-17,26,-16,-10,-147,-2,1
1048,11/05/2011,Stanford,38,48,300,31,21,207,1,0,Oregon State,13,17,33,30,18,252,0,1,V,21,25,31,267,1,3,-45,1,-1
1049,11/05/2011,Syracuse,21,34,90,39,24,275,2,1,Connecticut,28,47,198,14,8,113,2,3,V,-1.5,-7,-13,-108,25,16,162,0,-2
1050,11/05/2011,Tennessee,24,45,120,33,23,291,0,0,Middle Tennessee,0,21,97,31,18,133,2,1,H,21.5,24,24,23,2,5,158,-2,-1
1051,11/05/2011,Texas,52,54,439,9,5,156,0,0,Texas Tech,20,27,30,55,40,381,0,0,H,14,32,27,409,-46,-35,-225,0,0
1052,11/05/2011,Texas A+M,25,29,148,63,32,379,3,1,Oklahoma,41,47,149,39,18,255,0,1,V,-14,-16,-18,-1,24,14,124,3,0
1053,11/05/2011,Texas Christian,31,47,390,24,17,227,1,4,Wyoming,20,28,106,36,22,247,0,0,V,20,11,19,284,-12,-5,-20,1,4
1054,11/05/2011,Texas Tech,20,27,30,55,40,381,0,0,Texas,52,54,439,9,5,156,0,0,V,-14,-32,-27,-409,46,35,225,0,0
1055,11/05/2011,Troy,14,34,118,37,27,212,0,2,Navy,42,64,390,8,4,127,0,0,V,-6.5,-28,-30,-272,29,23,85,0,2
1056,11/05/2011,Tulane,24,30,57,36,20,214,0,2,S-M-U,45,28,131,40,29,322,0,1,V,-26.5,-21,2,-74,-4,-9,-108,0,1
1057,11/05/2011,U-A-B,13,33,115,31,17,154,1,0,Houston,56,32,166,51,43,488,0,1,H,-27.5,-43,1,-51,-20,-26,-334,1,-1
1058,11/05/2011,U.C.L.A.,29,48,220,17,11,196,0,2,Arizona State,28,38,201,39,22,264,0,0,H,-8.5,1,10,19,-22,-11,-68,0,2
1059,11/05/2011,UL-Lafayette,36,17,54,51,31,356,1,0,UL-Monroe,35,40,198,43,33,258,0,0,H,5,1,-23,-144,8,-2,98,1,0
1060,11/05/2011,UL-Monroe,35,39,198,43,33,258,0,0,UL-Lafayette,36,17,54,51,31,356,1,0,V,-5,-1,22,144,-8,2,-98,-1,0
1061,11/05/2011,UTEP,37,21,98,29,16,294,2,0,Rice,41,47,222,46,33,449,0,0,V,0,-4,-26,-124,-17,-17,-155,2,0
1062,11/05/2011,Utah,34,40,133,21,12,199,0,0,Arizona,21,32,131,43,25,326,2,1,V,-4,13,8,2,-22,-13,-127,-2,-1
1063,11/05/2011,Utah State,35,31,194,25,14,239,1,1,Hawaii,31,32,180,44,27,227,0,1,V,-3.5,4,-1,14,-19,-13,12,1,0
1064,11/05/2011,Vanderbilt,21,33,80,28,19,297,0,0,Florida,26,46,197,25,17,213,0,1,V,-13.5,-5,-13,-117,3,2,84,0,-1
1065,11/05/2011,Virginia,31,45,220,36,23,307,1,2,Maryland,13,22,84,43,20,269,3,2,V,3,18,23,136,-7,3,38,-2,0
1066,11/05/2011,Wake Forest,17,37,110,24,17,187,0,1,Notre Dame,24,38,175,24,14,166,2,0,H,-14,-7,-1,-65,0,3,21,-2,1
1067,11/05/2011,Washington,17,36,82,36,25,196,2,1,Oregon,34,39,212,25,13,169,0,1,H,-16.5,-17,-3,-130,11,12,27,2,0
1068,11/05/2011,Washington State,7,35,69,37,15,155,0,0,California,30,48,288,20,11,123,0,1,N,-9,-23,-13,-219,17,4,32,0,-1
1069,11/05/2011,West Virginia,35,34,123,44,31,410,0,2,Louisville,38,33,105,27,21,246,1,0,H,13,-3,1,18,17,10,164,-1,2
1070,11/05/2011,Western Kentucky,10,47,181,24,8,143,1,1,Florida Intl,9,27,52,20,10,128,1,0,H,-3,1,20,129,4,-2,15,0,1
1071,11/05/2011,Wisconsin,62,54,364,24,18,241,0,1,Purdue,17,29,120,29,15,164,2,0,H,26.5,45,25,244,-5,3,77,-2,1
1072,11/05/2011,Wyoming,20,28,106,36,22,247,0,0,Texas Christian,31,47,390,24,17,227,1,4,H,-20,-11,-19,-284,12,5,20,-1,-4
1073,11/08/2011,Bowling Green,14,17,79,40,22,255,0,1,Northern Illinois,45,52,283,28,18,340,0,0,H,-6,-31,-35,-204,12,4,-85,0,1
1074,11/08/2011,Northern Illinois,45,52,283,28,18,340,0,0,Bowling Green,14,17,79,40,22,255,0,1,V,6,31,35,204,-12,-4,85,0,-1
1075,11/08/2011,Toledo,66,60,419,41,30,385,3,3,Western Michigan,63,23,87,59,38,548,0,4,H,12,3,37,332,-18,-8,-163,3,-1
1076,11/08/2011,Western Michigan,63,23,87,59,38,548,0,4,Toledo,66,60,419,41,30,385,3,3,V,-12,-3,-37,-332,18,8,163,-3,1
1077,11/09/2011,Miami-Ohio,21,32,64,37,28,364,2,1,Temple,24,42,218,19,10,92,0,0,V,-13.5,-3,-10,-154,18,18,272,2,1
1078,11/09/2011,Temple,24,42,218,19,10,92,0,0,Miami-Ohio,21,32,64,37,28,364,2,1,H,13.5,3,10,154,-18,-18,-272,-2,-1
1079,11/10/2011,Central Michigan,28,18,65,52,26,362,1,0,Ohio,43,62,309,23,12,218,1,0,H,-7.5,-15,-44,-244,29,14,144,0,0
1080,11/10/2011,Georgia Tech,26,49,243,11,5,97,0,0,Virginia Tech,37,52,267,13,7,209,0,1,H,-2,-11,-3,-24,-2,-2,-112,0,-1
1081,11/10/2011,Houston,73,27,292,40,30,443,0,0,Tulane,17,37,187,46,20,144,1,0,V,34.5,56,-10,105,-6,10,299,-1,0
1082,11/10/2011,Ohio,43,62,309,23,12,218,1,0,Central Michigan,28,18,65,52,26,362,1,0,V,7.5,15,44,244,-29,-14,-144,0,0
1083,11/10/2011,Tulane,17,37,187,46,20,144,1,0,Houston,73,27,292,40,30,443,0,0,H,-34.5,-56,10,-105,6,-10,-299,1,0
1084,11/10/2011,Virginia Tech,37,52,267,13,7,209,0,1,Georgia Tech,26,49,243,11,5,97,0,0,V,2,11,3,24,2,2,112,0,1
1085,11/11/2011,South Florida,37,43,236,35,23,254,0,1,Syracuse,17,33,108,46,23,297,0,0,V,3,20,10,128,-11,0,-43,0,1
1086,11/11/2011,Syracuse,17,33,108,46,23,297,0,0,South Florida,37,43,236,35,23,254,0,1,H,-3,-20,-10,-128,11,0,43,0,-1
1087,11/12/2011,Air Force,17,63,312,5,2,-1,1,3,Wyoming,25,43,212,30,17,139,0,2,H,16.5,-8,20,100,-25,-15,-140,1,1
1088,11/12/2011,Akron,3,27,58,40,19,165,0,1,Kent State,35,49,265,16,11,115,0,0,H,-6,-32,-22,-207,24,8,50,0,1
1089,11/12/2011,Alabama,24,44,223,24,14,163,1,0,Mississippi State,7,29,12,30,15,119,0,0,V,18,17,15,211,-6,-1,44,1,0
1090,11/12/2011,Arizona,29,23,60,53,35,352,3,1,Colorado,48,45,273,27,17,227,1,1,V,10,-19,-22,-213,26,18,125,2,0
1091,11/12/2011,Arizona State,27,25,60,44,28,351,0,1,Washington State,37,37,87,39,28,503,0,1,V,11.5,-10,-12,-27,5,0,-152,0,0
1092,11/12/2011,Arkansas,49,30,254,27,17,245,1,1,Tennessee,7,42,138,35,18,238,1,0,H,15.5,42,-12,116,-8,-1,7,0,1
1093,11/12/2011,Arkansas State,30,44,159,34,22,238,0,1,UL-Lafayette,21,28,66,45,24,248,4,1,H,11,9,16,93,-11,-2,-10,-4,0
1094,11/12/2011,Army,12,54,228,15,6,77,0,0,Rutgers,27,26,118,27,17,196,2,0,N,-9,-15,28,110,-12,-11,-119,-2,0
1095,11/12/2011,Auburn,7,25,51,23,12,144,1,2,Georgia,45,56,304,18,14,224,0,2,V,-11.5,-38,-31,-253,5,-2,-80,1,0
1096,11/12/2011,Baylor,31,29,182,30,22,312,1,3,Kansas,30,64,286,27,17,108,3,0,V,20.5,1,-35,-104,3,5,204,-2,3
1097,11/12/2011,Boise State,35,32,126,38,28,320,0,2,Texas Christian,36,26,33,37,24,473,1,1,H,17,-1,6,93,1,4,-153,-1,1
1098,11/12/2011,Boston College,14,36,72,13,9,118,1,0,No Carolina State,10,24,47,40,28,220,1,0,H,-2,4,12,25,-27,-19,-102,0,0
1099,11/12/2011,Brigham Young,42,42,243,33,21,262,1,0,Idaho,7,33,191,21,11,50,2,0,H,22.5,35,9,52,12,10,212,-1,0
1100,11/12/2011,Buffalo,17,32,115,32,18,137,0,0,Eastern Michigan,30,54,179,15,10,234,0,0,V,-3,-13,-22,-64,17,8,-97,0,0
1101,11/12/2011,California,23,47,300,19,13,128,1,0,Oregon State,6,21,27,40,26,243,2,1,N,9,17,26,273,-21,-13,-115,-1,-1
1102,11/12/2011,Cincinnati,21,33,190,32,17,214,1,1,West Virginia,24,32,32,43,29,372,0,1,N,3,-3,1,158,-11,-12,-158,1,0
1103,11/12/2011,Clemson,31,42,179,44,27,343,2,1,Wake Forest,28,35,145,37,24,172,0,0,H,16.5,3,7,34,7,3,171,2,1
1104,11/12/2011,Colorado,48,45,273,27,17,227,1,1,Arizona,29,23,60,53,35,352,3,1,H,-10,19,22,213,-26,-18,-125,-2,0
1105,11/12/2011,Colorado State,15,30,235,22,9,52,1,1,San Diego State,18,52,173,35,19,154,1,0,H,-13.5,-3,-22,62,-13,-10,-102,0,1
1106,11/12/2011,Duke,21,29,34,39,21,303,1,0,Virginia,31,42,165,29,15,191,0,1,V,-9.5,-10,-13,-131,10,6,112,1,-1
1107,11/12/2011,East Carolina,17,34,121,34,18,133,2,0,UTEP,22,44,241,29,20,188,0,2,V,-3.5,-5,-10,-120,5,-2,-55,2,-2
1108,11/12/2011,Eastern Michigan,30,54,179,15,10,234,0,0,Buffalo,17,32,115,32,18,137,0,0,H,3,13,22,64,-17,-8,97,0,0
1109,11/12/2011,Florida,12,34,142,23,13,119,0,2,South Carolina,17,52,215,13,7,84,1,0,V,-2.5,-5,-18,-73,10,6,35,-1,2
1110,11/12/2011,Florida Atlantic,7,37,96,38,21,206,3,0,Florida Intl,41,36,209,25,19,145,0,1,V,-17.5,-34,1,-113,13,2,61,3,-1
1111,11/12/2011,Florida Intl,41,37,219,24,18,135,0,1,Florida Atlantic,7,37,96,38,21,206,3,0,H,17.5,34,0,123,-14,-3,-71,-3,1
1112,11/12/2011,Florida State,23,29,63,23,17,196,0,0,Miami-Florida,19,36,140,34,22,243,1,2,H,11.5,4,-7,-77,-11,-5,-47,-1,-2
1113,11/12/2011,Fresno State,45,29,104,34,22,391,0,1,New Mexico State,48,37,115,45,27,385,1,0,V,7,-3,-8,-11,-11,-5,6,-1,1
1114,11/12/2011,Georgia,45,56,304,18,14,224,0,2,Auburn,7,25,51,23,12,144,1,2,H,11.5,38,31,253,-5,2,80,-1,0
1115,11/12/2011,Hawaii,28,16,38,45,20,269,3,1,Nevada-Reno,42,54,223,37,26,305,0,2,V,-16,-14,-38,-185,8,-6,-36,3,-1
1116,11/12/2011,Idaho,7,33,191,21,11,50,2,0,Brigham Young,42,42,243,33,21,262,1,0,V,-22.5,-35,-9,-52,-12,-10,-212,1,0
1117,11/12/2011,Illinois,14,33,37,34,17,177,1,2,Michigan,31,48,223,15,8,139,1,2,H,-1,-17,-15,-186,19,9,38,0,0
1118,11/12/2011,Iowa,21,30,87,47,22,262,1,2,Michigan State,37,40,155,32,19,288,0,0,H,-3,-16,-10,-68,15,3,-26,1,2
1119,11/12/2011,Kansas,30,64,296,27,17,108,3,0,Baylor,31,28,193,30,22,312,1,3,H,-20.5,-1,36,103,-3,-5,-204,2,-3
1120,11/12/2011,Kansas State,53,52,130,27,17,281,1,2,Texas A+M,50,43,272,46,27,210,1,0,H,-5.5,3,9,-142,-19,-10,71,0,2
1121,11/12/2011,Kent State,35,49,265,16,11,115,0,0,Akron,3,27,58,40,19,165,0,1,V,6,32,22,207,-24,-8,-50,0,-1
1122,11/12/2011,Kentucky,8,22,32,31,15,179,0,1,Vanderbilt,38,56,213,23,13,207,1,0,V,-13,-30,-34,-181,8,2,-28,-1,1
1123,11/12/2011,Louisiana State,42,40,291,19,10,183,0,1,Western Kentucky,9,45,129,24,11,97,1,0,H,42,33,-5,162,-5,-1,86,-1,1
1124,11/12/2011,Louisiana Tech,27,39,152,28,14,198,1,1,Mississippi,7,43,128,37,14,179,1,2,V,1.5,20,-4,24,-9,0,19,0,-1
1125,11/12/2011,Louisville,14,29,115,26,18,165,1,1,Pittsburgh,21,45,200,23,16,196,0,2,H,3,-7,-16,-85,3,2,-31,1,-1
1126,11/12/2011,Marshall,17,38,165,36,20,228,1,2,Tulsa,59,52,380,34,24,302,1,1,V,-19.5,-42,-14,-215,2,-4,-74,0,1
1127,11/12/2011,Maryland,21,35,145,31,20,219,1,0,Notre Dame,45,46,212,38,30,296,0,0,N,-20.5,-24,-11,-67,-7,-10,-77,1,0
1128,11/12/2011,Memphis,35,33,217,29,16,167,0,0,U-A-B,41,33,191,48,29,410,0,2,H,-5.5,-6,0,26,-19,-13,-243,0,-2
1129,11/12/2011,Miami-Florida,19,36,140,34,22,243,1,2,Florida State,23,29,63,23,17,196,0,0,V,-11.5,-4,7,77,11,5,47,1,2
1130,11/12/2011,Michigan,31,48,223,15,8,139,1,2,Illinois,14,33,37,34,17,177,1,2,V,1,17,15,186,-19,-9,-38,0,0
1131,11/12/2011,Michigan State,37,40,155,32,19,288,0,0,Iowa,21,30,87,47,22,262,1,2,V,3,16,10,68,-15,-3,26,-1,-2
1132,11/12/2011,Middle Tennessee,14,38,132,52,32,291,1,2,UL-Monroe,42,54,260,19,15,193,0,1,V,-6,-28,-16,-128,33,17,98,1,1
1133,11/12/2011,Minnesota,13,32,105,16,6,51,1,0,Wisconsin,42,45,283,17,16,178,0,0,H,-30,-29,-13,-178,-1,-10,-127,1,0
1134,11/12/2011,Mississippi,7,43,138,37,14,179,1,2,Louisiana Tech,27,40,170,27,13,180,1,1,H,-1.5,-20,3,-32,10,1,-1,0,1
1135,11/12/2011,Mississippi State,7,29,12,30,15,119,0,0,Alabama,24,44,223,24,14,163,1,0,H,-18,-17,-15,-211,6,1,-44,-1,0
1136,11/12/2011,Missouri,17,45,142,26,18,186,0,1,Texas,5,30,65,36,16,171,1,0,H,0,12,15,77,-10,2,15,-1,1
1137,11/12/2011,Navy,24,64,335,2,0,0,1,1,S-M-U,17,29,137,36,26,249,2,0,V,-8.5,7,35,198,-34,-26,-249,-1,1
1138,11/12/2011,Nebraska,17,48,188,27,13,143,0,1,Penn State,14,43,166,35,17,209,0,1,V,3,3,5,22,-8,-4,-66,0,0
1139,11/12/2011,Nevada-Las Vegas,14,46,268,14,8,61,0,1,New Mexico,21,41,141,24,15,274,0,1,V,7.5,-7,5,127,-10,-7,-213,0,0
1140,11/12/2011,Nevada-Reno,42,54,223,37,26,305,0,2,Hawaii,28,16,38,45,20,269,3,1,H,16,14,38,185,-8,6,36,-3,1
1141,11/12/2011,New Mexico,21,41,141,24,15,274,0,1,Nevada-Las Vegas,14,46,268,14,8,61,0,1,H,-7.5,7,-5,-127,10,7,213,0,0
1142,11/12/2011,New Mexico State,48,38,133,44,26,367,1,0,Fresno State,45,29,104,34,22,391,0,1,H,-7,3,9,29,10,4,-24,1,-1
1143,11/12/2011,No Carolina State,10,24,47,40,28,220,1,0,Boston College,14,36,72,13,9,118,1,0,V,2,-4,-12,-25,27,19,102,0,0
1144,11/12/2011,North Texas,38,36,172,38,31,331,1,0,Troy,33,33,116,39,27,267,1,2,V,-7.5,5,3,56,-1,4,64,0,-2
1145,11/12/2011,Northwestern,28,39,136,34,27,397,2,1,Rice,6,30,119,26,14,135,1,0,H,17,22,9,17,8,13,262,1,1
1146,11/12/2011,Notre Dame,45,46,212,38,30,296,0,0,Maryland,21,35,145,31,20,219,1,0,N,20.5,24,11,67,7,10,77,-1,0
1147,11/12/2011,Ohio State,23,47,163,18,8,132,0,0,Purdue,26,42,129,37,25,234,1,0,V,8,-3,5,34,-19,-17,-102,-1,0
1148,11/12/2011,Oklahoma State,66,39,183,41,33,454,0,2,Texas Tech,6,30,101,44,25,169,1,2,V,19.5,60,9,82,-3,8,285,-1,0
1149,11/12/2011,Oregon,53,46,232,17,11,155,0,2,Stanford,30,35,129,41,27,271,2,3,V,-3,23,11,103,-24,-16,-116,-2,-1
1150,11/12/2011,Oregon State,6,21,27,40,26,243,2,1,California,23,46,296,19,13,128,1,0,N,-9,-17,-25,-269,21,13,115,1,1
1151,11/12/2011,Penn State,14,43,166,35,17,209,0,1,Nebraska,17,48,188,27,13,143,0,1,H,-3,-3,-5,-22,8,4,66,0,0
1152,11/12/2011,Pittsburgh,21,45,200,23,16,196,0,2,Louisville,14,29,115,26,18,165,1,1,V,-3,7,16,85,-3,-2,31,-1,1
1153,11/12/2011,Purdue,26,42,129,37,25,234,1,0,Ohio State,23,47,163,18,8,132,0,0,H,-8,3,-5,-34,19,17,102,1,0
1154,11/12/2011,Rice,6,30,119,26,14,135,1,0,Northwestern,28,39,136,34,27,397,2,1,V,-17,-22,-9,-17,-8,-13,-262,-1,-1
1155,11/12/2011,Rutgers,27,26,118,27,17,196,2,0,Army,12,54,228,15,6,77,0,0,N,9,15,-28,-110,12,11,119,2,0
1156,11/12/2011,S-M-U,17,29,137,36,26,249,2,0,Navy,24,64,335,2,0,0,1,1,H,8.5,-7,-35,-198,34,26,249,1,-1
1157,11/12/2011,San Diego State,18,52,173,35,19,154,1,0,Colorado State,15,30,235,22,9,52,1,1,V,13.5,3,22,-62,13,10,102,0,-1
1158,11/12/2011,San Jose State,33,30,54,49,27,340,0,1,Utah State,34,46,286,27,21,255,1,4,V,-10,-1,-16,-232,22,6,85,-1,-3
1159,11/12/2011,South Carolina,17,52,215,13,7,84,1,0,Florida,12,34,142,23,13,119,0,2,H,2.5,5,18,73,-10,-6,-35,1,-2
1160,11/12/2011,Southern Cal,40,40,252,28,18,174,0,0,Washington,17,24,46,31,21,198,0,0,H,11.5,23,16,206,-3,-3,-24,0,0
1161,11/12/2011,Southern Miss,30,23,127,49,27,392,0,1,U-C-F,29,24,48,44,31,316,1,2,H,9,1,-1,79,5,-4,76,-1,-1
1162,11/12/2011,Stanford,30,35,129,41,27,271,2,3,Oregon,53,46,232,17,11,155,0,2,H,3,-23,-11,-103,24,16,116,2,1
1163,11/12/2011,Tennessee,7,42,138,35,18,238,1,0,Arkansas,49,30,254,27,17,245,1,1,V,-15.5,-42,12,-116,8,1,-7,0,-1
1164,11/12/2011,Texas,5,29,76,36,16,171,1,0,Missouri,17,45,152,26,18,186,0,1,V,0,-12,-16,-76,10,-2,-15,1,-1
1165,11/12/2011,Texas A+M,50,43,272,46,27,210,1,0,Kansas State,53,52,130,27,17,281,1,2,V,5.5,-3,-9,142,19,10,-71,0,-2
1166,11/12/2011,Texas Christian,36,26,33,37,24,473,1,1,Boise State,35,32,126,38,28,320,0,2,V,-17,1,-6,-93,-1,-4,153,1,-1
1167,11/12/2011,Texas Tech,6,30,101,44,25,169,1,2,Oklahoma State,66,39,183,41,33,454,0,2,H,-19.5,-60,-9,-82,3,-8,-285,1,0
1168,11/12/2011,Troy,33,33,116,39,27,267,1,2,North Texas,38,36,172,38,31,331,1,0,H,7.5,-5,-3,-56,1,-4,-64,0,2
1169,11/12/2011,Tulsa,59,52,380,34,24,302,1,1,Marshall,17,38,165,36,20,228,1,2,H,19.5,42,14,215,-2,4,74,0,-1
1170,11/12/2011,U-A-B,41,33,191,48,29,410,0,2,Memphis,35,33,217,29,16,167,0,0,V,5.5,6,0,-26,19,13,243,0,2
1171,11/12/2011,U-C-F,29,24,48,44,31,316,1,2,Southern Miss,30,23,127,49,27,392,0,1,V,-9,-1,1,-79,-5,4,-76,1,1
1172,11/12/2011,U.C.L.A.,6,43,149,24,12,146,2,0,Utah,31,41,224,13,5,67,0,1,V,-6.5,-25,2,-75,11,7,79,2,-1
1173,11/12/2011,UL-Lafayette,21,28,66,45,24,248,4,1,Arkansas State,30,45,169,33,21,228,0,1,V,-11,-9,-17,-103,12,3,20,4,0
1174,11/12/2011,UL-Monroe,42,54,260,19,15,193,0,1,Middle Tennessee,14,38,132,52,32,291,1,2,H,6,28,16,128,-33,-17,-98,-1,-1
1175,11/12/2011,UTEP,22,44,241,29,20,188,0,2,East Carolina,17,34,121,34,18,133,2,0,H,3.5,5,10,120,-5,2,55,-2,2
1176,11/12/2011,Utah,31,41,224,13,5,67,0,1,U.C.L.A.,6,43,149,24,12,146,2,0,H,6.5,25,-2,75,-11,-7,-79,-2,1
1177,11/12/2011,Utah State,34,46,286,27,21,255,1,4,San Jose State,33,30,54,49,27,340,0,1,H,10,1,16,232,-22,-6,-85,1,3
1178,11/12/2011,Vanderbilt,38,56,203,23,13,207,1,0,Kentucky,8,22,32,31,15,179,0,1,H,13,30,34,171,-8,-2,28,1,-1
1179,11/12/2011,Virginia,31,42,165,29,15,191,0,1,Duke,21,29,34,39,21,303,1,0,H,9.5,10,13,131,-10,-6,-112,-1,1
1180,11/12/2011,Wake Forest,28,35,145,37,24,172,0,0,Clemson,31,42,179,44,27,343,2,1,V,-16.5,-3,-7,-34,-7,-3,-171,-2,-1
1181,11/12/2011,Washington,17,24,46,31,21,198,0,0,Southern Cal,40,40,252,28,18,174,0,0,V,-11.5,-23,-16,-206,3,3,24,0,0
1182,11/12/2011,Washington State,37,37,87,39,28,503,0,1,Arizona State,27,26,64,44,28,351,0,1,H,-11.5,10,11,23,-5,0,152,0,0
1183,11/12/2011,West Virginia,24,32,32,43,29,372,0,1,Cincinnati,21,33,190,32,17,214,1,1,N,-3,3,-1,-158,11,12,158,-1,0
1184,11/12/2011,Western Kentucky,9,45,129,24,11,97,1,0,Louisiana State,42,40,291,19,10,183,0,1,V,-42,-33,5,-162,5,1,-86,1,-1
1185,11/12/2011,Wisconsin,42,45,283,17,16,178,0,0,Minnesota,13,32,105,16,6,51,1,0,V,30,29,13,178,1,10,127,-1,0
1186,11/12/2011,Wyoming,25,43,212,30,17,139,0,2,Air Force,17,63,312,5,2,-1,1,3,V,-16.5,8,-20,-100,25,15,140,-1,-1
1187,11/15/2011,Ball State,38,26,153,43,23,245,0,1,Northern Illinois,41,58,372,37,26,338,0,2,V,-18.5,-3,-32,-219,6,-3,-93,0,-1
1188,11/15/2011,Northern Illinois,41,58,372,37,26,338,0,2,Ball State,38,26,153,43,23,245,0,1,H,18.5,3,32,219,-6,3,93,0,1
1189,11/16/2011,Bowling Green,28,25,115,34,23,232,1,2,Ohio,29,50,253,27,18,194,0,2,H,-7.5,-1,-25,-138,7,5,38,1,0
1190,11/16/2011,Miami-Ohio,21,22,53,54,42,413,1,1,Western Michigan,24,23,42,57,36,429,1,0,H,-1.5,-3,-1,11,-3,6,-16,0,1
1191,11/16/2011,Ohio,29,49,241,28,19,206,0,2,Bowling Green,28,25,115,34,23,232,1,2,V,7.5,1,24,126,-6,-4,-26,-1,0
1192,11/16/2011,Western Michigan,24,23,42,57,36,429,1,0,Miami-Ohio,21,22,53,54,42,413,1,1,V,1.5,3,1,-11,3,-6,16,0,-1
1193,11/17/2011,Marshall,23,39,143,23,13,150,2,4,Memphis,22,26,39,47,23,238,0,0,V,13,1,13,104,-24,-10,-88,2,4
1194,11/17/2011,Memphis,22,26,39,47,23,238,0,0,Marshall,23,39,143,23,13,150,2,4,H,-13,-1,-13,-104,24,10,88,-2,-4
1195,11/17/2011,North Carolina,21,34,134,27,14,224,0,1,Virginia Tech,24,40,145,33,19,195,0,1,V,-10,-3,-6,-11,-6,-5,29,0,0
1196,11/17/2011,Southern Miss,31,35,251,31,22,272,1,1,U-A-B,34,52,189,26,17,236,0,2,V,24,-3,-17,62,5,5,36,1,-1
1197,11/17/2011,U-A-B,34,52,189,26,17,236,0,2,Southern Miss,31,35,251,31,22,272,1,1,H,-24,3,17,-62,-5,-5,-36,-1,1
1198,11/17/2011,Virginia Tech,24,40,145,33,19,195,0,1,North Carolina,21,34,134,27,14,224,0,1,H,10,3,6,11,6,5,-29,0,0
1199,11/18/2011,Central Michigan,17,24,113,37,20,233,1,0,Toledo,44,40,224,34,25,287,0,0,H,-14,-27,-16,-111,3,-5,-54,1,0
1200,11/18/2011,Iowa State,37,41,192,60,31,376,2,1,Oklahoma State,31,18,60,58,42,476,3,2,H,-27.5,6,23,132,2,-11,-100,-1,-1
1201,11/18/2011,Oklahoma State,31,18,60,58,42,476,3,2,Iowa State,37,41,192,60,31,376,2,1,V,27.5,-6,-23,-132,-2,11,100,1,1
1202,11/18/2011,Toledo,44,41,236,33,24,275,0,0,Central Michigan,17,24,113,37,20,233,1,0,V,14,27,17,123,-4,4,42,-1,0
1203,11/19/2011,Air Force,45,58,394,13,7,128,0,1,Nevada-Las Vegas,17,58,227,14,6,41,1,1,H,24,28,0,167,-1,1,87,-1,0
1204,11/19/2011,Akron,10,29,68,35,17,171,1,1,Buffalo,51,50,331,29,20,166,0,1,V,-10.5,-41,-21,-263,6,-3,5,1,0
1205,11/19/2011,Alabama,45,49,272,19,14,190,0,0,Georgia Southern,21,39,302,7,1,39,0,0,H, ,24,10,-30,12,13,151,0,0
1206,11/19/2011,Arizona,31,28,101,52,36,393,0,0,Arizona State,27,23,61,65,36,487,2,1,V,-10.5,4,5,40,-13,0,-94,-2,-1
1207,11/19/2011,Arizona State,27,23,61,65,36,487,2,1,Arizona,31,29,94,52,36,393,0,0,H,10.5,-4,-6,-33,13,0,94,2,1
1208,11/19/2011,Arkansas,44,39,166,45,33,373,0,1,Mississippi State,17,32,84,31,15,127,0,1,N,14,27,7,82,14,18,246,0,0
1209,11/19/2011,Arkansas State,45,51,203,41,29,333,1,2,Middle Tennessee,19,35,80,48,28,219,0,1,V,11,26,16,123,-7,1,114,1,1
1210,11/19/2011,Army,14,60,340,12,2,28,1,0,Temple,42,42,335,5,4,79,0,0,V,-12.5,-28,18,5,7,-2,-51,1,0
1211,11/19/2011,Auburn,35,49,248,20,13,167,0,2,Samford,16,40,149,35,18,189,2,0,H, ,19,9,99,-15,-5,-22,-2,2
1212,11/19/2011,Baylor,45,38,131,35,22,485,0,0,Oklahoma,38,36,158,51,36,447,1,2,H,-16.5,7,2,-27,-16,-14,38,-1,-2
1213,11/19/2011,Boise State,52,43,131,40,28,366,1,1,San Diego State,35,21,120,51,30,350,1,2,V,18.5,17,22,11,-11,-2,16,0,-1
1214,11/19/2011,Boston College,14,25,80,38,18,170,0,0,Notre Dame,16,39,161,39,24,256,1,0,V,-24.5,-2,-14,-81,-1,-6,-86,-1,0
1215,11/19/2011,Brigham Young,42,34,173,36,21,238,1,0,New Mexico State,7,37,90,34,19,159,0,2,H,22.5,35,-3,83,2,2,79,1,-2
1216,11/19/2011,Buffalo,51,50,331,29,20,178,0,1,Akron,10,29,68,35,17,171,1,1,H,10.5,41,21,263,-6,3,7,-1,0
1217,11/19/2011,California,28,34,81,30,20,280,0,2,Stanford,31,36,152,30,20,253,1,0,V,-17.5,-3,-2,-71,0,0,27,-1,2
1218,11/19/2011,Cincinnati,3,28,67,31,12,158,1,1,Rutgers,20,45,203,35,21,182,0,0,V,-1,-17,-17,-136,-4,-9,-24,1,1
1219,11/19/2011,Clemson,13,28,34,41,25,303,2,2,No Carolina State,37,45,145,29,19,253,0,0,V,7,-24,-17,-111,12,6,50,2,2
1220,11/19/2011,Colorado,6,28,87,32,17,142,3,0,U.C.L.A.,45,44,328,19,15,225,0,1,V,-10.5,-39,-16,-241,13,2,-83,3,-1
1221,11/19/2011,Colorado State,10,38,160,25,14,248,1,1,Texas Christian,34,43,255,20,13,117,0,1,V,-34,-24,-5,-95,5,1,131,1,0
1222,11/19/2011,Connecticut,20,23,76,45,18,253,1,1,Louisville,34,43,126,23,15,173,1,2,H,2.5,-14,-20,-50,22,3,80,0,-1
1223,11/19/2011,Duke,31,24,101,44,26,250,1,0,Georgia Tech,38,58,364,13,6,185,0,2,H,-10,-7,-34,-263,31,20,65,1,-2
1224,11/19/2011,East Carolina,38,35,186,31,19,203,1,1,U-C-F,31,42,115,32,18,198,2,0,H,-7,7,-7,71,-1,1,5,-1,1
1225,11/19/2011,Eastern Michigan,22,43,194,16,8,84,2,2,Kent State,28,42,121,25,11,185,0,1,V,-3,-6,1,73,-9,-3,-101,2,1
1226,11/19/2011,Florida,54,31,124,28,16,329,0,0,Furman,32,45,233,27,15,213,2,0,H, ,22,-14,-109,1,1,116,-2,0
1227,11/19/2011,Florida Atlantic,7,38,134,33,16,157,1,1,Troy,34,25,41,48,32,396,1,2,V,-11,-27,13,93,-15,-16,-239,0,-1
1228,11/19/2011,Florida Intl,28,37,115,35,17,225,0,0,UL-Monroe,17,32,110,59,26,246,2,0,V,-1.5,11,5,5,-24,-9,-21,-2,0
1229,11/19/2011,Florida State,13,33,186,31,18,200,0,1,Virginia,14,29,78,31,22,238,0,0,H,17,-1,4,108,0,-4,-38,0,1
1230,11/19/2011,Fresno State,24,47,217,29,19,271,0,0,Hawaii,21,19,62,40,19,244,0,0,V,-4.5,3,28,155,-11,0,27,0,0
1231,11/19/2011,Georgia,19,46,155,29,16,162,1,3,Kentucky,10,21,23,36,18,142,2,2,H,31,9,25,132,-7,-2,20,-1,1
1232,11/19/2011,Georgia Tech,38,58,364,13,6,185,0,2,Duke,31,24,101,44,26,250,1,0,V,10,7,34,263,-31,-20,-65,-1,2
1233,11/19/2011,Hawaii,21,19,62,40,19,244,0,0,Fresno State,24,47,217,29,19,271,0,0,H,4.5,-3,-28,-155,11,0,-27,0,0
1234,11/19/2011,Houston,37,31,148,47,32,365,0,0,S-M-U,7,26,24,40,23,239,1,1,H,21,30,5,124,7,9,126,-1,-1
1235,11/19/2011,Idaho,42,53,175,39,27,275,1,1,Utah State,49,52,310,18,13,182,1,3,H,-7.5,-7,1,-135,21,14,93,0,-2
1236,11/19/2011,Illinois,17,34,149,31,22,152,3,1,Wisconsin,28,45,195,13,10,90,0,1,H,-14.5,-11,-11,-46,18,12,62,3,0
1237,11/19/2011,Indiana,3,37,94,32,15,142,2,0,Michigan State,55,34,174,31,21,296,0,0,V,-27.5,-52,3,-80,1,-6,-154,2,0
1238,11/19/2011,Iowa,31,42,135,32,22,273,0,2,Purdue,21,36,101,34,17,181,2,2,V,1.5,10,6,34,-2,5,92,-2,0
1239,11/19/2011,Kansas,7,55,64,28,19,133,1,2,Texas A+M,61,33,189,27,21,280,0,1,V,-30.5,-54,22,-125,1,-2,-147,1,1
1240,11/19/2011,Kansas State,17,39,38,17,9,83,0,0,Texas,13,42,191,32,15,119,2,0,V,-7.5,4,-3,-153,-15,-6,-36,-2,0
1241,11/19/2011,Kent State,28,42,121,25,11,173,0,1,Eastern Michigan,22,43,194,16,8,84,2,2,H,3,6,-1,-73,9,3,89,-2,-1
1242,11/19/2011,Kentucky,10,21,23,36,18,142,2,2,Georgia,19,46,155,29,16,162,1,3,V,-31,-9,-25,-132,7,2,-20,1,-1
1243,11/19/2011,Louisiana State,52,50,353,8,8,105,0,0,Mississippi,3,42,148,19,8,47,1,2,V,30.5,49,8,205,-11,0,58,-1,-2
1244,11/19/2011,Louisiana Tech,24,16,57,45,25,355,0,0,Nevada-Reno,20,57,253,34,23,212,1,1,V,-7,4,-41,-196,11,2,143,-1,-1
1245,11/19/2011,Louisville,34,43,126,23,15,173,1,2,Connecticut,20,23,76,45,18,253,1,1,V,-2.5,14,20,50,-22,-3,-80,0,1
1246,11/19/2011,Maryland,10,34,229,42,20,186,0,1,Wake Forest,31,48,194,32,20,320,0,0,V,-10,-21,-14,35,10,0,-134,0,1
1247,11/19/2011,Miami-Florida,6,40,57,35,27,259,0,1,South Florida,3,30,116,27,16,133,1,0,V,0,3,10,-59,8,11,126,-1,1
1248,11/19/2011,Michigan,45,61,238,19,11,180,1,0,Nebraska,17,31,138,23,9,122,0,3,H,4.5,28,30,100,-4,2,58,1,-3
1249,11/19/2011,Michigan State,55,34,174,31,21,296,0,0,Indiana,3,37,94,32,15,142,2,0,H,27.5,52,-3,80,-1,6,154,-2,0
1250,11/19/2011,Middle Tennessee,19,35,80,48,28,219,0,1,Arkansas State,45,51,203,41,29,333,1,2,H,-11,-26,-16,-123,7,-1,-114,-1,-1
1251,11/19/2011,Minnesota,13,51,269,22,9,124,1,1,Northwestern,28,47,152,31,22,216,1,1,V,-16,-15,4,117,-9,-13,-92,0,0
1252,11/19/2011,Mississippi,3,42,148,19,8,47,1,2,Louisiana State,52,50,353,8,8,105,0,0,H,-30.5,-49,-8,-205,11,0,-58,1,2
1253,11/19/2011,Mississippi State,17,32,84,31,15,127,0,1,Arkansas,44,39,166,45,33,373,0,1,N,-14,-27,-7,-82,-14,-18,-246,0,0
1254,11/19/2011,Missouri,31,49,318,20,13,172,0,1,Texas Tech,27,31,142,53,37,315,1,0,H,18,4,18,176,-33,-24,-143,-1,1
1255,11/19/2011,Navy,24,49,254,20,9,90,0,1,San Jose State,27,32,120,44,33,345,1,1,V,6.5,-3,17,134,-24,-24,-255,-1,0
1256,11/19/2011,Nebraska,17,31,138,23,9,122,0,3,Michigan,45,61,238,19,11,180,1,0,V,-4.5,-28,-30,-100,4,-2,-58,-1,3
1257,11/19/2011,Nevada-Las Vegas,17,58,227,14,6,41,1,1,Air Force,45,58,394,13,7,128,0,1,V,-24,-28,0,-167,1,-1,-87,1,0
1258,11/19/2011,Nevada-Reno,20,57,253,34,23,212,1,1,Louisiana Tech,24,16,57,45,25,355,0,0,H,7,-4,41,196,-11,-2,-143,1,1
1259,11/19/2011,New Mexico,10,34,134,28,18,162,1,1,Wyoming,31,40,250,38,23,212,0,1,V,-24,-21,-6,-116,-10,-5,-50,1,0
1260,11/19/2011,New Mexico State,7,37,90,34,19,159,0,2,Brigham Young,42,34,173,36,21,238,1,0,V,-22.5,-35,3,-83,-2,-2,-79,-1,2
1261,11/19/2011,No Carolina State,37,45,145,29,19,253,0,0,Clemson,13,28,34,41,25,303,2,2,H,-7,24,17,111,-12,-6,-50,-2,-2
1262,11/19/2011,North Texas,21,20,68,36,20,254,2,0,Western Kentucky,31,49,252,29,19,231,0,0,H,-1.5,-10,-29,-184,7,1,23,2,0
1263,11/19/2011,Northwestern,28,47,152,31,22,216,1,1,Minnesota,13,51,269,22,9,124,1,1,H,16,15,-4,-117,9,13,92,0,0
1264,11/19/2011,Notre Dame,16,39,161,39,24,256,1,0,Boston College,14,25,80,38,18,170,0,0,H,24.5,2,14,81,1,6,86,1,0
1265,11/19/2011,Ohio State,14,44,209,17,7,83,0,2,Penn State,20,39,239,18,10,88,1,0,H,6.5,-6,5,-30,-1,-3,-5,-1,2
1266,11/19/2011,Oklahoma,38,36,158,51,36,447,1,2,Baylor,45,38,131,35,22,485,0,0,V,16.5,-7,-2,27,16,14,-38,1,2
1267,11/19/2011,Oregon,35,47,209,35,23,265,0,2,Southern Cal,38,38,139,34,26,308,1,2,H,14.5,-3,9,70,1,-3,-43,-1,0
1268,11/19/2011,Oregon State,38,31,149,37,26,335,1,2,Washington,21,38,160,30,16,155,2,1,H,-1,17,-7,-11,7,10,180,-1,1
1269,11/19/2011,Penn State,20,39,239,18,10,88,1,0,Ohio State,14,43,206,17,7,83,0,2,V,-6.5,6,-4,33,1,3,5,1,-2
1270,11/19/2011,Purdue,21,36,101,34,17,181,2,2,Iowa,31,43,138,32,22,273,0,2,H,-1.5,-10,-7,-37,2,-5,-92,2,0
1271,11/19/2011,Rice,19,35,118,26,17,119,0,0,Tulane,7,33,126,39,19,163,1,1,H,14,12,2,-8,-13,-2,-44,-1,-1
1272,11/19/2011,Rutgers,20,45,203,35,21,182,0,0,Cincinnati,3,28,67,31,12,158,1,1,H,1,17,17,136,4,9,24,-1,-1
1273,11/19/2011,S-M-U,7,26,24,40,23,239,1,1,Houston,37,31,148,47,32,365,0,0,V,-21,-30,-5,-124,-7,-9,-126,1,1
1274,11/19/2011,San Diego State,35,21,120,51,30,350,1,2,Boise State,52,43,131,40,28,366,1,1,H,-18.5,-17,-22,-11,11,2,-16,0,1
1275,11/19/2011,San Jose State,27,32,120,44,33,345,1,1,Navy,24,49,254,20,9,90,0,1,H,-6.5,3,-17,-134,24,24,255,1,0
1276,11/19/2011,South Carolina,41,37,256,18,16,217,1,0,The Citadel,20,54,241,3,1,8,0,0,H, ,21,-17,15,15,15,209,1,0
1277,11/19/2011,South Florida,3,30,116,27,16,133,1,0,Miami-Florida,6,40,57,35,27,259,0,1,H,0,-3,-10,59,-8,-11,-126,1,-1
1278,11/19/2011,Southern Cal,38,38,139,34,26,323,1,2,Oregon,35,47,209,35,23,265,0,2,V,-14.5,3,-9,-70,-1,3,58,1,0
1279,11/19/2011,Stanford,31,36,148,30,20,242,1,0,California,28,34,81,30,20,280,0,2,H,17.5,3,2,67,0,0,-38,1,-2
1280,11/19/2011,Temple,42,42,335,5,4,79,0,0,Army,14,60,340,12,2,28,1,0,H,12.5,28,-18,-5,-7,2,51,-1,0
1281,11/19/2011,Tennessee,27,30,101,33,16,189,2,0,Vanderbilt,21,36,90,32,17,193,3,1,H,-1.5,6,-6,11,1,-1,-4,-1,-1
1282,11/19/2011,Texas,13,42,191,32,15,119,2,0,Kansas State,17,39,38,17,9,83,0,0,H,7.5,-4,3,153,15,6,36,2,0
1283,11/19/2011,Texas A+M,61,33,189,27,21,280,0,1,Kansas,7,55,64,28,19,133,1,2,H,30.5,54,-22,125,-1,2,147,-1,-1
1284,11/19/2011,Texas Christian,34,43,255,20,13,117,0,1,Colorado State,10,38,160,25,14,248,1,1,H,34,24,5,95,-5,-1,-131,-1,0
1285,11/19/2011,Texas Tech,27,31,142,53,37,315,1,0,Missouri,31,49,318,20,13,172,0,1,V,-18,-4,-18,-176,33,24,143,1,-1
1286,11/19/2011,Troy,34,25,41,48,32,396,1,2,Florida Atlantic,7,38,134,33,16,157,1,1,H,11,27,-13,-93,15,16,239,0,1
1287,11/19/2011,Tulane,7,33,126,39,19,163,1,1,Rice,19,35,118,26,17,119,0,0,V,-14,-12,-2,8,13,2,44,1,1
1288,11/19/2011,Tulsa,57,33,200,27,21,300,1,1,UTEP,28,42,163,46,26,266,2,0,V,14.5,29,-9,37,-19,-5,34,-1,1
1289,11/19/2011,U-C-F,31,42,115,32,18,198,2,0,East Carolina,38,35,186,31,19,203,1,1,V,7,-7,7,-71,1,-1,-5,1,-1
1290,11/19/2011,U.C.L.A.,45,44,328,19,15,225,0,1,Colorado,6,28,87,32,17,142,3,0,H,10.5,39,16,241,-13,-2,83,-3,1
1291,11/19/2011,UL-Monroe,17,32,110,59,26,246,2,0,Florida Intl,28,37,115,35,17,225,0,0,H,1.5,-11,-5,-5,24,9,21,2,0
1292,11/19/2011,UTEP,28,42,163,46,26,266,2,0,Tulsa,57,33,200,27,21,300,1,1,H,-14.5,-29,9,-37,19,5,-34,1,-1
1293,11/19/2011,Utah,30,50,186,19,12,172,0,2,Washington State,27,23,62,50,22,337,4,1,V,3.5,3,27,124,-31,-10,-165,-4,1
1294,11/19/2011,Utah State,49,52,310,18,13,182,1,3,Idaho,42,53,175,39,27,275,1,1,V,7.5,7,-1,135,-21,-14,-93,0,2
1295,11/19/2011,Vanderbilt,21,36,90,32,17,193,3,1,Tennessee,27,30,101,33,16,189,2,0,V,1.5,-6,6,-11,-1,1,4,1,1
1296,11/19/2011,Virginia,14,29,78,31,22,238,0,0,Florida State,13,33,186,31,18,200,0,1,V,-17,1,-4,-108,0,4,38,0,-1
1297,11/19/2011,Wake Forest,31,48,194,32,20,320,0,0,Maryland,10,34,229,42,20,186,0,1,H,10,21,14,-35,-10,0,134,0,-1
1298,11/19/2011,Washington,21,38,160,30,16,155,2,1,Oregon State,38,31,145,37,26,339,1,2,V,1,-17,7,15,-7,-10,-184,1,-1
1299,11/19/2011,Washington State,27,24,55,50,22,337,4,1,Utah,30,50,186,19,12,172,0,2,H,-3.5,-3,-26,-131,31,10,165,4,-1
1300,11/19/2011,Western Kentucky,31,49,252,29,19,231,0,0,North Texas,21,20,68,36,20,254,2,0,V,1.5,10,29,184,-7,-1,-23,-2,0
1301,11/19/2011,Wisconsin,28,45,195,13,10,90,0,1,Illinois,17,34,149,31,22,152,3,1,V,14.5,11,11,46,-18,-12,-62,-3,0
1302,11/19/2011,Wyoming,31,40,250,38,23,212,0,1,New Mexico,10,34,134,28,18,162,1,1,H,24,21,6,116,10,5,50,-1,0
1303,11/22/2011,Miami-Ohio,14,28,61,53,35,372,0,0,Ohio,21,43,232,26,18,203,1,0,V,-7.5,-7,-15,-171,27,17,169,-1,0
1304,11/22/2011,Ohio,21,43,232,26,18,203,1,0,Miami-Ohio,14,28,61,53,35,372,0,0,H,7.5,7,15,171,-27,-17,-169,1,0
1305,11/24/2011,Texas,27,37,86,29,17,151,1,1,Texas A+M,25,33,104,49,20,224,3,1,V,-7.5,2,4,-18,-20,-3,-73,-2,0
1306,11/24/2011,Texas A+M,25,33,104,50,20,224,3,1,Texas,27,37,86,29,17,151,1,1,H,7.5,-2,-4,18,21,3,73,2,0
1307,11/25/2011,Akron,19,48,173,25,5,35,1,4,Western Michigan,68,35,240,33,25,337,0,3,V,-28,-49,13,-67,-8,-20,-302,1,1
1308,11/25/2011,Arizona State,38,32,213,37,21,264,2,2,California,47,40,247,26,19,237,0,1,H,6,-9,-8,-34,11,2,27,2,1
1309,11/25/2011,Arkansas,17,28,47,22,14,207,1,2,Louisiana State,41,46,286,29,18,208,1,1,V,-11,-24,-18,-239,-7,-4,-1,0,1
1310,11/25/2011,Ball State,28,22,78,53,37,317,2,1,Toledo,45,50,240,33,27,267,0,0,H,-14,-17,-28,-162,20,10,50,2,1
1311,11/25/2011,Boston College,24,50,153,17,13,202,0,1,Miami-Florida,17,16,122,40,23,245,4,0,V,-12.5,7,34,31,-23,-10,-43,-4,1
1312,11/25/2011,Bowling Green,42,35,119,31,14,236,2,0,Buffalo,28,49,188,39,16,157,1,0,V,-3,14,-14,-69,-8,-2,79,1,0
1313,11/25/2011,Buffalo,28,49,188,39,16,157,1,0,Bowling Green,42,35,119,31,14,236,2,0,H,3,-14,14,69,8,2,-79,-1,0
1314,11/25/2011,California,47,40,251,25,19,237,0,1,Arizona State,38,32,213,37,21,264,2,2,V,-6,9,8,38,-12,-2,-27,-2,-1
1315,11/25/2011,Colorado,17,30,109,36,22,264,1,1,Utah,14,33,89,25,18,185,0,1,V,-22,3,-3,20,11,4,79,1,0
1316,11/25/2011,Eastern Michigan,12,48,133,25,11,147,0,0,Northern Illinois,18,37,188,20,9,98,0,0,V,-17.5,-6,11,-55,5,2,49,0,0
1317,11/25/2011,Houston,48,33,84,48,35,474,0,1,Tulsa,16,42,161,38,19,176,2,1,V,2.5,32,-9,-77,10,16,298,-2,0
1318,11/25/2011,Iowa,7,25,88,35,16,182,1,1,Nebraska,20,61,222,22,12,163,0,0,V,-9,-13,-36,-134,13,4,19,1,1
1319,11/25/2011,Kent State,16,27,103,40,24,260,0,0,Temple,34,48,202,12,8,113,0,2,V,-16.5,-18,-21,-99,28,16,147,0,-2
1320,11/25/2011,Louisiana State,41,46,286,29,18,208,1,1,Arkansas,17,28,47,22,14,207,1,2,H,11,24,18,239,7,4,1,0,-1
1321,11/25/2011,Louisville,34,41,132,28,19,241,0,1,South Florida,24,31,64,36,21,247,1,2,V,-5.5,10,10,68,-8,-2,-6,-1,-1
1322,11/25/2011,Miami-Florida,17,16,122,40,23,245,4,0,Boston College,24,50,153,17,13,196,0,1,H,12.5,-7,-34,-31,23,10,49,4,-1
1323,11/25/2011,Nebraska,20,61,222,22,12,163,0,0,Iowa,7,24,88,35,16,182,1,1,H,9,13,37,134,-13,-4,-19,-1,-1
1324,11/25/2011,Northern Illinois,18,37,188,20,9,98,0,0,Eastern Michigan,12,48,133,25,11,147,0,0,H,17.5,6,-11,55,-5,-2,-49,0,0
1325,11/25/2011,Pittsburgh,20,58,159,23,12,137,1,0,West Virginia,21,30,113,31,22,244,0,3,V,-6.5,-1,28,46,-8,-10,-107,1,-3
1326,11/25/2011,South Florida,24,31,64,36,21,247,1,2,Louisville,34,41,132,28,19,241,0,1,H,5.5,-10,-10,-68,8,2,6,1,1
1327,11/25/2011,Temple,34,48,202,12,8,113,0,2,Kent State,16,27,103,40,24,260,0,0,H,16.5,18,21,99,-28,-16,-147,0,2
1328,11/25/2011,Toledo,45,50,240,33,27,267,0,0,Ball State,28,22,78,53,37,317,2,1,V,14,17,28,162,-20,-10,-50,-2,-1
1329,11/25/2011,Tulsa,16,42,161,38,19,176,2,1,Houston,48,33,84,48,35,474,0,1,H,-2.5,-32,9,77,-10,-16,-298,2,0
1330,11/25/2011,U-C-F,31,36,249,18,14,211,1,1,UTEP,14,33,66,44,24,249,1,0,H,10,17,3,183,-26,-10,-38,0,1
1331,11/25/2011,UTEP,14,33,66,44,24,249,1,0,U-C-F,31,36,249,18,14,211,1,1,V,-10,-17,-3,-183,26,10,38,0,-1
1332,11/25/2011,Utah,14,33,88,25,18,185,0,1,Colorado,17,31,94,36,22,263,1,1,H,22,-3,2,-6,-11,-4,-78,-1,0
1333,11/25/2011,West Virginia,21,30,113,31,22,244,0,3,Pittsburgh,20,58,159,23,12,137,1,0,H,6.5,1,-28,-46,8,10,107,-1,3
1334,11/25/2011,Western Michigan,68,60,336,64,47,520,1,5,Akron,19,74,363,38,14,133,1,4,H,28,49,-14,-27,26,33,387,0,1
1335,11/26/2011,Air Force,45,49,344,12,9,221,0,1,Colorado State,21,49,321,13,8,125,1,2,V,14,24,0,23,-1,1,96,-1,-1
1336,11/26/2011,Alabama,42,35,213,23,18,184,0,1,Auburn,14,35,78,20,11,62,1,1,V,21,28,0,135,3,7,122,-1,0
1337,11/26/2011,Arizona,45,32,121,48,37,373,2,0,UL-Lafayette,37,25,80,37,25,328,0,1,H,12,8,7,41,11,12,45,2,-1
1338,11/26/2011,Auburn,14,35,78,20,11,62,1,1,Alabama,42,35,213,23,18,184,0,1,H,-21,-28,0,-135,-3,-7,-122,1,0
1339,11/26/2011,Baylor,66,79,360,23,16,257,0,2,Texas Tech,42,17,46,56,42,398,2,2,N,13,24,62,314,-33,-26,-141,-2,0
1340,11/26/2011,Boise State,36,41,200,36,24,279,1,1,Wyoming,14,30,113,25,17,78,1,1,H,32,22,11,87,11,7,201,0,0
1341,11/26/2011,Cincinnati,30,42,189,25,15,179,0,0,Syracuse,13,40,170,38,19,203,1,0,V,1,17,2,19,-13,-4,-24,-1,0
1342,11/26/2011,Clemson,13,30,70,30,11,83,1,0,South Carolina,34,53,210,20,14,210,0,0,V,-3.5,-21,-23,-140,10,-3,-127,1,0
1343,11/26/2011,Colorado State,21,49,321,13,8,125,1,2,Air Force,45,49,344,12,9,221,0,1,H,-14,-24,0,-23,1,-1,-96,1,1
1344,11/26/2011,Connecticut,40,47,178,17,11,112,0,1,Rutgers,22,26,-9,40,22,439,3,3,H,-4,18,21,187,-23,-11,-327,-3,-2
1345,11/26/2011,Duke,21,21,46,41,26,285,2,2,North Carolina,37,40,187,35,22,321,1,0,V,-11.5,-16,-19,-141,6,4,-36,1,2
1346,11/26/2011,East Carolina,27,40,132,48,32,285,3,1,Marshall,34,29,104,29,23,341,0,2,V,-2.55,-7,11,28,19,9,-56,3,-1
1347,11/26/2011,Florida,7,33,54,29,14,130,4,0,Florida State,21,46,30,13,6,65,0,1,H,-3,-14,-13,24,16,8,65,4,-1
1348,11/26/2011,Florida Atlantic,38,46,235,25,16,181,0,1,U-A-B,35,40,192,26,17,190,1,1,H,-3.5,3,6,43,-1,-1,-9,-1,0
1349,11/26/2011,Florida Intl,31,41,181,23,15,143,0,0,Middle Tennessee,18,37,102,45,28,291,2,0,V,8.5,13,4,79,-22,-13,-148,-2,0
1350,11/26/2011,Florida State,21,46,30,13,6,65,0,1,Florida,7,33,54,29,14,130,4,0,V,3,14,13,-24,-16,-8,-65,-4,1
1351,11/26/2011,Fresno State,24,39,173,28,19,276,1,2,San Jose State,27,24,61,42,27,363,1,1,H,6.5,-3,15,112,-14,-8,-87,0,1
1352,11/26/2011,Georgia,31,28,128,29,19,252,1,0,Georgia Tech,17,53,243,17,6,112,2,0,V,4.5,14,-25,-115,12,13,140,-1,0
1353,11/26/2011,Georgia Tech,17,53,243,17,6,112,2,0,Georgia,31,28,128,29,19,252,1,0,H,-4.5,-14,25,115,-12,-13,-140,1,0
1354,11/26/2011,Hawaii,35,24,124,48,30,358,2,0,Tulane,23,41,185,29,12,102,2,0,H,16.5,12,-17,-61,19,18,256,0,0
1355,11/26/2011,Illinois,7,32,82,27,15,78,0,1,Minnesota,27,53,248,15,7,85,0,0,V,8.05,-20,-21,-166,12,8,-7,0,1
1356,11/26/2011,Indiana,25,34,207,26,17,147,1,0,Purdue,33,55,292,31,19,216,0,0,H,-8,-8,-21,-85,-5,-2,-69,1,0
1357,11/26/2011,Iowa State,6,36,120,28,13,125,1,3,Oklahoma,26,45,253,45,22,256,3,1,V,-29,-20,-9,-133,-17,-9,-131,-2,2
1358,11/26/2011,Kansas,10,38,65,21,10,72,2,1,Missouri,24,47,164,22,14,187,3,0,N,-26,-14,-9,-99,-1,-4,-115,-1,1
1359,11/26/2011,Kentucky,10,56,202,6,4,15,0,0,Tennessee,7,24,61,38,15,215,2,1,H,-6,3,32,141,-32,-11,-200,-2,-1
1360,11/26/2011,Louisiana Tech,44,43,202,36,19,217,2,1,New Mexico State,0,45,160,25,15,119,3,1,H,23,44,-2,42,11,4,98,-1,0
1361,11/26/2011,Marshall,34,29,104,29,23,341,0,2,East Carolina,27,40,132,48,32,285,3,1,H,2.55,7,-11,-28,-19,-9,56,-3,1
1362,11/26/2011,Maryland,41,39,199,23,12,166,2,3,No Carolina State,56,41,133,55,36,306,1,3,V,-11,-15,-2,66,-32,-24,-140,1,0
1363,11/26/2011,Memphis,7,22,7,45,21,174,2,1,Southern Miss,44,47,255,28,15,285,1,2,V,-36.5,-37,-25,-248,17,6,-111,1,-1
1364,11/26/2011,Michigan,40,76,467,30,23,265,0,1,Ohio State,34,56,233,57,36,418,2,2,H,9,6,20,234,-27,-13,-153,-2,-1
1365,11/26/2011,Michigan State,31,36,166,20,14,214,1,0,Northwestern,17,41,117,34,24,253,0,1,V,6,14,-5,49,-14,-10,-39,1,-1
1366,11/26/2011,Middle Tennessee,18,37,102,45,28,291,2,0,Florida Intl,31,41,181,23,15,143,0,0,H,-8.5,-13,-4,-79,22,13,148,2,0
1367,11/26/2011,Minnesota,27,53,248,15,7,85,0,0,Illinois,7,32,82,27,15,78,0,1,H,-8.05,20,21,166,-12,-8,7,0,-1
1368,11/26/2011,Mississippi,3,42,92,22,12,110,0,2,Mississippi State,31,48,247,13,8,70,1,0,V,-17,-28,-6,-155,9,4,40,-1,2
1369,11/26/2011,Mississippi State,31,48,247,13,8,70,1,0,Mississippi,3,42,92,22,12,110,0,2,H,17,28,6,155,-9,-4,-40,1,-2
1370,11/26/2011,Missouri,24,47,164,22,14,187,3,0,Kansas,10,38,65,21,10,72,2,1,N,26,14,9,99,1,4,115,1,-1
1371,11/26/2011,Nevada-Las Vegas,14,34,141,28,15,120,1,0,San Diego State,31,47,239,29,13,152,1,0,H,-16.5,-17,-13,-98,-1,2,-32,0,0
1372,11/26/2011,Nevada-Reno,17,39,185,35,27,315,0,1,Utah State,21,43,199,15,8,174,1,0,V,-1.5,-4,-4,-14,20,19,141,-1,1
1373,11/26/2011,New Mexico State,0,45,160,25,15,119,3,1,Louisiana Tech,44,43,202,36,19,217,2,1,V,-23,-44,2,-42,-11,-4,-98,1,0
1374,11/26/2011,No Carolina State,56,41,133,55,36,306,1,3,Maryland,41,39,199,23,12,166,2,3,H,11,15,2,-66,32,24,140,-1,0
1375,11/26/2011,North Carolina,37,40,187,35,22,321,1,0,Duke,21,21,46,41,26,285,2,2,H,11.5,16,19,141,-6,-4,36,-1,-2
1376,11/26/2011,Northwestern,17,41,117,34,24,253,0,1,Michigan State,31,36,166,20,14,214,1,0,H,-6,-14,5,-49,14,10,39,-1,1
1377,11/26/2011,Notre Dame,14,31,57,37,17,252,2,1,Stanford,28,42,196,31,20,239,1,1,V,-7,-14,-11,-139,6,-3,13,1,0
1378,11/26/2011,Ohio State,34,31,137,26,14,235,1,0,Michigan,40,50,277,17,14,167,0,1,V,-9,-6,-19,-140,9,0,68,1,-1
1379,11/26/2011,Oklahoma,26,45,253,45,22,256,3,1,Iowa State,6,36,120,29,13,125,1,3,H,29,20,9,133,16,9,131,2,-2
1380,11/26/2011,Oregon,49,62,365,40,27,305,0,2,Oregon State,21,21,16,44,27,299,2,1,H,28,28,41,349,-4,0,6,-2,1
1381,11/26/2011,Oregon State,21,21,16,44,27,299,2,1,Oregon,49,62,365,40,27,305,0,2,V,-28,-28,-41,-349,4,0,-6,2,-1
1382,11/26/2011,Penn State,7,27,114,25,11,119,1,3,Wisconsin,45,49,264,29,19,186,0,1,V,-15.5,-38,-22,-150,-4,-8,-67,1,2
1383,11/26/2011,Purdue,33,55,292,31,19,216,0,0,Indiana,25,35,207,26,17,147,1,0,V,8,8,20,85,5,2,69,-1,0
1384,11/26/2011,Rice,24,28,87,40,23,163,1,0,S-M-U,27,35,189,25,16,179,2,3,V,-13,-3,-7,-102,15,7,-16,-1,-3
1385,11/26/2011,Rutgers,22,26,-9,40,22,439,3,3,Connecticut,40,47,178,17,11,112,0,1,V,4,-18,-21,-187,23,11,327,3,2
1386,11/26/2011,S-M-U,27,35,189,25,16,179,2,3,Rice,24,28,87,40,23,163,1,0,H,13,3,7,102,-15,-7,16,1,3
1387,11/26/2011,San Diego State,31,47,239,29,13,152,1,0,Nevada-Las Vegas,14,34,141,28,15,120,1,0,V,16.5,17,13,98,1,-2,32,0,0
1388,11/26/2011,San Jose State,27,24,61,42,27,363,1,1,Fresno State,24,39,173,28,19,276,1,2,V,-6.5,3,-15,-112,14,8,87,0,-1
1389,11/26/2011,South Carolina,34,53,210,20,14,210,0,0,Clemson,13,30,70,30,11,83,1,0,H,3.5,21,23,140,-10,3,127,-1,0
1390,11/26/2011,Southern Cal,50,19,149,42,35,423,0,0,U.C.L.A.,0,36,124,33,21,261,1,0,H,14.5,50,-17,25,9,14,162,-1,0
1391,11/26/2011,Southern Miss,44,47,255,28,15,285,1,2,Memphis,7,22,7,45,21,174,2,1,H,36.5,37,25,248,-17,-6,111,-1,1
1392,11/26/2011,Stanford,28,42,196,31,20,233,1,1,Notre Dame,14,31,61,36,17,252,2,1,H,7,14,11,135,-5,3,-19,-1,0
1393,11/26/2011,Syracuse,13,40,170,38,19,203,1,0,Cincinnati,30,42,189,25,15,179,0,0,H,-1,-17,-2,-19,13,4,24,1,0
1394,11/26/2011,Tennessee,7,24,61,38,15,215,2,1,Kentucky,10,56,202,6,4,15,0,0,V,6,-3,-32,-141,32,11,200,2,1
1395,11/26/2011,Texas Tech,42,17,46,56,42,398,2,2,Baylor,66,79,360,23,16,257,0,2,N,-13,-24,-62,-314,33,26,141,2,0
1396,11/26/2011,Troy,18,17,27,33,18,303,2,1,Western Kentucky,41,64,338,18,11,156,0,1,V,-4.5,-23,-47,-311,15,7,147,2,0
1397,11/26/2011,Tulane,23,41,185,29,12,102,2,0,Hawaii,35,24,124,48,30,358,2,0,V,-16.5,-12,17,61,-19,-18,-256,0,0
1398,11/26/2011,U-A-B,35,40,192,26,17,190,1,1,Florida Atlantic,38,46,235,25,16,181,0,1,V,3.5,-3,-6,-43,1,1,9,1,0
1399,11/26/2011,U.C.L.A.,0,36,124,33,21,261,1,0,Southern Cal,50,19,149,42,35,423,0,0,V,-14.5,-50,17,-25,-9,-14,-162,1,0
1400,11/26/2011,UL-Lafayette,37,25,80,37,25,328,0,1,Arizona,45,32,121,48,37,373,2,0,V,-12,-8,-7,-41,-11,-12,-45,-2,1
1401,11/26/2011,Utah State,21,43,199,15,8,174,1,0,Nevada-Reno,17,39,185,35,27,315,0,1,H,1.5,4,4,14,-20,-19,-141,1,-1
1402,11/26/2011,Vanderbilt,41,55,297,16,8,184,0,0,Wake Forest,7,32,146,38,19,183,0,1,V,-2,34,23,151,-22,-11,1,0,-1
1403,11/26/2011,Virginia,0,26,30,30,16,211,2,2,Virginia Tech,38,45,183,25,16,227,0,0,H,-4.5,-38,-19,-153,5,0,-16,2,2
1404,11/26/2011,Virginia Tech,38,45,183,25,16,227,0,0,Virginia,0,26,30,30,16,211,2,2,V,4.5,38,19,153,-5,0,16,-2,-2
1405,11/26/2011,Wake Forest,7,32,146,38,19,183,0,1,Vanderbilt,41,55,297,16,8,184,0,0,H,2,-34,-23,-151,22,11,-1,0,1
1406,11/26/2011,Washington,38,29,143,30,21,291,0,0,Washington State,21,29,38,42,29,344,1,1,N,8.5,17,0,105,-12,-8,-53,-1,-1
1407,11/26/2011,Washington State,21,30,23,42,29,343,1,1,Washington,38,29,142,30,21,291,0,0,N,-8.5,-17,1,-119,12,8,52,1,1
1408,11/26/2011,Western Kentucky,41,64,338,18,11,156,0,1,Troy,18,17,27,33,18,303,2,1,H,4.5,23,47,311,-15,-7,-147,-2,0
1409,11/26/2011,Wisconsin,45,49,264,29,19,186,0,1,Penn State,7,27,114,25,11,119,1,3,H,15.5,38,22,150,4,8,67,-1,-2
1410,11/26/2011,Wyoming,14,30,113,25,17,78,1,1,Boise State,36,41,200,36,24,279,1,1,V,-32,-22,-11,-87,-11,-7,-201,0,0
1411,12/01/2011,South Florida,27,39,171,44,21,226,1,1,West Virginia,30,30,127,36,23,237,2,1,H,-2.5,-3,9,44,8,-2,-11,-1,0
1412,12/01/2011,West Virginia,30,30,127,36,23,237,2,1,South Florida,27,39,171,44,21,226,1,1,V,2.5,3,-9,-44,-8,2,11,1,0
1413,12/02/2011,Northern Illinois,23,36,155,26,16,250,1,3,Ohio,20,39,130,32,19,242,3,0,N,3.5,3,-3,25,-6,-3,8,-2,3
1414,12/02/2011,Ohio,20,39,130,32,19,242,3,0,Northern Illinois,23,36,155,26,16,250,1,3,N,-3.5,-3,3,-25,6,3,-8,2,-3
1415,12/02/2011,Oregon,49,50,352,36,20,219,1,1,U.C.L.A.,31,43,160,28,14,177,1,3,H,31,18,7,192,8,6,42,0,-2
1416,12/02/2011,U.C.L.A.,31,43,160,28,14,177,1,3,Oregon,49,50,352,36,20,219,1,1,V,-31,-18,-7,-192,-8,-6,-42,0,2
1417,12/03/2011,Arkansas State,45,41,133,37,25,356,1,0,Troy,14,25,62,52,32,311,2,2,H,18,31,16,71,-15,-7,45,-1,-2
1418,12/03/2011,Baylor,48,38,191,22,15,320,1,0,Texas,24,45,201,40,24,356,4,2,H,1.5,24,-7,-10,-18,-9,-36,-3,-2
1419,12/03/2011,Boise State,45,37,149,45,37,394,1,0,New Mexico,0,28,52,28,16,145,0,0,H,48,45,9,97,17,21,249,1,0
1420,12/03/2011,Brigham Young,41,38,167,38,25,363,0,0,Hawaii,20,16,17,47,25,282,0,1,V,8,21,22,150,-9,0,81,0,-1
1421,12/03/2011,Cincinnati,35,40,102,35,15,217,2,1,Connecticut,27,34,18,40,20,252,1,2,H,8,8,6,84,-5,-5,-35,1,-1
1422,12/03/2011,Clemson,38,45,217,30,20,240,0,0,Virginia Tech,10,29,56,44,22,274,2,1,N,-7,28,16,161,-14,-2,-34,-2,-1
1423,12/03/2011,Colorado State,19,51,263,26,15,143,3,0,Wyoming,22,41,225,23,11,191,2,1,H,-6,-3,10,38,3,4,-48,1,-1
1424,12/03/2011,Connecticut,27,34,18,40,20,252,1,2,Cincinnati,35,40,102,35,15,217,2,1,V,-8,-8,-6,-84,5,5,35,-1,1
1425,12/03/2011,Florida Atlantic,0,31,69,28,11,79,2,0,UL-Monroe,26,52,231,25,17,193,1,0,H,-7.5,-26,-21,-162,3,-6,-114,1,0
1426,12/03/2011,Fresno State,28,28,48,35,19,336,1,0,San Diego State,35,38,215,40,21,281,0,0,V,-7.5,-7,-10,-167,-5,-2,55,1,0
1427,12/03/2011,Georgia,10,34,78,51,20,218,2,1,Louisiana State,42,35,207,13,5,30,0,0,N,-13,-32,-1,-129,38,15,188,2,1
1428,12/03/2011,Hawaii,20,16,17,47,25,282,0,1,Brigham Young,41,38,167,38,25,363,0,0,H,-8,-21,-22,-150,9,0,-81,0,1
1429,12/03/2011,Houston,28,31,55,67,41,373,2,0,Southern Miss,49,39,207,34,17,279,2,1,H,13,-21,-8,-152,33,24,94,0,-1
1430,12/03/2011,Idaho,3,27,128,36,13,178,3,0,Nevada-Reno,56,45,226,37,29,361,0,0,V,-19.5,-53,-18,-98,-1,-16,-183,3,0
1431,12/03/2011,Iowa State,23,51,215,27,15,153,1,1,Kansas State,30,45,201,15,7,158,0,0,V,-10.5,-7,6,14,12,8,-5,1,1
1432,12/03/2011,Kansas State,30,45,201,15,7,158,0,0,Iowa State,23,51,215,27,15,153,1,1,H,10.5,7,-6,-14,-12,-8,5,-1,-1
1433,12/03/2011,Louisiana State,42,35,207,13,5,30,0,0,Georgia,10,34,78,51,20,218,2,1,N,13,32,1,129,-38,-15,-188,-2,-1
1434,12/03/2011,Michigan State,39,34,190,30,22,281,1,1,Wisconsin,42,37,126,25,18,219,0,0,N,-9.5,-3,-3,64,5,4,62,1,1
1435,12/03/2011,Middle Tennessee,7,38,140,28,10,91,0,3,North Texas,59,69,464,7,2,23,0,1,V,-4.5,-52,-31,-324,21,8,68,0,2
1436,12/03/2011,Nevada-Las Vegas,9,42,116,12,4,48,1,0,Texas Christian,56,39,186,23,16,199,0,1,V,-39,-47,3,-70,-11,-12,-151,1,-1
1437,12/03/2011,Nevada-Reno,56,45,226,37,29,361,0,0,Idaho,3,27,128,36,13,178,3,0,H,19.5,53,18,98,1,16,183,-3,0
1438,12/03/2011,New Mexico,0,28,52,28,16,145,0,0,Boise State,45,37,149,45,37,394,1,0,V,-48,-45,-9,-97,-17,-21,-249,-1,0
1439,12/03/2011,New Mexico State,21,24,146,40,17,251,2,1,Utah State,24,73,392,17,12,123,1,1,H,-14,-3,-49,-246,23,5,128,1,0
1440,12/03/2011,North Texas,59,69,464,7,2,23,0,1,Middle Tennessee,7,38,140,28,10,91,0,3,H,4.5,52,31,324,-21,-8,-68,0,-2
1441,12/03/2011,Oklahoma,10,33,108,50,27,250,2,3,Oklahoma State,44,33,278,36,24,217,0,1,V,-3.5,-34,0,-170,14,3,33,2,2
1442,12/03/2011,Oklahoma State,44,33,278,36,24,217,0,1,Oklahoma,10,33,108,50,27,250,2,3,H,3.5,34,0,170,-14,-3,-33,-2,-2
1443,12/03/2011,Pittsburgh,33,35,74,35,25,259,1,0,Syracuse,20,35,120,32,23,225,2,4,H,8,13,0,-46,3,2,34,-1,-4
1444,12/03/2011,San Diego State,35,38,215,40,21,281,0,0,Fresno State,28,28,48,35,19,336,1,0,H,7.5,7,10,167,5,2,-55,-1,0
1445,12/03/2011,Southern Miss,49,39,207,34,17,279,2,1,Houston,28,31,55,67,41,373,2,0,V,-13,21,8,152,-33,-24,-94,0,1
1446,12/03/2011,Syracuse,20,35,120,32,23,225,2,4,Pittsburgh,33,35,74,35,25,259,1,0,V,-8,-13,0,46,-3,-2,-34,1,4
1447,12/03/2011,Texas,24,45,201,40,24,356,4,2,Baylor,48,38,191,22,15,320,1,0,V,-1.5,-24,7,10,18,9,36,3,2
1448,12/03/2011,Texas Christian,56,39,186,23,16,199,0,1,Nevada-Las Vegas,9,42,116,12,4,48,1,0,H,39,47,-3,70,11,12,151,-1,1
1449,12/03/2011,Troy,14,25,62,52,32,311,2,2,Arkansas State,45,41,133,37,25,356,1,0,V,-18,-31,-16,-71,15,7,-45,1,2
1450,12/03/2011,UL-Monroe,26,52,231,25,17,193,1,0,Florida Atlantic,0,31,69,28,11,79,2,0,V,7.5,26,21,162,-3,6,114,-1,0
1451,12/03/2011,Utah State,24,73,392,17,12,123,1,1,New Mexico State,21,24,145,40,17,252,2,1,V,14,3,49,247,-23,-5,-129,-1,0
1452,12/03/2011,Virginia Tech,10,29,56,44,22,274,2,1,Clemson,38,45,217,30,20,240,0,0,N,7,-28,-16,-161,14,2,34,2,1
1453,12/03/2011,Wisconsin,42,37,126,25,18,219,0,0,Michigan State,39,34,190,30,22,281,1,1,N,9.5,3,3,-64,-5,-4,-62,-1,-1
1454,12/03/2011,Wyoming,22,41,225,23,11,191,2,1,Colorado State,19,51,263,26,15,143,3,0,V,6,3,-10,-38,-3,-4,48,-1,1
1455,12/10/2011,Army,21,50,298,6,4,77,0,3,Navy,27,66,296,3,1,13,0,2,V,-7.5,-6,-16,2,3,3,64,0,1
1456,12/10/2011,Navy,27,66,296,3,1,13,0,2,Army,21,50,298,6,4,77,0,3,H,7.5,6,16,-2,-3,-3,-64,0,-1
