,Date,TeamName,ScoreOff,RushAttOff,RushYdsOff,PassAttOff,PassCompOff,PassYdsOff,PassIntOff,FumblesOff,Opponent,ScoreDef,RushAttDef,RushYdsDef,PassAttDef,PassCompDef,PassYdsDef,PassIntDef,FumblesDef,Site,Line,ScoreDiff,RushAttDiff,RushYdsDiff,PassAttDiff,PassCompDiff,PassYdsDiff,PassIntDiff,FumblesDiff
0,08/29/2013,Akron,7,35,134,25,18,116,1,1,U-C-F,38,39,157,27,19,319,0,0,V,-24,-31,-4,-23,-2,-1,-203,1,1
1,08/29/2013,Ball State,51,32,80,40,24,340,0,0,Illinois State,28,36,74,29,20,282,1,1,H, ,23,-4,6,11,4,58,-1,-1
2,08/29/2013,Bowling Green,34,53,233,28,12,163,1,0,Tulsa,7,24,51,41,20,222,0,2,H,3,27,29,182,-13,-8,-59,1,-2
3,08/29/2013,Connecticut,18,27,81,28,16,206,1,1,Towson,33,50,201,20,13,192,1,0,H, ,-15,-23,-120,8,3,14,0,1
4,08/29/2013,Fresno State,52,23,81,74,53,470,1,2,Rutgers,51,32,195,41,26,348,1,1,H,10.5,1,-9,-114,33,27,122,0,1
5,08/29/2013,Hawaii,13,31,23,41,16,208,4,0,Southern Cal,30,45,192,29,15,172,1,1,H,-24.5,-17,-14,-169,12,1,36,3,-1
6,08/29/2013,Indiana,73,54,313,30,17,319,2,1,Indiana State,35,39,131,32,12,175,1,1,H, ,38,15,182,-2,5,144,1,0
7,08/29/2013,Kent State,17,49,167,28,21,194,0,1,Liberty,10,22,33,22,14,189,0,0,H, ,7,27,134,6,7,5,0,1
8,08/29/2013,Middle Tennessee,45,49,270,27,19,205,0,2,Western Carolina,24,35,114,36,19,257,2,0,H, ,21,14,156,-9,0,-52,-2,2
9,08/29/2013,Minnesota,51,38,221,23,10,99,1,0,Nevada-Las Vegas,23,34,193,51,36,226,2,0,H,13.5,28,4,28,-28,-26,-127,-1,0
10,08/29/2013,Mississippi,39,37,206,47,31,283,0,0,Vanderbilt,35,33,126,36,21,300,2,0,V,3.5,4,4,80,11,10,-17,-2,0
11,08/29/2013,Nevada-Las Vegas,23,34,193,51,36,226,2,0,Minnesota,51,38,221,23,10,99,1,0,V,-13.5,-28,-4,-28,28,26,127,1,0
12,08/29/2013,North Carolina,10,36,99,43,26,194,0,1,South Carolina,27,38,228,21,12,178,0,0,V,-13,-17,-2,-129,22,14,16,0,1
13,08/29/2013,Rutgers,51,32,195,41,26,348,1,1,Fresno State,52,23,81,74,53,470,1,2,V,-10.5,-1,9,114,-33,-27,-122,0,-1
14,08/29/2013,San Jose State,24,29,142,32,16,225,0,0,Sacramento State,0,39,86,40,23,192,2,0,H, ,24,-10,56,-8,-7,33,-2,0
15,08/29/2013,South Alabama,21,34,187,28,18,148,1,0,Southern Utah,22,40,134,24,13,183,0,0,H, ,-1,-6,53,4,5,-35,1,0
16,08/29/2013,South Carolina,27,38,228,21,12,178,0,0,North Carolina,10,36,99,43,26,194,0,1,H,13,17,2,129,-22,-14,-16,0,-1
17,08/29/2013,Southern Cal,30,45,192,29,15,172,1,1,Hawaii,13,31,23,41,16,208,4,0,V,24.5,17,14,169,-12,-1,-36,-3,1
18,08/29/2013,Tulane,34,43,158,16,7,150,0,0,Jackson State,7,48,112,29,15,244,4,2,H, ,27,-5,46,-13,-8,-94,-4,-2
19,08/29/2013,Tulsa,7,24,51,41,20,222,0,2,Bowling Green,34,53,233,28,12,163,1,0,V,-3,-27,-29,-182,13,8,59,-1,2
20,08/29/2013,U-C-F,38,39,157,27,19,319,0,0,Akron,7,35,134,25,18,116,1,1,H,24,31,4,23,2,1,203,-1,-1
21,08/29/2013,Utah,30,44,148,28,17,302,0,1,Utah State,26,39,173,40,31,314,0,1,H,1,4,5,-25,-12,-14,-12,0,0
22,08/29/2013,Utah State,26,39,173,40,31,314,0,1,Utah,30,44,148,28,17,302,0,1,V,-1,-4,-5,25,12,14,12,0,0
23,08/29/2013,Vanderbilt,35,33,126,36,21,300,2,0,Mississippi,39,37,206,47,31,283,0,0,H,-3.5,-4,-4,-80,-11,-10,17,2,0
24,08/29/2013,Wake Forest,31,54,189,26,14,219,0,2,Presbyterian,7,24,102,19,11,49,3,3,H, ,24,30,87,7,3,170,-3,-1
25,08/30/2013,Arizona,35,34,306,13,9,87,0,0,Northern Arizona,0,39,94,36,21,176,3,0,H, ,35,-5,212,-23,-12,-89,-3,0
26,08/30/2013,Army,28,42,295,8,4,101,0,0,Morgan State,12,52,185,10,6,116,0,1,H, ,16,-10,110,-2,-2,-15,0,-1
27,08/30/2013,Florida Atlantic,6,43,133,32,16,117,0,1,Miami-Florida,34,38,303,31,18,200,1,0,V,-31.5,-28,5,-170,1,-2,-83,-1,1
28,08/30/2013,Georgia State,21,25,72,51,28,391,2,0,Samford,31,36,105,31,19,193,1,0,H, ,-10,-11,-33,20,9,198,1,0
29,08/30/2013,Houston,62,50,372,38,26,255,0,0,Southern Univ,13,30,104,36,27,268,1,3,H, ,49,20,268,2,-1,-13,-1,-3
30,08/30/2013,Kansas State,21,23,41,29,21,280,2,0,North Dakota St,24,43,215,30,21,165,1,0,H, ,-3,-20,-174,-1,0,115,1,0
31,08/30/2013,Miami-Florida,34,38,303,31,18,200,1,0,Florida Atlantic,6,43,133,32,16,117,0,1,H,31.5,28,-5,170,-1,2,83,1,-1
32,08/30/2013,Michigan State,26,42,181,37,17,116,0,1,Western Michigan,13,27,11,48,18,193,3,1,H,27.5,13,15,170,-11,-1,-77,-3,0
33,08/30/2013,S-M-U,23,31,102,62,41,388,0,0,Texas Tech,41,27,48,60,43,413,0,0,H,-4.5,-18,4,54,2,-2,-25,0,0
34,08/30/2013,Texas Tech,41,27,48,60,43,413,0,0,S-M-U,23,31,102,62,41,388,0,0,V,4.5,18,-4,-54,-2,2,25,0,0
35,08/30/2013,Western Michigan,13,27,11,48,18,193,3,1,Michigan State,26,42,181,37,17,116,0,1,V,-27.5,-13,-15,-170,11,1,77,3,0
36,08/31/2013,Air Force,38,64,409,11,7,72,0,0,Colgate,13,41,157,27,14,143,0,0,H, ,25,23,252,-16,-7,-71,0,0
37,08/31/2013,Alabama,35,38,96,24,10,110,1,0,Virginia Tech,10,33,153,26,5,59,1,0,N,22.5,25,5,-57,-2,5,51,0,0
38,08/31/2013,Arkansas,34,51,292,23,15,230,0,1,UL-Lafayette,14,32,85,31,17,189,1,1,H,10,20,19,207,-8,-2,41,-1,0
39,08/31/2013,Arkansas State,62,57,509,13,10,163,0,2,Arkansas-Pine Bluff,11,31,12,27,13,161,0,0,H, ,51,26,497,-14,-3,2,0,2
40,08/31/2013,Auburn,31,45,297,20,10,99,0,1,Washington State,24,23,120,65,35,344,3,0,H,14,7,22,177,-45,-25,-245,-3,1
41,08/31/2013,Baylor,69,44,281,28,23,411,0,2,Wofford,3,60,173,17,8,60,1,2,H, ,66,-16,108,11,15,351,-1,0
42,08/31/2013,Boise State,6,42,171,46,29,175,1,0,Washington,38,54,268,31,23,324,1,0,V,-4.5,-32,-12,-97,15,6,-149,0,0
43,08/31/2013,Boston College,24,40,128,30,23,285,0,1,Villanova,14,36,197,26,16,158,3,1,H, ,10,4,-69,4,7,127,-3,0
44,08/31/2013,Brigham Young,16,53,187,40,13,175,1,0,Virginia,19,42,109,32,18,114,1,1,V,3,-3,11,78,8,-5,61,0,-1
45,08/31/2013,Buffalo,20,35,73,32,19,185,1,0,Ohio State,40,45,261,23,16,199,1,1,V,-35,-20,-10,-188,9,3,-14,0,-1
46,08/31/2013,California,30,35,93,64,39,455,3,0,Northwestern,44,40,209,30,19,299,2,1,H,-6,-14,-5,-116,34,20,156,1,-1
47,08/31/2013,Central Michigan,9,29,66,28,13,144,1,1,Michigan,59,47,242,21,14,221,3,0,V,-31,-50,-18,-176,7,-1,-77,-2,1
48,08/31/2013,Cincinnati,42,47,221,25,17,204,2,1,Purdue,7,22,65,35,18,161,2,2,H,11,35,25,156,-10,-1,43,0,-1
49,08/31/2013,Clemson,38,46,197,30,18,270,0,1,Georgia,35,41,222,29,20,323,1,1,H,-3,3,5,-25,1,-2,-53,-1,0
50,08/31/2013,Duke,45,49,257,28,21,231,1,0,No Carolina Central,0,29,81,32,14,103,1,1,H, ,45,20,176,-4,7,128,0,-1
51,08/31/2013,East Carolina,52,22,34,54,46,447,0,0,Old Dominion,38,23,90,52,39,370,0,1,H, ,14,-1,-56,2,7,77,0,-1
52,08/31/2013,Eastern Michigan,34,42,170,26,19,210,1,0,Howard,24,35,202,32,19,182,2,0,H, ,10,7,-32,-6,0,28,-1,0
53,08/31/2013,Florida,24,48,262,22,17,153,0,1,Toledo,6,16,50,38,17,155,1,0,H,22,18,32,212,-16,0,-2,-1,1
54,08/31/2013,Florida Intl,10,40,91,22,10,80,1,1,Maryland,43,42,251,29,25,325,0,2,V,-21,-33,-2,-160,-7,-15,-245,1,-1
55,08/31/2013,Georgia,35,41,222,29,20,323,1,1,Clemson,38,46,197,30,18,270,0,1,V,3,-3,-5,25,-1,2,53,1,0
56,08/31/2013,Georgia Tech,70,50,368,11,7,189,0,0,Elon,0,34,89,35,20,164,3,1,H, ,70,16,279,-24,-13,25,-3,-1
57,08/31/2013,Idaho,6,35,160,28,19,230,0,3,North Texas,40,45,187,34,28,404,1,1,V,-17,-34,-10,-27,-6,-9,-174,-1,2
58,08/31/2013,Illinois,42,30,49,37,29,415,1,1,Southern Illinois,34,26,66,41,26,341,0,1,H, ,8,4,-17,-4,3,74,1,0
59,08/31/2013,Iowa,27,43,202,37,21,256,2,1,Northern Illinois,30,42,163,41,25,275,0,1,H,3,-3,1,39,-4,-4,-19,2,0
60,08/31/2013,Iowa State,20,44,168,32,22,242,0,0,Northern Iowa,28,33,228,29,22,229,0,2,H, ,-8,11,-60,3,0,13,0,-2
61,08/31/2013,Kentucky,26,32,216,28,18,203,0,1,Western Kentucky,35,41,216,34,27,271,0,2,N,4.5,-9,-9,0,-6,-9,-68,0,-1
62,08/31/2013,Louisiana State,37,48,197,32,16,251,0,1,Texas Christian,27,26,114,28,15,145,1,1,V,6,10,22,83,4,1,106,-1,0
63,08/31/2013,Louisiana Tech,14,33,143,27,15,178,0,4,No Carolina State,40,56,237,31,18,305,1,0,V,-14.5,-26,-23,-94,-4,-3,-127,-1,4
64,08/31/2013,Marshall,52,57,304,37,24,287,1,0,Miami-Ohio,14,34,74,23,10,165,1,0,H,21,38,23,230,14,14,122,0,0
65,08/31/2013,Maryland,43,42,251,29,25,325,0,2,Florida Intl,10,40,91,22,10,80,1,1,H,21,33,2,160,7,15,245,-1,1
66,08/31/2013,Massachusetts,0,29,100,30,14,112,1,1,Wisconsin,45,44,393,18,10,205,1,0,V,-43,-45,-15,-293,12,4,-93,0,1
67,08/31/2013,Miami-Ohio,14,34,74,23,10,165,1,0,Marshall,52,57,304,37,24,287,1,0,V,-21,-38,-23,-230,-14,-14,-122,0,0
68,08/31/2013,Michigan,59,47,242,21,14,221,3,0,Central Michigan,9,29,66,28,13,144,1,1,H,31,50,18,176,-7,1,77,2,-1
69,08/31/2013,Mississippi State,3,37,111,33,17,222,2,0,Oklahoma State,21,40,286,33,21,146,0,0,N,-13,-18,-3,-175,0,-4,76,2,0
70,08/31/2013,Missouri,58,45,358,42,28,336,0,1,Murray State,14,36,123,39,23,174,3,0,H, ,44,9,235,3,5,162,-3,1
71,08/31/2013,Nebraska,37,63,375,22,17,155,1,1,Wyoming,34,30,219,44,29,383,2,0,H,31,3,33,156,-22,-12,-228,-1,1
72,08/31/2013,Nevada-Reno,20,51,171,35,21,182,0,0,U.C.L.A.,58,47,345,35,24,302,0,1,V,-21,-38,4,-174,0,-3,-120,0,-1
73,08/31/2013,New Mexico,13,42,193,17,6,84,0,0,Texas-San Antonio,21,33,157,34,21,237,0,1,H,4,-8,9,36,-17,-15,-153,0,-1
74,08/31/2013,New Mexico State,7,38,104,46,32,242,1,2,Texas,56,42,359,30,22,356,2,1,V,-43.5,-49,-4,-255,16,10,-114,-1,1
75,08/31/2013,No Carolina State,40,56,237,31,18,305,1,0,Louisiana Tech,14,33,143,27,15,178,0,4,H,14.5,26,23,94,4,3,127,1,-4
76,08/31/2013,North Texas,40,45,187,34,28,404,1,1,Idaho,6,35,160,28,19,230,0,3,H,17,34,10,27,6,9,174,1,-2
77,08/31/2013,Northern Illinois,30,42,163,41,25,275,0,1,Iowa,27,43,202,37,21,256,2,1,V,-3,3,-1,-39,4,4,19,-2,0
78,08/31/2013,Northwestern,44,40,209,30,19,299,2,1,California,30,35,93,64,39,455,3,0,V,6,14,5,116,-34,-20,-156,-1,1
79,08/31/2013,Notre Dame,28,35,188,27,17,355,0,0,Temple,6,29,134,47,23,228,0,1,H,28,22,6,54,-20,-6,127,0,-1
80,08/31/2013,Ohio State,40,45,261,23,16,199,1,1,Buffalo,20,35,73,32,19,185,1,0,H,35,20,10,188,-9,-3,14,0,1
81,08/31/2013,Oklahoma,34,50,305,33,14,124,1,0,UL-Monroe,0,22,38,39,20,128,1,0,H,21.5,34,28,267,-6,-6,-4,0,0
82,08/31/2013,Oklahoma State,21,40,286,33,21,146,0,0,Mississippi State,3,37,111,33,17,222,2,0,N,13,18,3,175,0,4,-76,-2,0
83,08/31/2013,Oregon,66,45,500,26,15,272,0,0,Nicholls State,3,37,87,50,25,256,0,2,H, ,63,8,413,-24,-10,16,0,-2
84,08/31/2013,Oregon State,46,24,105,44,37,422,0,0,Eastern Washington,49,37,177,34,26,448,0,0,H, ,-3,-13,-72,10,11,-26,0,0
85,08/31/2013,Penn State,23,38,57,32,23,296,2,2,Syracuse,17,37,71,37,16,189,2,1,N,9,6,1,-14,-5,7,107,0,1
86,08/31/2013,Purdue,7,22,65,35,18,161,2,2,Cincinnati,42,47,221,25,17,204,2,1,V,-11,-35,-25,-156,10,1,-43,0,1
87,08/31/2013,Rice,31,51,306,37,21,203,2,0,Texas A+M,52,39,202,27,20,284,0,1,V,-30,-21,12,104,10,1,-81,2,-1
88,08/31/2013,San Diego State,19,35,122,64,27,318,4,1,Eastern Illinois,40,36,172,46,31,361,0,2,H, ,-21,-1,-50,18,-4,-43,4,-1
89,08/31/2013,South Florida,21,21,133,40,19,209,2,1,McNeese State,53,42,180,25,16,244,1,0,H, ,-32,-21,-47,15,3,-35,1,1
90,08/31/2013,Southern Miss,15,24,23,53,28,377,2,4,Texas State,22,40,81,22,14,134,0,1,H,9,-7,-16,-58,31,14,243,2,3
91,08/31/2013,Syracuse,17,37,71,37,16,189,2,1,Penn State,23,38,57,32,23,296,2,2,N,-9,-6,-1,14,5,-7,-107,0,-1
92,08/31/2013,Temple,6,29,134,47,23,228,0,1,Notre Dame,28,35,188,27,17,355,0,0,V,-28,-22,-6,-54,20,6,-127,0,1
93,08/31/2013,Tennessee,45,52,315,21,15,132,0,1,Austin Peay,0,27,79,26,13,132,2,0,H, ,45,25,236,-5,2,0,-2,1
94,08/31/2013,Texas,56,42,359,30,22,356,2,1,New Mexico State,7,38,104,46,32,242,1,2,H,43.5,49,4,255,-16,-10,114,1,-1
95,08/31/2013,Texas A+M,52,39,202,27,20,284,0,1,Rice,31,51,306,37,21,203,2,0,H,30,21,-12,-104,-10,-1,81,-2,1
96,08/31/2013,Texas Christian,27,26,114,28,15,145,1,1,Louisiana State,37,48,197,32,16,251,0,1,H,-6,-10,-22,-83,-4,-1,-106,1,0
97,08/31/2013,Texas State,22,40,81,22,14,134,0,1,Southern Miss,15,24,23,53,28,377,2,4,V,-9,7,16,58,-31,-14,-243,-2,-3
98,08/31/2013,Texas-San Antonio,21,33,157,34,21,237,0,1,New Mexico,13,42,193,17,6,84,0,0,V,-4,8,-9,-36,17,15,153,0,1
99,08/31/2013,Toledo,6,16,50,38,17,155,1,0,Florida,24,48,262,22,17,153,0,1,V,-22,-18,-32,-212,16,0,2,1,-1
100,08/31/2013,Troy,34,39,178,33,30,319,0,2,U-A-B,31,31,114,35,21,339,0,0,H,3.5,3,8,64,-2,9,-20,0,2
101,08/31/2013,U-A-B,31,31,114,35,21,339,0,0,Troy,34,39,178,33,30,319,0,2,V,-3.5,-3,-8,-64,2,-9,20,0,-2
102,08/31/2013,U.C.L.A.,58,47,345,35,24,302,0,1,Nevada-Reno,20,51,171,35,21,182,0,0,H,21,38,-4,174,0,3,120,0,1
103,08/31/2013,UL-Lafayette,14,32,85,31,17,189,1,1,Arkansas,34,51,292,23,15,230,0,1,V,-10,-20,-19,-207,8,2,-41,1,0
104,08/31/2013,UL-Monroe,0,22,38,39,20,128,1,0,Oklahoma,34,50,305,33,14,124,1,0,V,-21.5,-34,-28,-267,6,6,4,0,0
105,08/31/2013,Virginia,19,42,109,32,18,114,1,1,Brigham Young,16,53,187,40,13,175,1,0,H,-3,3,-11,-78,-8,5,-61,0,1
106,08/31/2013,Virginia Tech,10,33,153,26,5,59,1,0,Alabama,35,38,96,24,10,110,1,0,N,-22.5,-25,-5,57,2,-5,-51,0,0
107,08/31/2013,Washington,38,54,268,31,23,324,1,0,Boise State,6,42,171,46,29,175,1,0,H,4.5,32,12,97,-15,-6,149,0,0
108,08/31/2013,Washington State,24,23,120,65,35,344,3,0,Auburn,31,45,297,20,10,99,0,1,V,-14,-7,-22,-177,45,25,245,3,-1
109,08/31/2013,West Virginia,24,44,172,27,19,237,0,1,William + Mary,17,31,102,27,18,207,1,0,H, ,7,13,70,0,1,30,-1,1
110,08/31/2013,Western Kentucky,35,41,216,34,27,271,0,2,Kentucky,26,32,216,28,18,203,0,1,N,-4.5,9,9,0,6,9,68,0,1
111,08/31/2013,Wisconsin,45,44,393,18,10,205,1,0,Massachusetts,0,29,100,30,14,112,1,1,H,43,45,15,293,-12,-4,93,0,-1
112,08/31/2013,Wyoming,34,30,219,44,29,383,2,0,Nebraska,37,63,375,22,17,155,1,1,V,-31,-3,-33,-156,22,12,228,1,-1
113,09/01/2013,Colorado,41,35,113,46,33,400,0,0,Colorado State,27,28,94,39,22,201,0,2,N,-3,14,7,19,7,11,199,0,-2
114,09/01/2013,Colorado State,27,28,94,39,22,201,0,2,Colorado,41,35,113,46,33,400,0,0,N,3,-14,-7,-19,-7,-11,-199,0,2
115,09/01/2013,Louisville,49,40,199,31,25,416,1,0,Ohio,7,28,81,31,15,192,1,0,H,21,42,12,118,0,10,224,0,0
116,09/01/2013,Ohio,7,28,81,31,15,192,1,0,Louisville,49,40,199,31,25,416,1,0,V,-21,-42,-12,-118,0,-10,-224,0,0
117,09/02/2013,Florida State,41,33,156,29,27,357,0,0,Pittsburgh,13,24,96,28,15,201,2,0,V,12.5,28,9,60,1,12,156,-2,0
118,09/02/2013,Pittsburgh,13,24,96,28,15,201,2,0,Florida State,41,33,156,29,27,357,0,0,H,-12.5,-28,-9,-60,-1,-12,-156,2,0
119,09/05/2013,Arizona State,55,44,158,36,27,365,0,0,Sacramento State,0,31,51,23,12,116,2,2,H, ,55,13,107,13,15,249,-2,-2
120,09/05/2013,East Carolina,31,34,110,30,20,202,0,2,Florida Atlantic,13,34,104,40,23,178,2,1,H,21,18,0,6,-10,-3,24,-2,1
121,09/05/2013,Florida Atlantic,13,34,104,40,23,178,2,1,East Carolina,31,34,110,30,20,202,0,2,V,-21,-18,0,-6,10,3,-24,2,-1
122,09/06/2013,Boston College,24,46,191,14,7,123,1,0,Wake Forest,10,39,55,30,18,191,1,2,H,3,14,7,136,-16,-11,-68,0,-2
123,09/06/2013,Florida Intl,0,29,31,28,19,142,0,1,U-C-F,38,38,165,21,14,225,0,0,H,-26,-38,-9,-134,7,5,-83,0,1
124,09/06/2013,U-C-F,38,38,165,21,14,225,0,0,Florida Intl,0,29,31,28,19,142,0,1,V,26,38,9,134,-7,-5,83,0,-1
125,09/06/2013,Wake Forest,10,39,55,30,18,191,1,2,Boston College,24,46,191,14,7,123,1,0,V,-3,-14,-7,-136,16,11,68,0,2
126,09/07/2013,Air Force,20,49,162,18,6,108,0,1,Utah State,52,46,217,40,32,360,1,1,H,-9.5,-32,3,-55,-22,-26,-252,-1,0
127,09/07/2013,Akron,35,25,69,32,20,287,1,0,James Madison,33,51,188,43,29,310,1,1,H, ,2,-26,-119,-11,-9,-23,0,-1
128,09/07/2013,Arizona,58,68,397,21,8,81,0,1,Nevada-Las Vegas,13,35,157,28,9,125,2,1,V,13,45,33,240,-7,-1,-44,-2,0
129,09/07/2013,Arkansas,31,53,333,17,9,125,0,2,Samford,21,25,114,28,19,117,0,0,H, ,10,28,219,-11,-10,8,0,2
130,09/07/2013,Arkansas State,9,39,150,41,29,272,0,1,Auburn,38,50,301,19,11,167,0,1,V,-10.5,-29,-11,-151,22,18,105,0,0
131,09/07/2013,Army,14,64,363,20,7,76,1,2,Ball State,40,34,115,37,23,325,0,1,V,-10.5,-26,30,248,-17,-16,-249,1,1
132,09/07/2013,Auburn,38,51,299,19,11,167,0,1,Arkansas State,9,39,150,41,29,272,0,1,H,10.5,29,12,149,-22,-18,-105,0,0
133,09/07/2013,Ball State,40,34,115,37,23,325,0,1,Army,14,64,363,20,7,76,1,2,H,10.5,26,-30,-248,17,16,249,-1,-1
134,09/07/2013,Baylor,70,55,329,25,19,452,0,0,Buffalo,13,49,83,26,15,280,1,1,H,30,57,6,246,-1,4,172,-1,-1
135,09/07/2013,Boise State,63,49,220,32,20,252,0,1,Tennessee-Martin,14,49,152,35,21,210,4,2,H, ,49,0,68,-3,-1,42,-4,-1
136,09/07/2013,Bowling Green,41,46,219,25,19,357,0,0,Kent State,22,28,138,28,15,164,0,1,V,7.5,19,18,81,-3,4,193,0,-1
137,09/07/2013,Brigham Young,40,72,550,27,9,129,1,1,Texas,21,39,132,44,24,313,0,0,H,-8.5,19,33,418,-17,-15,-184,1,1
138,09/07/2013,Buffalo,13,49,83,26,15,280,1,1,Baylor,70,55,329,25,19,452,0,0,V,-30,-57,-6,-246,1,-4,-172,1,1
139,09/07/2013,California,37,44,131,51,33,485,0,1,Portland State,30,39,245,29,13,308,1,1,H, ,7,5,-114,22,20,177,-1,0
140,09/07/2013,Central Michigan,24,28,104,37,21,333,1,0,New Hampshire,21,43,158,27,17,227,1,1,H, ,3,-15,-54,10,4,106,0,-1
141,09/07/2013,Cincinnati,17,32,148,42,23,308,1,0,Illinois,45,39,210,37,26,312,0,0,V,9.5,-28,-7,-62,5,-3,-4,1,0
142,09/07/2013,Clemson,52,44,183,51,36,329,0,1,So Carolina State,13,46,86,22,10,155,2,1,H, ,39,-2,97,29,26,174,-2,0
143,09/07/2013,Colorado,38,36,80,36,23,341,2,2,Central Arkansas,24,26,60,55,33,280,3,1,H, ,14,10,20,-19,-10,61,-1,1
144,09/07/2013,Colorado State,27,35,178,29,12,108,2,1,Tulsa,30,46,211,39,21,212,1,2,V,-13.5,-3,-11,-33,-10,-9,-104,1,-1
145,09/07/2013,Duke,28,45,173,37,25,297,1,2,Memphis,14,33,89,24,14,148,0,2,V,4,14,12,84,13,11,149,1,0
146,09/07/2013,Eastern Michigan,7,35,61,28,18,122,0,0,Penn State,45,39,251,35,25,323,1,1,V,-28.5,-38,-4,-190,-7,-7,-201,-1,-1
147,09/07/2013,Florida,16,44,122,33,22,291,2,3,Miami-Florida,21,28,50,25,12,162,1,0,V,3.5,-5,16,72,8,10,129,1,3
148,09/07/2013,Fresno State,41,40,162,34,23,208,0,1,Cal-San Luis Obispo,25,49,172,27,15,244,0,1,H, ,16,-9,-10,7,8,-36,0,0
149,09/07/2013,Georgia,41,53,227,23,17,309,0,0,South Carolina,30,36,226,25,16,228,0,1,H,3.5,11,17,1,-2,1,81,0,-1
150,09/07/2013,Georgia State,14,17,30,35,17,273,0,0,Chattanooga,42,60,401,15,11,108,0,0,H, ,-28,-43,-371,20,6,165,0,0
151,09/07/2013,Hawaii,14,25,69,32,18,170,1,0,Oregon State,33,33,57,50,35,451,1,0,V,-27,-19,-8,12,-18,-17,-281,0,0
152,09/07/2013,Houston,22,48,219,48,29,305,0,2,Temple,13,39,100,39,20,200,2,1,V,3.5,9,9,119,9,9,105,-2,1
153,09/07/2013,Idaho,10,47,118,33,23,205,0,2,Wyoming,42,39,262,39,23,302,1,0,V,-29.5,-32,8,-144,-6,0,-97,-1,2
154,09/07/2013,Illinois,45,39,210,37,26,312,0,0,Cincinnati,17,32,148,42,23,308,1,0,H,-9.5,28,7,62,-5,3,4,-1,0
155,09/07/2013,Indiana,35,26,118,43,31,363,1,0,Navy,41,70,444,5,2,71,0,0,H,12,-6,-44,-326,38,29,292,1,0
156,09/07/2013,Iowa,28,58,296,28,19,193,1,0,Missouri State,14,23,70,30,14,127,1,1,H, ,14,35,226,-2,5,66,0,-1
157,09/07/2013,Kansas,31,50,280,20,10,110,0,1,South Dakota,14,43,219,18,8,67,1,0,H, ,17,7,61,2,2,43,-1,1
158,09/07/2013,Kansas State,48,37,149,34,23,305,2,0,UL-Lafayette,27,40,177,31,18,193,1,0,H,13,21,-3,-28,3,5,112,1,0
159,09/07/2013,Kent State,22,28,138,28,15,164,0,1,Bowling Green,41,46,219,25,19,357,0,0,H,-7.5,-19,-18,-81,3,-4,-193,0,1
160,09/07/2013,Kentucky,41,39,262,35,25,413,0,1,Miami-Ohio,7,43,99,14,4,23,0,0,H,18,34,-4,163,21,21,390,0,1
161,09/07/2013,Louisiana State,56,34,152,20,17,293,0,1,U-A-B,17,43,160,25,9,136,0,1,H,35,39,-9,-8,-5,8,157,0,0
162,09/07/2013,Louisiana Tech,27,38,273,32,22,166,0,0,Lamar,14,36,90,37,23,272,1,1,H, ,13,2,183,-5,-1,-106,-1,-1
163,09/07/2013,Louisville,44,28,78,34,23,397,0,0,Eastern Kentucky,7,42,107,16,10,99,1,1,H, ,37,-14,-29,18,13,298,-1,-1
164,09/07/2013,Marshall,55,39,224,35,22,285,1,0,Gardner-Webb,0,44,67,20,9,117,3,3,H, ,55,-5,157,15,13,168,-2,-3
165,09/07/2013,Maryland,47,46,312,23,14,275,1,0,Old Dominion,10,38,165,39,21,170,3,0,H, ,37,8,147,-16,-7,105,-2,0
166,09/07/2013,Massachusetts,14,22,64,42,20,201,1,1,Maine,24,45,247,28,20,267,1,2,H, ,-10,-23,-183,14,0,-66,0,-1
167,09/07/2013,Memphis,14,33,89,24,14,148,0,2,Duke,28,45,173,37,25,297,1,2,H,-4,-14,-12,-84,-13,-11,-149,-1,0
168,09/07/2013,Miami-Florida,21,28,50,25,12,162,1,0,Florida,16,44,122,33,22,291,2,3,H,-3.5,5,-16,-72,-8,-10,-129,-1,-3
169,09/07/2013,Miami-Ohio,7,43,99,14,4,23,0,0,Kentucky,41,39,262,35,25,413,0,1,V,-18,-34,4,-163,-21,-21,-390,0,-1
170,09/07/2013,Michigan,41,39,166,33,21,294,1,0,Notre Dame,30,19,96,53,29,314,2,0,H,6,11,20,70,-20,-8,-20,-1,0
171,09/07/2013,Michigan State,21,38,171,24,12,94,0,2,South Florida,6,35,89,26,6,66,1,1,H,23,15,3,82,-2,6,28,-1,1
172,09/07/2013,Middle Tennessee,20,42,158,41,24,243,3,1,North Carolina,40,41,134,36,25,377,1,1,V,-20,-20,1,24,5,-1,-134,2,0
173,09/07/2013,Minnesota,44,43,342,15,8,127,1,0,New Mexico State,21,41,103,40,29,253,0,1,V,16.5,23,2,239,-25,-21,-126,1,-1
174,09/07/2013,Mississippi,31,50,272,32,14,260,1,2,S E Missouri St,13,41,93,24,16,159,1,1,H, ,18,9,179,8,-2,101,0,1
175,09/07/2013,Mississippi State,51,54,277,33,20,279,1,0,Alcorn State,7,25,28,25,11,135,1,2,H, ,44,29,249,8,9,144,0,-2
176,09/07/2013,Missouri,38,47,172,25,16,212,1,0,Toledo,23,23,125,41,26,262,3,0,H,14.5,15,24,47,-16,-10,-50,-2,0
177,09/07/2013,Navy,41,70,444,5,2,71,0,0,Indiana,35,26,118,43,31,363,1,0,V,-12,6,44,326,-38,-29,-292,-1,0
178,09/07/2013,Nebraska,56,46,285,28,19,194,0,1,Southern Miss,13,27,62,37,21,222,4,0,H,28.5,43,19,223,-9,-2,-28,-4,1
179,09/07/2013,Nevada-Las Vegas,13,35,157,28,9,125,2,1,Arizona,58,68,397,21,8,81,0,1,H,-13,-45,-33,-240,7,1,44,2,0
180,09/07/2013,Nevada-Reno,36,64,267,27,21,268,0,1,UC-Davis,7,25,118,27,13,178,2,0,H, ,29,39,149,0,8,90,-2,1
181,09/07/2013,New Mexico,42,57,395,7,4,88,0,1,UTEP,35,46,280,20,15,119,0,0,V,-7.5,7,11,115,-13,-11,-31,0,1
182,09/07/2013,New Mexico State,21,41,103,40,29,253,0,1,Minnesota,44,43,342,15,8,127,1,0,H,-16.5,-23,-2,-239,25,21,126,-1,1
183,09/07/2013,No Carolina State,23,41,188,35,27,256,2,2,Richmond,21,26,16,45,29,300,0,2,H, ,2,15,172,-10,-2,-44,2,0
184,09/07/2013,North Carolina,40,41,134,36,25,377,1,1,Middle Tennessee,20,42,158,41,24,243,3,1,H,20,20,-1,-24,-5,1,134,-2,0
185,09/07/2013,North Texas,21,38,104,29,19,195,2,2,Ohio,27,41,182,30,19,239,2,1,V,-4,-6,-3,-78,-1,0,-44,0,1
186,09/07/2013,Northwestern,48,44,206,37,30,375,0,0,Syracuse,27,34,133,45,29,301,4,0,H,17,21,10,73,-8,1,74,-4,0
187,09/07/2013,Notre Dame,30,19,96,53,29,314,2,0,Michigan,41,39,166,33,21,294,1,0,V,-6,-11,-20,-70,20,8,20,1,0
188,09/07/2013,Ohio,27,40,203,30,19,239,2,1,North Texas,21,38,104,29,19,195,2,2,H,4,6,2,99,1,0,44,0,-1
189,09/07/2013,Ohio State,42,40,263,30,21,182,1,0,San Diego State,7,27,64,41,22,216,2,2,H,29.5,35,13,199,-11,-1,-34,-1,-2
190,09/07/2013,Oklahoma,16,57,316,21,10,119,2,2,West Virginia,7,24,169,41,21,218,1,3,H,22,9,33,147,-20,-11,-99,1,-1
191,09/07/2013,Oklahoma State,56,32,87,43,35,518,0,0,Texas-San Antonio,35,32,135,50,30,369,2,0,V,30,21,0,-48,-7,5,149,-2,0
192,09/07/2013,Oregon,59,40,350,29,15,207,0,0,Virginia,10,39,124,47,31,174,3,1,V,27.5,49,1,226,-18,-16,33,-3,-1
193,09/07/2013,Oregon State,33,33,57,50,35,451,1,0,Hawaii,14,25,69,32,18,170,1,0,H,27,19,8,-12,18,17,281,0,0
194,09/07/2013,Penn State,45,39,251,35,25,323,1,1,Eastern Michigan,7,35,61,28,18,122,0,0,H,28.5,38,4,190,7,7,201,1,1
195,09/07/2013,Purdue,20,46,134,24,15,150,0,0,Indiana State,14,22,39,45,29,256,1,0,H, ,6,24,95,-21,-14,-106,-1,0
196,09/07/2013,Rutgers,38,56,273,22,12,150,1,0,Norfolk State,0,27,59,27,8,74,1,1,H, ,38,29,214,-5,4,76,0,-1
197,09/07/2013,S-M-U,31,26,144,48,35,317,0,2,Montana State,30,44,160,27,17,218,0,0,H, ,1,-18,-16,21,18,99,0,2
198,09/07/2013,San Diego State,7,27,64,41,22,216,2,2,Ohio State,42,40,263,30,21,182,1,0,V,-29.5,-35,-13,-199,11,1,34,1,2
199,09/07/2013,San Jose State,13,23,35,44,29,216,1,0,Stanford,34,41,197,27,17,207,0,1,V,-24.5,-21,-18,-162,17,12,9,1,-1
200,09/07/2013,South Alabama,41,44,168,33,20,297,2,1,Tulane,39,27,45,47,29,327,1,1,V,-6.5,2,17,123,-14,-9,-30,1,0
201,09/07/2013,South Carolina,30,36,226,25,16,228,0,1,Georgia,41,53,227,23,17,309,0,0,V,-3.5,-11,-17,-1,2,-1,-81,0,1
202,09/07/2013,South Florida,6,35,89,26,6,66,1,1,Michigan State,21,38,171,24,12,94,0,2,V,-23,-15,-3,-82,2,-6,-28,1,-1
203,09/07/2013,Southern Cal,7,42,139,21,11,54,2,0,Washington State,10,22,7,38,26,215,2,1,H,16,-3,20,132,-17,-15,-161,0,-1
204,09/07/2013,Southern Miss,13,27,62,37,21,222,4,0,Nebraska,56,47,277,27,19,194,0,1,V,-28.5,-43,-20,-215,10,2,28,4,-1
205,09/07/2013,Stanford,34,41,197,27,17,207,0,1,San Jose State,13,23,35,44,29,216,1,0,H,24.5,21,18,162,-17,-12,-9,-1,1
206,09/07/2013,Syracuse,27,34,133,45,29,301,4,0,Northwestern,48,44,206,37,30,375,0,0,V,-17,-21,-10,-73,8,-1,-74,4,0
207,09/07/2013,Temple,13,39,100,39,20,200,2,1,Houston,22,48,219,48,29,305,0,2,H,-3.5,-9,-9,-119,-9,-9,-105,2,-1
208,09/07/2013,Tennessee,52,45,240,19,11,142,1,0,Western Kentucky,20,34,171,36,17,222,5,2,H,14,32,11,69,-17,-6,-80,-4,-2
209,09/07/2013,Texas,21,39,132,44,24,313,0,0,Brigham Young,40,72,550,27,9,129,1,1,V,8.5,-19,-33,-418,17,15,184,-1,-1
210,09/07/2013,Texas A+M,65,39,214,48,34,500,1,0,Sam Houston State,28,42,240,16,7,150,2,0,H, ,37,-3,-26,32,27,350,-1,0
211,09/07/2013,Texas Christian,38,38,169,28,17,233,0,0,S E Louisiana,17,45,207,23,12,132,2,1,H, ,21,-7,-38,5,5,101,-2,-1
212,09/07/2013,Texas State,28,44,234,26,17,166,0,0,Prairie View,3,25,45,42,26,182,0,1,H, ,25,19,189,-16,-9,-16,0,-1
213,09/07/2013,Texas Tech,61,37,237,47,32,494,2,2,Stephen F Austin,13,32,69,44,26,287,1,1,H, ,48,5,168,3,6,207,1,1
214,09/07/2013,Texas-San Antonio,35,32,135,50,30,369,2,0,Oklahoma State,56,32,87,43,35,518,0,0,H,-30,-21,0,48,7,-5,-149,2,0
215,09/07/2013,Toledo,23,23,125,41,26,262,3,0,Missouri,38,47,172,25,16,212,1,0,V,-14.5,-15,-24,-47,16,10,50,2,0
216,09/07/2013,Troy,66,40,251,32,28,280,0,0,Savannah State,3,24,14,25,12,133,1,1,H, ,63,16,237,7,16,147,-1,-1
217,09/07/2013,Tulane,39,27,45,47,29,327,1,1,South Alabama,41,44,168,33,20,297,2,1,H,6.5,-2,-17,-123,14,9,30,-1,0
218,09/07/2013,Tulsa,30,44,215,39,21,212,1,2,Colorado State,27,35,178,29,12,108,2,1,H,13.5,3,9,37,10,9,104,-1,1
219,09/07/2013,U-A-B,17,43,160,25,9,136,0,1,Louisiana State,56,34,152,20,17,293,0,1,V,-35,-39,9,8,5,-8,-157,0,0
220,09/07/2013,UL-Lafayette,27,40,177,31,18,193,1,0,Kansas State,48,37,149,34,23,305,2,0,V,-13,-21,3,28,-3,-5,-112,-1,0
221,09/07/2013,UL-Monroe,48,38,367,30,16,204,1,2,Grambling,10,34,94,24,11,143,0,1,H, ,38,4,273,6,5,61,1,1
222,09/07/2013,UTEP,35,46,280,20,15,119,0,0,New Mexico,42,57,395,7,4,88,0,1,H,7.5,-7,-11,-115,13,11,31,0,-1
223,09/07/2013,Utah,70,38,338,24,17,290,0,0,Weber State,7,43,69,25,13,136,0,2,H, ,63,-5,269,-1,4,154,0,-2
224,09/07/2013,Utah State,52,46,217,40,32,360,1,1,Air Force,20,49,162,18,6,108,0,1,V,9.5,32,-3,55,22,26,252,1,0
225,09/07/2013,Vanderbilt,38,35,169,29,19,273,1,0,Austin Peay,3,34,85,16,11,54,0,1,H, ,35,1,84,13,8,219,1,-1
226,09/07/2013,Virginia,10,39,124,47,31,174,3,1,Oregon,59,40,350,29,15,207,0,0,H,-27.5,-49,-1,-226,18,16,-33,3,1
227,09/07/2013,Virginia Tech,45,34,237,35,20,225,2,1,Western Carolina,3,40,111,14,4,51,3,0,H, ,42,-6,126,21,16,174,-1,1
228,09/07/2013,Washington State,10,22,7,38,26,215,2,1,Southern Cal,7,43,137,21,11,54,2,0,V,-16,3,-21,-130,17,15,161,0,1
229,09/07/2013,West Virginia,7,24,169,41,21,218,1,3,Oklahoma,16,57,316,21,10,119,2,2,V,-22,-9,-33,-147,20,11,99,-1,1
230,09/07/2013,Western Kentucky,20,34,171,36,17,222,5,2,Tennessee,52,45,240,19,11,142,1,0,V,-14,-32,-11,-69,17,6,80,4,2
231,09/07/2013,Western Michigan,23,44,231,43,24,254,2,0,Nicholls State,27,40,222,18,10,225,1,2,H, ,-4,4,9,25,14,29,1,-2
232,09/07/2013,Wisconsin,48,51,387,29,24,219,1,0,Tennessee Tech,0,30,44,19,8,69,1,1,H, ,48,21,343,10,16,150,0,-1
233,09/07/2013,Wyoming,42,39,262,39,23,302,1,0,Idaho,10,46,139,33,23,205,0,2,H,29.5,32,-7,123,6,0,97,1,-2
234,09/12/2013,Arkansas State,41,43,228,35,21,311,0,0,Troy,34,37,110,58,36,504,3,1,H,6.5,7,6,118,-23,-15,-193,-3,-1
235,09/12/2013,Louisiana Tech,15,31,124,44,16,165,1,1,Tulane,24,44,129,36,20,235,1,3,H,7,-9,-13,-5,8,-4,-70,0,-2
236,09/12/2013,Texas Christian,10,44,207,38,23,194,2,0,Texas Tech,20,26,43,45,24,293,3,0,V,3,-10,18,164,-7,-1,-99,-1,0
237,09/12/2013,Texas Tech,20,26,43,45,24,293,3,0,Texas Christian,10,44,207,38,23,194,2,0,H,-3,10,-18,-164,7,1,99,1,0
238,09/12/2013,Troy,34,37,110,58,36,504,3,1,Arkansas State,41,43,228,35,21,311,0,0,V,-6.5,-7,-6,-118,23,15,193,3,1
239,09/12/2013,Tulane,24,44,129,36,20,235,1,3,Louisiana Tech,15,31,124,44,16,165,1,1,V,-7,9,13,5,-8,4,70,0,2
240,09/13/2013,Air Force,20,52,188,10,4,99,1,0,Boise State,42,41,229,31,29,304,1,1,V,-24,-22,11,-41,-21,-25,-205,0,-1
241,09/13/2013,Boise State,42,41,229,31,29,304,1,1,Air Force,20,52,188,10,4,99,1,0,H,24,22,-11,41,21,25,205,0,1
242,09/14/2013,Akron,24,30,107,49,25,311,2,0,Michigan,28,32,177,30,16,248,3,1,V,-36.5,-4,-2,-70,19,9,63,-1,-1
243,09/14/2013,Alabama,49,37,234,29,20,334,0,1,Texas A+M,42,32,164,39,28,464,2,0,V,9,7,5,70,-10,-8,-130,-2,1
244,09/14/2013,Arizona,38,48,264,21,14,158,0,1,Texas-San Antonio,13,29,102,47,30,277,1,1,H,25,25,19,162,-26,-16,-119,-1,0
245,09/14/2013,Arizona State,32,42,116,51,29,352,1,1,Wisconsin,30,32,231,31,16,210,0,1,H,4,2,10,-115,20,13,142,1,0
246,09/14/2013,Arkansas,24,56,258,11,6,69,1,0,Southern Miss,3,31,119,34,18,135,2,0,H,24.5,21,25,139,-23,-12,-66,-1,0
247,09/14/2013,Army,20,61,284,10,6,49,0,1,Stanford,34,34,203,22,13,205,1,1,H,-31,-14,27,81,-12,-7,-156,-1,0
248,09/14/2013,Auburn,24,36,120,34,23,339,2,1,Mississippi State,20,40,202,28,15,213,0,0,H,6.5,4,-4,-82,6,8,126,2,1
249,09/14/2013,Ball State,27,20,163,46,27,333,2,3,North Texas,34,45,231,47,31,274,0,1,V,3.5,-7,-25,-68,-1,-4,59,2,2
250,09/14/2013,Boston College,7,26,101,24,11,83,0,0,Southern Cal,35,43,257,19,17,264,0,0,V,-14,-28,-17,-156,5,-6,-181,0,0
251,09/14/2013,Bowling Green,10,36,136,51,28,273,1,1,Indiana,42,48,266,26,17,335,0,2,V,-2.5,-32,-12,-130,25,11,-62,1,-1
252,09/14/2013,Buffalo,26,36,133,49,28,216,1,1,Stony Brook,23,45,140,48,25,300,2,1,H, ,3,-9,-7,1,3,-84,-1,0
253,09/14/2013,California,34,37,132,53,31,371,1,1,Ohio State,52,55,332,32,21,276,0,1,H,-15.5,-18,-18,-200,21,10,95,1,0
254,09/14/2013,Central Michigan,21,32,113,46,23,265,2,0,Nevada-Las Vegas,31,41,122,30,25,289,1,0,V,-8,-10,-9,-9,16,-2,-24,1,0
255,09/14/2013,Cincinnati,66,46,322,21,19,347,0,0,Northwestern St(LA),9,34,100,23,14,79,1,0,H, ,57,12,222,-2,5,268,-1,0
256,09/14/2013,Colorado State,34,46,236,30,21,297,0,0,Cal-San Luis Obispo,17,41,203,20,11,164,0,0,H, ,17,5,33,10,10,133,0,0
257,09/14/2013,Connecticut,21,33,34,46,29,349,2,0,Maryland,32,43,224,28,15,277,1,2,H,-6,-11,-10,-190,18,14,72,1,-2
258,09/14/2013,Duke,14,34,132,28,15,122,0,0,Georgia Tech,38,60,344,16,8,125,1,0,H,-4.5,-24,-26,-212,12,7,-3,-1,0
259,09/14/2013,East Carolina,10,23,46,31,19,158,3,0,Virginia Tech,15,34,53,43,25,258,1,0,H,-8,-5,-11,-7,-12,-6,-100,2,0
260,09/14/2013,Eastern Michigan,10,40,38,40,24,335,1,0,Rutgers,28,29,185,13,8,89,0,0,V,-28,-18,11,-147,27,16,246,1,0
261,09/14/2013,Florida Atlantic,28,36,130,17,10,98,1,0,South Florida,10,40,167,25,9,130,1,2,V,-12.5,18,-4,-37,-8,1,-32,0,-2
262,09/14/2013,Florida Intl,13,33,73,18,11,156,1,1,Bethune-Cookman,34,52,311,11,6,38,1,0,H, ,-21,-19,-238,7,5,118,0,1
263,09/14/2013,Florida State,62,41,377,22,17,240,1,0,Nevada-Reno,7,38,128,24,13,86,1,0,H,35.5,55,3,249,-2,4,154,0,0
264,09/14/2013,Georgia State,7,33,136,18,8,84,0,1,West Virginia,41,42,245,41,25,359,1,0,V,-40.5,-34,-9,-109,-23,-17,-275,-1,1
265,09/14/2013,Georgia Tech,38,60,344,16,8,125,1,0,Duke,14,34,132,28,15,122,0,0,V,4.5,24,26,212,-12,-7,3,1,0
266,09/14/2013,Idaho,35,62,191,26,15,247,0,3,Northern Illinois,45,48,356,29,17,152,0,2,H,-30.5,-10,14,-165,-3,-2,95,0,1
267,09/14/2013,Illinois,24,36,136,26,10,191,1,0,Washington,34,50,273,35,28,342,0,2,H,-10.5,-10,-14,-137,-9,-18,-151,1,-2
268,09/14/2013,Indiana,42,48,266,26,17,335,0,2,Bowling Green,10,36,136,51,28,273,1,1,H,2.5,32,12,130,-25,-11,62,-1,1
269,09/14/2013,Iowa,27,60,218,23,14,160,0,1,Iowa State,21,24,59,39,22,260,2,0,V,2,6,36,159,-16,-8,-100,-2,1
270,09/14/2013,Iowa State,21,24,59,39,22,260,2,0,Iowa,27,60,218,23,14,160,0,1,H,-2,-6,-36,-159,16,8,100,2,-1
271,09/14/2013,Kansas,14,35,100,29,14,170,2,0,Rice,23,42,192,36,15,178,2,0,V,-7,-9,-7,-92,-7,-1,-8,0,0
272,09/14/2013,Kansas State,37,46,329,12,7,127,1,1,Massachusetts,7,38,123,32,21,186,2,0,H,38,30,8,206,-20,-14,-59,-1,1
273,09/14/2013,Kent State,13,32,58,29,20,190,0,0,Louisiana State,45,37,307,18,13,264,0,1,V,-36.5,-32,-5,-249,11,7,-74,0,-1
274,09/14/2013,Kentucky,13,31,162,37,17,214,1,2,Louisville,27,41,242,28,16,250,0,1,H,-14.5,-14,-10,-80,9,1,-36,1,1
275,09/14/2013,Louisiana State,45,37,307,18,13,264,0,1,Kent State,13,32,58,29,20,190,0,0,H,36.5,32,5,249,-11,-7,74,0,1
276,09/14/2013,Louisville,27,41,242,28,16,250,0,1,Kentucky,13,31,162,37,17,214,1,2,V,14.5,14,10,80,-9,-1,36,-1,-1
277,09/14/2013,Marshall,31,34,116,45,30,366,1,3,Ohio,34,36,60,39,26,275,0,0,V,8,-3,-2,56,6,4,91,1,3
278,09/14/2013,Maryland,32,43,224,28,15,277,1,2,Connecticut,21,33,34,46,29,349,2,0,V,6,11,10,190,-18,-14,-72,-1,2
279,09/14/2013,Massachusetts,7,38,123,32,21,186,2,0,Kansas State,37,46,329,12,7,127,1,1,V,-38,-30,-8,-206,20,14,59,1,-1
280,09/14/2013,Memphis,15,46,180,30,19,170,2,0,Middle Tennessee,17,28,60,36,22,224,1,0,V,-9.5,-2,18,120,-6,-3,-54,1,0
281,09/14/2013,Michigan,28,32,177,30,16,248,3,1,Akron,24,30,107,49,25,311,2,0,H,36.5,4,2,70,-19,-9,-63,1,1
282,09/14/2013,Michigan State,55,49,277,32,22,270,0,1,Youngstown State,17,20,51,27,11,121,0,2,H, ,38,29,226,5,11,149,0,-1
283,09/14/2013,Middle Tennessee,17,28,60,36,22,224,1,0,Memphis,15,46,180,30,19,170,2,0,H,9.5,2,-18,-120,6,3,54,-1,0
284,09/14/2013,Minnesota,29,49,213,12,10,124,0,1,Western Illinois,12,30,68,23,11,162,0,0,H, ,17,19,145,-11,-1,-38,0,1
285,09/14/2013,Mississippi,44,45,272,27,17,177,0,1,Texas,23,37,124,36,24,196,0,1,V,-2,21,8,148,-9,-7,-19,0,0
286,09/14/2013,Mississippi State,20,40,202,28,15,213,0,0,Auburn,24,36,120,34,23,339,2,1,V,-6.5,-4,4,82,-6,-8,-126,-2,-1
287,09/14/2013,Navy,51,62,352,15,11,237,0,1,Delaware,7,34,157,32,19,179,2,1,H, ,44,28,195,-17,-8,58,-2,0
288,09/14/2013,Nebraska,21,42,128,35,21,203,0,1,U.C.L.A.,41,53,210,25,16,294,1,0,H,0,-20,-11,-82,10,5,-91,-1,1
289,09/14/2013,Nevada-Las Vegas,31,41,122,30,25,289,1,0,Central Michigan,21,32,113,46,23,265,2,0,H,8,10,9,9,-16,2,24,-1,0
290,09/14/2013,Nevada-Reno,7,38,128,24,13,86,1,0,Florida State,62,41,377,22,17,240,1,0,V,-35.5,-55,-3,-249,2,-4,-154,0,0
291,09/14/2013,New Mexico,27,52,213,17,9,57,0,1,Pittsburgh,49,34,283,18,14,244,2,2,V,-22,-22,18,-70,-1,-5,-187,-2,-1
292,09/14/2013,New Mexico State,21,19,99,26,14,299,2,2,UTEP,42,56,293,28,18,253,1,1,H,-3.5,-21,-37,-194,-2,-4,46,1,1
293,09/14/2013,North Texas,34,45,231,47,31,274,0,1,Ball State,27,20,163,46,27,333,2,3,H,-3.5,7,25,68,1,4,-59,-2,-2
294,09/14/2013,Northern Illinois,45,48,356,29,17,152,0,2,Idaho,35,62,191,26,15,247,0,3,V,30.5,10,-14,165,3,2,-95,0,-1
295,09/14/2013,Northwestern,38,55,332,22,15,139,1,1,Western Michigan,17,31,143,41,16,202,1,0,H,28.5,21,24,189,-19,-1,-63,0,1
296,09/14/2013,Notre Dame,31,37,91,33,20,309,0,1,Purdue,24,21,38,41,25,256,1,0,V,19,7,16,53,-8,-5,53,-1,1
297,09/14/2013,Ohio,34,36,60,39,26,275,0,0,Marshall,31,34,116,45,30,366,1,3,H,-8,3,2,-56,-6,-4,-91,-1,-3
298,09/14/2013,Ohio State,52,55,332,32,21,276,0,1,California,34,37,132,53,31,371,1,1,V,15.5,18,18,200,-21,-10,-95,-1,0
299,09/14/2013,Oklahoma,51,44,194,37,27,413,0,0,Tulsa,20,31,95,33,17,226,1,0,H,23.5,31,13,99,4,10,187,-1,0
300,09/14/2013,Oklahoma State,59,38,155,36,23,271,1,0,Lamar,3,37,121,40,19,124,0,1,H, ,56,1,34,-4,4,147,1,-1
301,09/14/2013,Oregon,59,41,216,35,25,471,0,0,Tennessee,14,38,178,29,15,138,0,1,H,28.5,45,3,38,6,10,333,0,-1
302,09/14/2013,Oregon State,51,28,48,44,27,443,0,0,Utah,48,39,260,33,19,279,3,0,V,-3.5,3,-11,-212,11,8,164,-3,0
303,09/14/2013,Penn State,31,35,193,29,21,262,0,1,U-C-F,34,38,219,27,20,288,1,0,H,5,-3,-3,-26,2,1,-26,-1,1
304,09/14/2013,Pittsburgh,49,34,283,18,14,244,2,2,New Mexico,27,52,213,17,9,57,0,1,H,22,22,-18,70,1,5,187,2,1
305,09/14/2013,Purdue,24,21,38,41,25,256,1,0,Notre Dame,31,37,91,33,20,309,0,1,H,-19,-7,-16,-53,8,5,-53,1,-1
306,09/14/2013,Rice,23,42,192,36,15,178,2,0,Kansas,14,35,100,29,14,170,2,0,H,7,9,7,92,7,1,8,0,0
307,09/14/2013,Rutgers,28,29,185,13,8,89,0,0,Eastern Michigan,10,40,38,40,24,335,1,0,H,28,18,-11,147,-27,-16,-246,-1,0
308,09/14/2013,South Alabama,31,39,144,27,16,270,0,1,Western Kentucky,24,27,145,47,27,282,3,0,H,-7,7,12,-1,-20,-11,-12,-3,1
309,09/14/2013,South Carolina,35,49,220,38,28,359,1,2,Vanderbilt,25,33,121,22,12,147,1,1,H,13.5,10,16,99,16,16,212,0,1
310,09/14/2013,South Florida,10,40,167,25,9,130,1,2,Florida Atlantic,28,36,130,17,10,98,1,0,H,12.5,-18,4,37,8,-1,32,0,2
311,09/14/2013,Southern Cal,35,43,257,19,17,264,0,0,Boston College,7,26,101,24,11,83,0,0,H,14,28,17,156,-5,6,181,0,0
312,09/14/2013,Southern Miss,3,31,119,34,18,135,2,0,Arkansas,24,56,258,11,6,69,1,0,V,-24.5,-21,-25,-139,23,12,66,1,0
313,09/14/2013,Stanford,34,34,203,22,13,205,1,1,Army,20,61,284,10,6,49,0,1,V,31,14,-27,-81,12,7,156,1,0
314,09/14/2013,Syracuse,54,48,236,35,28,359,0,0,Wagner,0,31,53,21,6,34,2,1,H, ,54,17,183,14,22,325,-2,-1
315,09/14/2013,Temple,29,49,245,26,14,140,1,1,Fordham,30,45,200,36,23,320,0,0,H, ,-1,4,45,-10,-9,-180,1,1
316,09/14/2013,Tennessee,14,38,178,29,15,138,0,1,Oregon,59,41,216,35,25,471,0,0,V,-28.5,-45,-3,-38,-6,-10,-333,0,1
317,09/14/2013,Texas,23,37,124,36,24,196,0,1,Mississippi,44,45,272,27,17,177,0,1,H,2,-21,-8,-148,9,7,19,0,0
318,09/14/2013,Texas A+M,42,32,164,39,28,464,2,0,Alabama,49,37,234,29,20,334,0,1,H,-9,-7,-5,-70,10,8,130,2,-1
319,09/14/2013,Texas-San Antonio,13,29,102,47,30,277,1,1,Arizona,38,48,264,21,14,158,0,1,V,-25,-25,-19,-162,26,16,119,1,0
320,09/14/2013,Toledo,33,51,325,26,16,205,0,0,Eastern Washington,21,22,51,41,21,326,1,1,H, ,12,29,274,-15,-5,-121,-1,-1
321,09/14/2013,Tulsa,20,31,95,33,17,226,1,0,Oklahoma,51,44,194,37,27,413,0,0,V,-23.5,-31,-13,-99,-4,-10,-187,1,0
322,09/14/2013,U-C-F,34,38,219,27,20,288,1,0,Penn State,31,35,193,29,21,262,0,1,V,-5,3,3,26,-2,-1,26,1,-1
323,09/14/2013,U.C.L.A.,41,53,210,25,16,294,1,0,Nebraska,21,42,128,35,21,203,0,1,V,0,20,11,82,-10,-5,91,1,-1
324,09/14/2013,UL-Lafayette,70,53,456,16,13,164,1,0,Nicholls State,7,33,141,40,15,164,2,3,H, ,63,20,315,-24,-2,0,-1,-3
325,09/14/2013,UL-Monroe,21,35,109,69,43,315,2,0,Wake Forest,19,15,15,48,28,310,0,1,V,-1.5,2,20,94,21,15,5,2,-1
326,09/14/2013,UTEP,42,56,293,28,18,253,1,1,New Mexico State,21,19,99,26,14,299,2,2,V,3.5,21,37,194,2,4,-46,-1,-1
327,09/14/2013,Utah,48,39,260,33,19,279,3,0,Oregon State,51,28,48,44,27,443,0,0,H,3.5,-3,11,212,-11,-8,-164,3,0
328,09/14/2013,Utah State,70,48,267,29,23,320,0,1,Weber State,6,33,104,23,12,34,0,2,H, ,64,15,163,6,11,286,0,-1
329,09/14/2013,Vanderbilt,25,33,121,22,12,147,1,1,South Carolina,35,49,220,38,28,359,1,2,V,-13.5,-10,-16,-99,-16,-16,-212,0,-1
330,09/14/2013,Virginia Tech,15,34,53,43,25,258,1,0,East Carolina,10,23,46,31,19,158,3,0,V,8,5,11,7,12,6,100,-2,0
331,09/14/2013,Wake Forest,19,15,15,48,28,310,0,1,UL-Monroe,21,35,109,69,43,315,2,0,H,1.5,-2,-20,-94,-21,-15,-5,-2,1
332,09/14/2013,Washington,34,50,273,35,28,342,0,2,Illinois,24,36,136,26,10,191,1,0,V,10.5,10,14,137,9,18,151,-1,2
333,09/14/2013,Washington State,48,17,54,48,35,410,1,0,Southern Utah,10,34,73,30,22,146,3,0,H, ,38,-17,-19,18,13,264,-2,0
334,09/14/2013,West Virginia,41,42,245,41,25,359,1,0,Georgia State,7,33,136,18,8,84,0,1,H,40.5,34,9,109,23,17,275,1,-1
335,09/14/2013,Western Kentucky,24,27,145,47,27,282,3,0,South Alabama,31,39,144,27,16,270,0,1,V,7,-7,-12,1,20,11,12,3,-1
336,09/14/2013,Western Michigan,17,31,143,41,16,202,1,0,Northwestern,38,55,332,22,15,139,1,1,V,-28.5,-21,-24,-189,19,1,63,0,-1
337,09/14/2013,Wisconsin,30,32,231,31,16,210,0,1,Arizona State,32,42,116,51,29,352,1,1,V,-4,-2,-10,115,-20,-13,-142,-1,0
338,09/14/2013,Wyoming,35,42,173,47,30,264,1,1,Northern Colorado,7,26,65,52,30,275,2,0,H, ,28,16,108,-5,0,-11,-1,1
339,09/19/2013,Clemson,26,40,171,37,24,244,0,0,No Carolina State,14,36,165,37,20,213,1,1,V,14,12,4,6,0,4,31,-1,-1
340,09/19/2013,No Carolina State,14,36,165,37,20,213,1,1,Clemson,26,40,171,37,24,244,0,0,H,-14,-12,-4,-6,0,-4,-31,1,1
341,09/20/2013,Boise State,40,53,200,47,33,361,1,1,Fresno State,41,24,62,60,39,460,0,0,V,-4,-1,29,138,-13,-6,-99,1,1
342,09/20/2013,Fresno State,41,24,62,59,38,446,0,0,Boise State,40,53,200,47,33,361,1,1,H,4,1,-29,-138,12,5,85,-1,-1
343,09/21/2013,Air Force,23,57,346,20,12,127,0,1,Wyoming,56,44,249,41,35,373,0,1,H,-5,-33,13,97,-21,-23,-246,0,0
344,09/21/2013,Akron,30,27,134,43,27,321,2,0,UL-Lafayette,35,43,156,38,26,304,1,0,H,-7,-5,-16,-22,5,1,17,1,0
345,09/21/2013,Alabama,31,21,66,27,21,272,1,0,Colorado State,6,26,51,38,24,228,0,1,H,39,25,-5,15,-11,-3,44,1,-1
346,09/21/2013,Arizona State,28,24,50,56,30,367,2,0,Stanford,42,49,240,17,11,151,1,0,V,-7,-14,-25,-190,39,19,216,1,0
347,09/21/2013,Arkansas,24,34,101,28,16,182,0,0,Rutgers,28,35,52,44,23,348,1,2,V,0,-4,-1,49,-16,-7,-166,-1,-2
348,09/21/2013,Arkansas State,7,31,74,39,22,181,1,0,Memphis,31,45,329,26,17,176,0,1,V,4.5,-24,-14,-255,13,5,5,1,-1
349,09/21/2013,Army,11,55,271,18,10,86,0,2,Wake Forest,25,45,222,17,6,132,1,1,H,-2.5,-14,10,49,1,4,-46,-1,1
350,09/21/2013,Auburn,21,52,213,33,17,224,2,1,Louisiana State,35,44,228,22,14,229,1,1,V,-17,-14,8,-15,11,3,-5,1,0
351,09/21/2013,Ball State,51,37,197,31,19,346,0,1,Eastern Michigan,20,44,204,32,20,212,2,2,V,10.5,31,-7,-7,-1,-1,134,-2,-1
352,09/21/2013,Baylor,70,41,311,36,25,470,1,0,UL-Monroe,7,35,75,46,18,220,3,1,H,31,63,6,236,-10,7,250,-2,-1
353,09/21/2013,Bowling Green,48,42,282,32,28,378,1,0,Murray State,7,32,166,34,24,146,0,1,H, ,41,10,116,-2,4,232,1,-1
354,09/21/2013,Brigham Young,13,47,183,48,18,260,1,0,Utah,20,33,129,35,24,273,0,0,H,7,-7,14,54,13,-6,-13,1,0
355,09/21/2013,Central Michigan,17,41,156,24,14,214,2,2,Toledo,38,43,252,23,16,166,0,1,H,-14,-21,-2,-96,1,-2,48,2,1
356,09/21/2013,Cincinnati,14,52,198,37,23,171,2,1,Miami-Ohio,0,29,7,16,7,80,2,0,V,24.5,14,23,191,21,16,91,0,1
357,09/21/2013,Colorado State,6,26,51,38,24,228,0,1,Alabama,31,21,66,27,21,272,1,0,V,-39,-25,5,-15,11,3,-44,-1,1
358,09/21/2013,Connecticut,21,25,47,32,16,159,1,0,Michigan,24,49,192,23,11,97,2,2,H,-19.5,-3,-24,-145,9,5,62,-1,-2
359,09/21/2013,Duke,55,36,213,33,22,319,4,0,Pittsburgh,58,46,174,33,23,424,0,0,H,-4.5,-3,-10,39,0,-1,-105,4,0
360,09/21/2013,Eastern Michigan,20,44,204,32,20,212,2,2,Ball State,51,37,197,31,19,346,0,1,H,-10.5,-31,7,7,1,1,-134,2,1
361,09/21/2013,Florida,31,56,215,20,11,167,1,2,Tennessee,17,23,66,34,14,154,4,2,H,15.5,14,33,149,-14,-3,13,-3,0
362,09/21/2013,Florida Atlantic,35,45,182,50,31,321,2,3,Middle Tennessee,42,45,296,24,13,150,2,0,H,-3,-7,0,-114,26,18,171,0,3
363,09/21/2013,Florida Intl,0,34,3,9,4,27,0,1,Louisville,72,29,210,27,22,254,0,0,V,-41.5,-72,5,-207,-18,-18,-227,0,1
364,09/21/2013,Florida State,54,36,266,25,13,226,0,1,Bethune-Cookman,6,56,182,17,8,60,1,0,H, ,48,-20,84,8,5,166,-1,1
365,09/21/2013,Georgia,45,43,191,31,23,450,1,1,North Texas,21,25,7,41,26,238,1,0,H,34.5,24,18,184,-10,-3,212,0,1
366,09/21/2013,Georgia State,26,42,150,42,16,250,1,1,Jacksonville St,32,44,122,32,17,311,1,1,H, ,-6,-2,28,10,-1,-61,0,0
367,09/21/2013,Georgia Tech,28,71,324,12,7,104,0,1,North Carolina,20,24,101,29,14,218,1,0,H,7,8,47,223,-17,-7,-114,-1,1
368,09/21/2013,Hawaii,9,36,133,45,24,243,4,2,Nevada-Reno,31,44,138,20,14,202,0,1,V,-7.5,-22,-8,-5,25,10,41,4,1
369,09/21/2013,Houston,31,37,165,36,18,329,1,0,Rice,26,45,174,37,22,289,1,1,V,-3,5,-8,-9,-1,-4,40,0,-1
370,09/21/2013,Idaho,0,49,79,25,18,174,1,1,Washington State,42,15,71,43,31,346,2,2,V,-30.5,-42,34,8,-18,-13,-172,-1,-1
371,09/21/2013,Indiana,28,26,98,53,29,377,3,0,Missouri,45,50,280,47,32,343,2,1,H,-2.5,-17,-24,-182,6,-3,34,1,-1
372,09/21/2013,Iowa,59,57,260,18,11,188,0,2,Western Michigan,3,20,74,38,16,135,3,1,H,16,56,37,186,-20,-5,53,-3,1
373,09/21/2013,Kansas,13,33,117,46,28,279,2,0,Louisiana Tech,10,32,154,55,35,289,1,2,H,10.5,3,1,-37,-9,-7,-10,1,-2
374,09/21/2013,Kansas State,21,38,115,30,19,275,0,3,Texas,31,47,227,34,19,225,0,0,V,-5.5,-10,-9,-112,-4,0,50,0,3
375,09/21/2013,Kent State,0,24,56,36,17,134,1,0,Penn State,34,53,287,36,13,176,1,0,V,-23,-34,-29,-231,0,4,-42,0,0
376,09/21/2013,Louisiana State,35,44,228,22,14,229,1,1,Auburn,21,52,213,33,17,224,2,1,H,17,14,-8,15,-11,-3,5,-1,0
377,09/21/2013,Louisiana Tech,10,32,154,55,35,289,1,2,Kansas,13,33,117,46,28,279,2,0,V,-10.5,-3,-1,37,9,7,10,-1,2
378,09/21/2013,Louisville,72,29,210,27,22,254,0,0,Florida Intl,0,34,3,9,4,27,0,1,H,41.5,72,-5,207,18,18,227,0,-1
379,09/21/2013,Marshall,21,46,133,41,19,228,2,1,Virginia Tech,29,53,201,34,18,181,2,0,V,-8.5,-8,-7,-68,7,1,47,0,1
380,09/21/2013,Maryland,37,47,113,25,16,217,0,2,West Virginia,0,25,113,22,11,62,2,4,N,4.5,37,22,0,3,5,155,-2,-2
381,09/21/2013,Massachusetts,7,31,99,33,23,149,0,1,Vanderbilt,24,39,166,28,19,240,1,1,H,-29.5,-17,-8,-67,5,4,-91,-1,0
382,09/21/2013,Memphis,31,45,329,26,17,176,0,1,Arkansas State,7,31,74,39,22,181,1,0,H,-4.5,24,14,255,-13,-5,-5,-1,1
383,09/21/2013,Miami-Florida,77,46,324,23,20,313,0,0,Savannah State,7,26,139,25,8,44,4,0,H, ,70,20,185,-2,12,269,-4,0
384,09/21/2013,Miami-Ohio,0,29,7,16,7,80,2,0,Cincinnati,14,52,198,37,23,171,2,1,H,-24.5,-14,-23,-191,-21,-16,-91,0,-1
385,09/21/2013,Michigan,24,49,192,23,11,97,2,2,Connecticut,21,25,47,32,16,159,1,0,V,19.5,3,24,145,-9,-5,-62,1,2
386,09/21/2013,Michigan State,13,35,119,36,16,135,1,0,Notre Dame,17,32,82,34,14,142,0,0,V,-4.5,-4,3,37,2,2,-7,1,0
387,09/21/2013,Middle Tennessee,42,45,296,24,13,150,2,0,Florida Atlantic,35,45,182,50,31,321,2,3,V,3,7,0,114,-26,-18,-171,0,-3
388,09/21/2013,Minnesota,43,67,353,12,5,71,0,0,San Jose State,24,17,47,35,22,439,2,1,H,3.5,19,50,306,-23,-17,-368,-2,-1
389,09/21/2013,Mississippi State,62,44,235,27,17,316,0,0,Troy,7,26,47,31,17,139,1,1,H,13.5,55,18,188,-4,0,177,-1,-1
390,09/21/2013,Missouri,45,50,280,47,32,343,2,1,Indiana,28,26,98,53,29,377,3,0,V,2.5,17,24,182,-6,3,-34,-1,1
391,09/21/2013,Nebraska,59,51,335,26,21,310,0,2,South Dakota State,20,38,227,29,19,238,2,1,H, ,39,13,108,-3,2,72,-2,1
392,09/21/2013,Nevada-Las Vegas,38,49,284,22,14,140,0,0,Western Illinois,7,41,197,33,13,141,2,0,H, ,31,8,87,-11,1,-1,-2,0
393,09/21/2013,Nevada-Reno,31,44,138,20,14,202,0,1,Hawaii,9,36,133,45,24,243,4,2,H,7.5,22,8,5,-25,-10,-41,-4,-1
394,09/21/2013,New Mexico State,13,41,187,26,15,146,1,1,U.C.L.A.,59,45,298,49,35,394,2,1,V,-44.5,-46,-4,-111,-23,-20,-248,-1,0
395,09/21/2013,North Carolina,20,24,101,29,14,218,1,0,Georgia Tech,28,71,324,12,7,104,0,1,V,-7,-8,-47,-223,17,7,114,1,-1
396,09/21/2013,North Texas,21,25,7,41,26,238,1,0,Georgia,45,43,191,31,23,450,1,1,V,-34.5,-24,-18,-184,10,3,-212,0,-1
397,09/21/2013,Northern Illinois,43,52,367,30,21,235,2,1,Eastern Illinois,39,34,127,49,34,450,2,0,H, ,4,18,240,-19,-13,-215,0,1
398,09/21/2013,Northwestern,35,49,251,17,10,122,1,1,Maine,21,30,107,47,29,272,2,1,H, ,14,19,144,-30,-19,-150,-1,0
399,09/21/2013,Notre Dame,17,32,82,34,14,142,0,0,Michigan State,13,35,119,36,16,135,1,0,H,4.5,4,-3,-37,-2,-2,7,-1,0
400,09/21/2013,Ohio,38,46,251,23,16,243,0,3,Austin Peay,0,38,155,26,13,143,0,0,H, ,38,8,96,-3,3,100,0,3
401,09/21/2013,Ohio State,76,46,388,34,24,215,1,0,Florida A+M,0,23,50,16,10,30,1,1,H, ,76,23,338,18,14,185,0,-1
402,09/21/2013,Oregon State,34,20,10,56,38,367,0,2,San Diego State,30,40,74,26,16,251,2,0,V,7,4,-20,-64,30,22,116,-2,2
403,09/21/2013,Penn State,34,53,287,36,13,176,1,0,Kent State,0,24,56,36,17,134,1,0,H,23,34,29,231,0,-4,42,0,0
404,09/21/2013,Pittsburgh,58,46,174,33,23,424,0,0,Duke,55,36,213,33,22,319,4,0,V,4.5,3,10,-39,0,1,105,-4,0
405,09/21/2013,Purdue,10,21,45,36,18,135,1,0,Wisconsin,41,48,388,21,12,158,1,0,V,-22.5,-31,-27,-343,15,6,-23,0,0
406,09/21/2013,Rice,26,45,174,37,22,289,1,1,Houston,31,37,165,36,18,329,1,0,H,3,-5,8,9,1,4,-40,0,1
407,09/21/2013,Rutgers,28,36,54,43,22,346,1,2,Arkansas,24,34,101,27,15,168,0,0,H,0,4,2,-47,16,7,178,1,2
408,09/21/2013,S-M-U,13,17,93,67,41,341,1,2,Texas A+M,42,48,265,35,19,316,1,0,V,-28.5,-29,-31,-172,32,22,25,0,2
409,09/21/2013,San Diego State,30,40,74,26,16,251,2,0,Oregon State,34,20,10,55,38,367,0,2,H,-7,-4,20,64,-29,-22,-116,2,-2
410,09/21/2013,San Jose State,24,17,47,35,22,439,2,1,Minnesota,43,67,353,12,5,71,0,0,V,-3.5,-19,-50,-306,23,17,368,2,1
411,09/21/2013,Southern Cal,17,39,118,27,13,164,0,1,Utah State,14,27,106,40,21,179,0,0,H,7,3,12,12,-13,-8,-15,0,1
412,09/21/2013,Stanford,42,49,234,17,11,151,1,0,Arizona State,28,24,50,56,30,367,2,0,H,7,14,25,184,-39,-19,-216,-1,0
413,09/21/2013,Syracuse,52,45,205,26,19,200,0,0,Tulane,17,28,121,40,23,209,1,1,H,17,35,17,84,-14,-4,-9,-1,-1
414,09/21/2013,Tennessee,17,23,66,34,14,154,4,2,Florida,31,56,215,20,11,167,1,2,V,-15.5,-14,-33,-149,14,3,-13,3,0
415,09/21/2013,Texas,31,47,227,34,19,225,0,0,Kansas State,21,38,115,30,19,275,0,3,H,5.5,10,9,112,4,0,-50,0,-3
416,09/21/2013,Texas A+M,42,48,265,35,19,316,1,0,S-M-U,13,17,93,67,41,341,1,2,H,28.5,29,31,172,-32,-22,-25,0,-2
417,09/21/2013,Texas State,7,37,107,31,15,133,1,2,Texas Tech,33,33,118,63,33,434,3,0,V,-27.5,-26,4,-11,-32,-18,-301,-2,2
418,09/21/2013,Texas Tech,33,33,118,63,33,434,3,0,Texas State,7,37,107,31,15,133,1,2,H,27.5,26,-4,11,32,18,301,2,-2
419,09/21/2013,Texas-San Antonio,32,35,181,24,18,204,0,0,UTEP,13,29,99,31,17,119,0,0,V,3,19,6,82,-7,1,85,0,0
420,09/21/2013,Toledo,38,43,252,23,16,166,0,1,Central Michigan,17,41,156,24,14,214,2,2,V,14,21,2,96,-1,2,-48,-2,-1
421,09/21/2013,Troy,7,26,47,31,17,139,1,1,Mississippi State,62,43,229,27,17,316,0,0,V,-13.5,-55,-17,-182,4,0,-177,1,1
422,09/21/2013,Tulane,17,28,121,40,23,209,1,1,Syracuse,52,45,205,26,19,200,0,0,V,-17,-35,-17,-84,14,4,9,1,1
423,09/21/2013,U-A-B,52,33,236,27,13,212,1,1,Northwestern St(LA),28,39,150,45,23,194,1,1,H, ,24,-6,86,-18,-10,18,0,0
424,09/21/2013,U.C.L.A.,59,45,298,49,35,394,2,1,New Mexico State,13,41,187,26,15,146,1,1,H,44.5,46,4,111,23,20,248,1,0
425,09/21/2013,UL-Lafayette,35,43,156,38,26,304,1,0,Akron,30,27,134,43,27,321,2,0,V,7,5,16,22,-5,-1,-17,-1,0
426,09/21/2013,UL-Monroe,7,35,75,46,18,220,3,1,Baylor,70,41,311,36,25,470,1,0,V,-31,-63,-6,-236,10,-7,-250,2,1
427,09/21/2013,UTEP,13,29,99,31,17,119,0,0,Texas-San Antonio,32,35,181,24,18,204,0,0,H,-3,-19,-6,-82,7,-1,-85,0,0
428,09/21/2013,Utah,20,33,129,35,24,273,0,0,Brigham Young,13,47,183,49,18,260,1,0,V,-7,7,-14,-54,-14,6,13,-1,0
429,09/21/2013,Utah State,14,27,106,40,21,179,0,0,Southern Cal,17,39,118,27,13,164,0,1,V,-7,-3,-12,-12,13,8,15,0,-1
430,09/21/2013,Vanderbilt,24,39,166,28,19,240,1,1,Massachusetts,7,31,99,33,23,149,0,1,V,29.5,17,8,67,-5,-4,91,1,0
431,09/21/2013,Virginia,49,63,357,30,20,223,2,0,Virginia Military,0,25,41,31,9,38,0,2,H, ,49,38,316,-1,11,185,2,-2
432,09/21/2013,Virginia Tech,29,53,201,34,18,181,2,0,Marshall,21,46,133,41,19,228,2,1,H,8.5,8,7,68,-7,-1,-47,0,-1
433,09/21/2013,Wake Forest,25,45,228,17,6,132,1,1,Army,11,55,271,18,10,86,0,2,V,2.5,14,-10,-43,-1,-4,46,1,-1
434,09/21/2013,Washington,56,53,370,28,21,310,0,1,Idaho State,0,28,22,40,19,142,2,1,H, ,56,25,348,-12,2,168,-2,0
435,09/21/2013,Washington State,42,15,71,43,31,346,2,2,Idaho,0,49,79,25,18,174,1,1,H,30.5,42,-34,-8,18,13,172,1,1
436,09/21/2013,West Virginia,0,25,113,22,11,62,2,4,Maryland,37,47,113,25,16,217,0,2,N,-4.5,-37,-22,0,-3,-5,-155,2,2
437,09/21/2013,Western Kentucky,58,44,377,24,17,211,2,1,Morgan State,17,37,182,25,15,135,2,0,H, ,41,7,195,-1,2,76,0,1
438,09/21/2013,Western Michigan,3,20,74,38,16,135,3,1,Iowa,59,58,258,18,11,188,0,2,V,-16,-56,-38,-184,20,5,-53,3,-1
439,09/21/2013,Wisconsin,41,48,388,21,12,158,1,0,Purdue,10,21,45,36,18,135,1,0,H,22.5,31,27,343,-15,-6,23,0,0
440,09/21/2013,Wyoming,56,44,249,41,35,373,0,1,Air Force,23,57,346,20,12,127,0,1,V,5,33,-13,-97,21,23,246,0,0
441,09/26/2013,Georgia Tech,10,42,129,24,7,144,2,1,Virginia Tech,17,27,55,25,19,221,0,0,H,7.5,-7,15,74,-1,-12,-77,2,1
442,09/26/2013,Iowa State,38,44,179,42,26,255,1,0,Tulsa,21,28,86,49,26,288,1,3,V,-3,17,16,93,-7,0,-33,0,-3
443,09/26/2013,Tulsa,21,28,86,49,26,288,1,3,Iowa State,38,44,179,42,26,255,1,0,H,3,-17,-16,-93,7,0,33,0,3
444,09/26/2013,Virginia Tech,17,27,55,25,19,221,0,0,Georgia Tech,10,42,129,24,7,144,2,1,V,-7.5,7,-15,-74,1,12,77,-2,-1
445,09/27/2013,Brigham Young,37,55,309,19,14,177,1,4,Middle Tennessee,10,41,107,34,16,105,1,0,H,23,27,14,202,-15,-2,72,0,4
446,09/27/2013,Middle Tennessee,10,41,107,34,16,105,1,0,Brigham Young,37,55,309,19,14,177,1,4,V,-23,-27,-14,-202,15,2,-72,0,-4
447,09/27/2013,San Jose State,12,35,101,52,28,336,3,1,Utah State,40,50,253,43,30,267,0,0,H,-10.5,-28,-15,-152,9,-2,69,3,1
448,09/27/2013,Utah State,40,50,253,43,30,267,0,0,San Jose State,12,35,101,52,28,336,3,1,V,10.5,28,15,152,-9,2,-69,-3,-1
449,09/28/2013,Air Force,42,51,375,11,6,78,1,0,Nevada-Reno,45,44,210,56,38,389,1,0,V,-12.5,-3,7,165,-45,-32,-311,0,0
450,09/28/2013,Akron,14,25,97,37,22,199,0,0,Bowling Green,31,44,167,24,18,229,0,0,V,-15,-17,-19,-70,13,4,-30,0,0
451,09/28/2013,Alabama,25,40,254,32,25,180,1,0,Mississippi,0,25,46,32,17,159,1,1,H,14.5,25,15,208,0,8,21,0,-1
452,09/28/2013,Arizona,13,49,199,37,14,119,2,0,Washington,31,61,244,25,14,165,1,0,V,-9.5,-18,-12,-45,12,0,-46,1,0
453,09/28/2013,Arizona State,62,35,261,35,24,351,1,0,Southern Cal,41,37,247,30,20,295,3,1,H,4.5,21,-2,14,5,4,56,-2,-1
454,09/28/2013,Arkansas,33,30,201,36,17,282,2,0,Texas A+M,45,44,262,30,23,261,0,0,H,-14.5,-12,-14,-61,6,-6,21,2,0
455,09/28/2013,Arkansas State,19,41,117,47,37,308,1,0,Missouri,41,28,239,30,21,256,0,1,V,-22.5,-22,13,-122,17,16,52,1,-1
456,09/28/2013,Army,35,77,414,3,1,16,0,0,Louisiana Tech,16,23,57,36,20,320,1,1,N,-3.5,19,54,357,-33,-19,-304,-1,-1
457,09/28/2013,Ball State,31,36,128,39,27,335,1,2,Toledo,24,29,141,46,34,274,1,1,H,1.5,7,7,-13,-7,-7,61,0,1
458,09/28/2013,Boise State,60,52,229,27,23,316,0,1,Southern Miss,7,30,103,34,21,163,2,1,H,29,53,22,126,-7,2,153,-2,0
459,09/28/2013,Boston College,34,45,200,28,18,197,2,0,Florida State,48,36,159,27,17,330,1,0,H,-24.5,-14,9,41,1,1,-133,1,0
460,09/28/2013,Bowling Green,31,44,167,24,18,229,0,0,Akron,14,25,97,37,22,199,0,0,H,15,17,19,70,-13,-4,30,0,0
461,09/28/2013,Buffalo,41,43,153,21,10,177,1,0,Connecticut,12,39,27,29,12,193,3,1,H,-1.5,29,4,126,-8,-2,-16,-2,-1
462,09/28/2013,California,16,51,149,44,21,176,1,4,Oregon,55,48,264,26,12,117,0,2,V,-38.5,-39,3,-115,18,9,59,1,2
463,09/28/2013,Central Michigan,14,26,94,37,16,165,3,0,No Carolina State,48,52,239,20,14,244,1,0,V,-24,-34,-26,-145,17,2,-79,2,0
464,09/28/2013,Clemson,56,47,166,36,28,407,0,0,Wake Forest,7,31,60,30,19,162,1,1,H,29.5,49,16,106,6,9,245,-1,-1
465,09/28/2013,Colorado,17,35,154,34,14,146,2,2,Oregon State,44,34,120,54,28,420,1,1,V,-12,-27,1,34,-20,-14,-274,1,1
466,09/28/2013,Colorado State,59,34,250,29,18,341,0,1,UTEP,42,47,132,43,26,365,0,1,H,13.5,17,-13,118,-14,-8,-24,0,0
467,09/28/2013,Connecticut,12,40,18,28,12,193,3,1,Buffalo,41,43,153,21,10,177,1,0,V,1.5,-29,-3,-135,7,2,16,2,1
468,09/28/2013,Duke,38,39,190,28,20,324,1,0,Troy,31,41,150,50,37,362,1,0,H,13.5,7,-2,40,-22,-17,-38,0,0
469,09/28/2013,East Carolina,55,54,227,47,32,376,1,0,North Carolina,31,32,67,47,29,398,1,0,V,-12.5,24,22,160,0,3,-22,0,0
470,09/28/2013,Florida,24,45,246,18,15,156,1,0,Kentucky,7,21,48,26,17,125,1,0,V,12,17,24,198,-8,-2,31,0,0
471,09/28/2013,Florida Atlantic,14,28,94,46,22,272,2,2,Rice,18,51,204,25,7,69,1,0,V,-14.5,-4,-23,-110,21,15,203,1,2
472,09/28/2013,Florida State,48,36,159,27,17,330,1,0,Boston College,34,45,200,28,18,197,2,0,V,24.5,14,-9,-41,-1,-1,133,-1,0
473,09/28/2013,Fresno State,42,45,206,47,33,324,2,3,Hawaii,37,35,54,46,24,377,2,0,V,17.5,5,10,152,1,9,-53,0,3
474,09/28/2013,Georgia,44,36,196,34,20,298,1,0,Louisiana State,41,36,77,37,23,372,0,1,H,3,3,0,119,-3,-3,-74,1,-1
475,09/28/2013,Hawaii,37,35,54,46,24,377,2,0,Fresno State,42,45,206,47,33,324,2,3,H,-17.5,-5,-10,-152,-1,-9,53,0,-3
476,09/28/2013,Houston,59,32,150,39,26,341,0,0,Texas-San Antonio,28,29,128,49,36,365,4,1,V,-2,31,3,22,-10,-10,-24,-4,-1
477,09/28/2013,Idaho,26,33,168,44,26,310,0,0,Temple,24,29,161,47,23,249,0,0,H,-7.5,2,4,7,-3,3,61,0,0
478,09/28/2013,Illinois,50,43,289,33,23,312,2,0,Miami-Ohio,14,41,155,15,7,95,0,0,H,28.5,36,2,134,18,16,217,2,0
479,09/28/2013,Iowa,23,45,246,25,15,218,1,0,Minnesota,7,27,30,24,12,135,2,0,V,2.5,16,18,216,1,3,83,-1,0
480,09/28/2013,Kent State,32,47,276,30,17,176,1,1,Western Michigan,14,32,151,23,11,159,2,0,V,2,18,15,125,7,6,17,-1,1
481,09/28/2013,Kentucky,7,21,48,26,17,125,1,0,Florida,24,45,246,18,15,156,1,0,H,-12,-17,-24,-198,8,2,-31,0,0
482,09/28/2013,Louisiana State,41,36,77,37,23,372,0,1,Georgia,44,36,196,34,20,298,1,0,V,-3,-3,0,-119,3,3,74,-1,1
483,09/28/2013,Louisiana Tech,16,23,57,36,20,320,1,1,Army,35,77,414,3,1,16,0,0,N,3.5,-19,-54,-357,33,19,304,1,1
484,09/28/2013,Miami-Florida,49,39,165,32,19,375,2,2,South Florida,21,33,99,27,13,189,1,2,V,18.5,28,6,66,5,6,186,1,0
485,09/28/2013,Miami-Ohio,14,41,155,15,7,95,0,0,Illinois,50,43,289,33,23,312,2,0,V,-28.5,-36,-2,-134,-18,-16,-217,-2,0
486,09/28/2013,Minnesota,7,27,30,24,12,135,2,0,Iowa,23,45,246,25,15,218,1,0,H,-2.5,-16,-18,-216,-1,-3,-83,1,0
487,09/28/2013,Mississippi,0,25,46,32,17,159,1,1,Alabama,25,40,254,32,25,180,1,0,V,-14.5,-25,-15,-208,0,-8,-21,0,1
488,09/28/2013,Missouri,41,28,239,30,21,256,0,1,Arkansas State,19,41,117,47,37,308,1,0,H,22.5,22,-13,122,-17,-16,-52,-1,1
489,09/28/2013,Navy,7,33,107,17,7,76,2,0,Western Kentucky,19,43,219,31,25,198,1,1,V,4,-12,-10,-112,-14,-18,-122,1,-1
490,09/28/2013,Nevada-Las Vegas,56,37,248,35,25,320,0,1,New Mexico,42,59,497,13,5,84,0,2,V,-1.5,14,-22,-249,22,20,236,0,-1
491,09/28/2013,Nevada-Reno,45,44,210,56,38,389,1,0,Air Force,42,51,375,11,6,78,1,0,H,12.5,3,-7,-165,45,32,311,0,0
492,09/28/2013,New Mexico,42,59,497,13,5,84,0,2,Nevada-Las Vegas,56,37,248,35,25,320,0,1,H,1.5,-14,22,249,-22,-20,-236,0,1
493,09/28/2013,New Mexico State,16,27,40,35,23,228,0,1,San Diego State,26,43,212,34,22,229,0,1,H,-16.5,-10,-16,-172,1,1,-1,0,0
494,09/28/2013,No Carolina State,48,52,239,20,14,244,1,0,Central Michigan,14,26,94,37,16,165,3,0,H,24,34,26,145,-17,-2,79,-2,0
495,09/28/2013,North Carolina,31,32,67,47,29,398,1,0,East Carolina,55,54,227,47,32,376,1,0,H,12.5,-24,-22,-160,0,-3,22,0,0
496,09/28/2013,Northern Illinois,55,36,177,26,19,225,0,1,Purdue,24,30,153,55,24,371,4,1,V,4,31,6,24,-29,-5,-146,-4,0
497,09/28/2013,Notre Dame,21,29,220,25,9,104,3,0,Oklahoma,35,42,212,31,23,238,0,0,H,-4.5,-14,-13,8,-6,-14,-134,3,0
498,09/28/2013,Ohio State,31,43,192,25,17,198,0,0,Wisconsin,24,27,104,34,20,295,1,0,H,7.5,7,16,88,-9,-3,-97,-1,0
499,09/28/2013,Oklahoma,35,42,212,31,23,238,0,0,Notre Dame,21,29,220,25,9,104,3,0,V,4.5,14,13,-8,6,14,134,-3,0
500,09/28/2013,Oklahoma State,21,40,111,47,20,322,2,1,West Virginia,30,39,68,51,25,320,2,0,V,20,-9,1,43,-4,-5,2,0,1
501,09/28/2013,Oregon,55,48,264,26,12,117,0,2,California,16,51,149,44,21,176,1,4,H,38.5,39,-3,115,-18,-9,-59,-1,-2
502,09/28/2013,Oregon State,44,34,120,54,28,420,1,1,Colorado,17,35,154,34,14,146,2,2,H,12,27,-1,-34,20,14,274,-1,-1
503,09/28/2013,Pittsburgh,14,35,8,31,13,191,2,1,Virginia,3,33,65,37,15,123,0,2,H,6,11,2,-57,-6,-2,68,2,-1
504,09/28/2013,Purdue,24,30,153,55,24,371,4,1,Northern Illinois,55,36,177,26,19,225,0,1,H,-4,-31,-6,-24,29,5,146,4,0
505,09/28/2013,Rice,18,51,204,25,7,69,1,0,Florida Atlantic,14,28,94,46,22,272,2,2,H,14.5,4,23,110,-21,-15,-203,-1,-2
506,09/28/2013,S-M-U,17,31,16,44,23,276,4,1,Texas Christian,48,36,107,26,15,228,0,2,V,-17,-31,-5,-91,18,8,48,4,-1
507,09/28/2013,San Diego State,26,43,212,34,22,229,0,1,New Mexico State,16,27,40,35,23,228,0,1,V,16.5,10,16,172,-1,-1,1,0,0
508,09/28/2013,South Alabama,24,28,135,51,24,257,3,0,Tennessee,31,37,278,36,20,204,3,0,V,-17,-7,-9,-143,15,4,53,0,0
509,09/28/2013,South Carolina,28,46,225,34,16,265,1,3,U-C-F,25,25,69,37,25,358,3,1,V,7,3,21,156,-3,-9,-93,-2,2
510,09/28/2013,South Florida,21,33,99,27,13,189,1,2,Miami-Florida,49,39,165,32,19,375,2,2,H,-18.5,-28,-6,-66,-5,-6,-186,-1,0
511,09/28/2013,Southern Cal,41,37,247,30,20,295,3,1,Arizona State,62,35,261,35,24,351,1,0,V,-4.5,-21,2,-14,-5,-4,-56,2,1
512,09/28/2013,Southern Miss,7,30,103,34,21,163,2,1,Boise State,60,52,229,27,23,316,0,1,V,-29,-53,-22,-126,7,-2,-153,2,0
513,09/28/2013,Stanford,55,40,238,28,17,322,1,0,Washington State,17,13,51,65,39,322,2,0,N,9.5,38,27,187,-37,-22,0,-1,0
514,09/28/2013,Temple,24,29,161,47,23,249,0,0,Idaho,26,33,168,44,26,310,0,0,V,7.5,-2,-4,-7,3,-3,-61,0,0
515,09/28/2013,Tennessee,31,37,278,36,20,204,3,0,South Alabama,24,28,135,51,24,257,3,0,H,17,7,9,143,-15,-4,-53,0,0
516,09/28/2013,Texas A+M,45,44,262,30,23,261,0,0,Arkansas,33,30,201,36,17,282,2,0,V,14.5,12,14,61,-6,6,-21,-2,0
517,09/28/2013,Texas Christian,48,36,107,26,15,228,0,2,S-M-U,17,31,16,44,23,276,4,1,H,17,31,5,91,-18,-8,-48,-4,1
518,09/28/2013,Texas State,42,48,256,19,14,196,1,0,Wyoming,21,29,64,48,25,292,1,0,H,-11,21,19,192,-29,-11,-96,0,0
519,09/28/2013,Texas-San Antonio,28,29,128,49,36,365,4,1,Houston,59,32,150,39,26,341,0,0,H,2,-31,-3,-22,10,10,24,4,1
520,09/28/2013,Toledo,24,29,141,46,34,274,1,1,Ball State,31,36,128,39,27,335,1,2,V,-1.5,-7,-7,13,7,7,-61,0,-1
521,09/28/2013,Troy,31,41,150,50,37,362,1,0,Duke,38,39,190,28,20,324,1,0,V,-13.5,-7,2,-40,22,17,38,0,0
522,09/28/2013,Tulane,31,53,253,20,7,65,1,0,UL-Monroe,14,24,26,45,22,267,2,3,V,-12.5,17,29,227,-25,-15,-202,-1,-3
523,09/28/2013,U-A-B,24,29,156,36,19,206,2,0,Vanderbilt,52,35,206,29,23,334,1,0,V,-20,-28,-6,-50,7,-4,-128,1,0
524,09/28/2013,U-C-F,25,25,69,37,25,358,3,1,South Carolina,28,46,225,34,16,265,1,3,H,-7,-3,-21,-156,3,9,93,2,-2
525,09/28/2013,UL-Monroe,14,24,26,45,22,267,2,3,Tulane,31,53,253,20,7,65,1,0,H,12.5,-17,-29,-227,25,15,202,1,3
526,09/28/2013,UTEP,42,47,132,43,26,365,0,1,Colorado State,59,34,250,29,18,341,0,1,V,-13.5,-17,13,-118,14,8,24,0,0
527,09/28/2013,Vanderbilt,52,35,206,29,23,334,1,0,U-A-B,24,29,156,36,19,206,2,0,H,20,28,6,50,-7,4,128,-1,0
528,09/28/2013,Virginia,3,33,65,37,15,123,0,2,Pittsburgh,14,35,8,31,13,191,2,1,V,-6,-11,-2,57,6,2,-68,-2,1
529,09/28/2013,Wake Forest,7,31,60,30,19,162,1,1,Clemson,56,47,166,36,28,407,0,0,V,-29.5,-49,-16,-106,-6,-9,-245,1,1
530,09/28/2013,Washington,31,61,244,25,14,165,1,0,Arizona,13,49,199,37,14,119,2,0,H,9.5,18,12,45,-12,0,46,-1,0
531,09/28/2013,Washington State,17,13,51,65,39,322,2,0,Stanford,55,40,238,28,17,322,1,0,N,-9.5,-38,-27,-187,37,22,0,1,0
532,09/28/2013,West Virginia,30,39,68,51,25,320,2,0,Oklahoma State,21,39,118,48,21,315,2,1,H,-20,9,0,-50,3,4,5,0,-1
533,09/28/2013,Western Kentucky,19,43,217,31,25,200,1,1,Navy,7,33,107,17,7,76,2,0,H,-4,12,10,110,14,18,124,-1,1
534,09/28/2013,Western Michigan,14,32,151,23,11,159,2,0,Kent State,32,47,276,30,17,176,1,1,H,-2,-18,-15,-125,-7,-6,-17,1,-1
535,09/28/2013,Wisconsin,24,27,104,34,20,295,1,0,Ohio State,31,43,192,25,17,198,0,0,V,-7.5,-7,-16,-88,9,3,97,1,0
536,09/28/2013,Wyoming,21,29,64,48,25,292,1,0,Texas State,42,48,256,19,14,196,1,0,V,11,-21,-19,-192,29,11,96,0,0
537,10/03/2013,Iowa State,30,50,201,27,16,262,1,1,Texas,31,29,119,45,26,244,0,1,H,-7.5,-1,21,82,-18,-10,18,1,0
538,10/03/2013,Texas,31,29,119,45,26,244,0,1,Iowa State,30,50,201,27,16,262,1,1,V,7.5,1,-21,-82,18,10,-18,-1,0
539,10/03/2013,U.C.L.A.,34,53,186,28,18,218,1,1,Utah,27,33,99,44,22,288,6,0,V,6.5,7,20,87,-16,-4,-70,-5,1
540,10/03/2013,UL-Monroe,10,27,116,40,21,275,1,1,Western Kentucky,31,40,160,36,24,370,1,0,H,-8,-21,-13,-44,4,-3,-95,0,1
541,10/03/2013,Utah,27,33,99,44,22,288,6,0,U.C.L.A.,34,53,186,28,18,218,1,1,H,-6.5,-7,-20,-87,16,4,70,5,-1
542,10/03/2013,Western Kentucky,31,40,160,36,24,370,1,0,UL-Monroe,10,27,116,40,21,275,1,1,V,8,21,13,44,-4,3,95,0,-1
543,10/04/2013,Brigham Young,31,50,160,32,17,278,1,1,Utah State,14,35,186,51,22,211,1,2,V,-6.5,17,15,-26,-19,-5,67,0,-1
544,10/04/2013,Nevada-Reno,44,58,177,51,33,393,0,2,San Diego State,51,39,255,32,23,286,0,1,V,-6,-7,19,-78,19,10,107,0,1
545,10/04/2013,San Diego State,51,39,255,32,23,286,0,1,Nevada-Reno,44,58,177,51,33,393,0,2,H,6,7,-19,78,-19,-10,-107,0,-1
546,10/04/2013,Utah State,14,35,186,51,22,211,1,2,Brigham Young,31,50,160,32,17,278,1,1,H,6.5,-17,-15,26,19,5,-67,0,1
547,10/05/2013,Air Force,10,57,231,16,7,82,2,1,Navy,28,51,273,10,6,54,0,0,V,-13.5,-18,6,-42,6,1,28,2,1
548,10/05/2013,Akron,3,39,56,26,11,101,1,1,Ohio,43,39,147,26,17,215,1,0,H,-3,-40,0,-91,0,-6,-114,0,1
549,10/05/2013,Alabama,45,30,181,34,29,296,0,0,Georgia State,3,22,15,22,12,160,0,1,H,53.5,42,8,166,12,17,136,0,-1
550,10/05/2013,Arizona State,34,25,65,47,33,362,2,1,Notre Dame,37,37,145,38,17,279,1,0,N,6.5,-3,-12,-80,9,16,83,1,1
551,10/05/2013,Arkansas,10,29,111,43,17,164,1,1,Florida,30,41,115,22,16,240,0,0,V,-13,-20,-12,-4,21,1,-76,1,1
552,10/05/2013,Army,27,65,326,11,5,101,0,0,Boston College,48,41,320,13,11,203,0,0,V,-12,-21,24,6,-2,-6,-102,0,0
553,10/05/2013,Auburn,30,48,282,17,11,93,0,2,Mississippi,22,39,124,50,26,340,2,0,H,-3,8,9,158,-33,-15,-247,-2,2
554,10/05/2013,Ball State,48,40,160,41,23,346,0,0,Virginia,27,41,236,42,22,223,1,3,V,-3,21,-1,-76,-1,1,123,-1,-3
555,10/05/2013,Baylor,73,62,468,33,20,396,3,1,West Virginia,42,34,118,41,17,276,1,0,H,29,31,28,350,-8,3,120,2,1
556,10/05/2013,Boston College,48,41,320,13,11,203,0,0,Army,27,65,326,11,5,101,0,0,H,12,21,-24,-6,2,6,102,0,0
557,10/05/2013,Bowling Green,28,43,232,22,13,216,0,0,Massachusetts,7,32,184,25,11,96,1,0,H,27,21,11,48,-3,2,120,-1,0
558,10/05/2013,Buffalo,42,45,228,24,15,224,0,0,Eastern Michigan,14,29,147,27,16,182,2,1,H,13.5,28,16,81,-3,-1,42,-2,-1
559,10/05/2013,California,22,29,79,63,34,506,2,3,Washington State,44,21,49,67,41,521,1,0,H,-2,-22,8,30,-4,-7,-15,1,3
560,10/05/2013,Central Michigan,21,41,184,21,11,110,1,1,Miami-Ohio,9,36,123,29,14,171,0,1,V,3,12,5,61,-8,-3,-61,1,0
561,10/05/2013,Cincinnati,20,33,110,36,24,240,2,2,South Florida,26,37,112,18,11,129,0,1,V,12,-6,-4,-2,18,13,111,2,1
562,10/05/2013,Clemson,49,45,158,32,23,466,2,0,Syracuse,14,48,323,29,12,74,4,0,V,14.5,35,-3,-165,3,11,392,-2,0
563,10/05/2013,Colorado,16,36,94,34,12,280,2,-1,Oregon,57,62,349,34,19,406,2,1,H,-40.5,-41,-26,-255,0,-7,-126,0,-2
564,10/05/2013,East Carolina,24,40,146,58,43,365,0,1,Middle Tennessee,17,32,89,37,28,245,2,0,V,7.5,7,8,57,21,15,120,-2,1
565,10/05/2013,Eastern Michigan,14,29,147,27,16,182,2,1,Buffalo,42,45,228,24,15,224,0,0,V,-13.5,-28,-16,-81,3,1,-42,2,1
566,10/05/2013,Florida,30,41,115,22,16,240,0,0,Arkansas,10,29,111,43,17,164,1,1,H,13,20,12,4,-21,-1,76,-1,-1
567,10/05/2013,Florida Atlantic,37,46,280,36,23,299,0,0,U-A-B,23,25,51,33,18,256,0,0,V,-4,14,21,229,3,5,43,0,0
568,10/05/2013,Florida Intl,24,50,160,23,13,181,2,0,Southern Miss,23,24,71,45,26,243,2,2,V,-16.5,1,26,89,-22,-13,-62,0,-2
569,10/05/2013,Florida State,63,43,183,39,26,431,0,0,Maryland,0,25,33,32,15,201,0,1,H,17,63,18,150,7,11,230,0,-1
570,10/05/2013,Fresno State,61,50,309,51,38,422,2,1,Idaho,14,43,96,40,17,177,4,1,V,28,47,7,213,11,21,245,-2,0
571,10/05/2013,Georgia,34,37,238,35,19,196,0,0,Tennessee,31,41,189,31,17,215,0,1,V,14,3,-4,49,4,2,-19,0,-1
572,10/05/2013,Georgia State,3,22,15,22,12,160,0,1,Alabama,45,30,181,34,29,296,0,0,V,-53.5,-42,-8,-166,-12,-17,-136,0,1
573,10/05/2013,Georgia Tech,30,62,335,19,6,66,2,1,Miami-Florida,45,31,227,22,17,324,2,2,V,-7,-15,31,108,-3,-11,-258,0,-1
574,10/05/2013,Hawaii,27,33,87,53,29,386,3,1,San Jose State,37,55,216,35,16,318,2,0,H,-4,-10,-22,-129,18,13,68,1,1
575,10/05/2013,Idaho,14,43,96,40,17,177,4,1,Fresno State,61,50,309,51,38,422,2,1,H,-28,-47,-7,-213,-11,-21,-245,2,0
576,10/05/2013,Illinois,19,48,195,31,16,177,1,1,Nebraska,39,50,335,20,11,186,0,1,V,-8,-20,-2,-140,11,5,-9,1,0
577,10/05/2013,Indiana,44,41,150,39,24,336,1,0,Penn State,24,38,70,55,30,340,0,1,H,-4,20,3,80,-16,-6,-4,1,-1
578,10/05/2013,Iowa,14,16,23,46,26,241,2,0,Michigan State,26,37,135,44,25,277,1,0,H,2,-12,-21,-112,2,1,-36,1,0
579,10/05/2013,Kansas,16,37,53,35,18,220,1,3,Texas Tech,54,43,114,57,36,404,1,0,H,-17,-38,-6,-61,-22,-18,-184,0,3
580,10/05/2013,Kansas State,29,38,144,28,18,192,3,2,Oklahoma State,33,25,85,40,24,245,0,1,V,-14,-4,13,59,-12,-6,-53,3,1
581,10/05/2013,Kent State,24,24,147,37,17,245,1,1,Northern Illinois,38,63,454,35,21,244,2,0,H,-9,-14,-39,-307,2,-4,1,-1,1
582,10/05/2013,Kentucky,28,36,123,24,17,178,0,0,South Carolina,35,39,178,23,18,275,0,1,V,-21.5,-7,-3,-55,1,-1,-97,0,-1
583,10/05/2013,Louisiana State,59,39,223,29,25,340,1,0,Mississippi State,26,36,216,31,16,252,1,1,V,9,33,3,7,-2,9,88,0,-1
584,10/05/2013,Louisiana Tech,38,50,353,20,10,110,0,2,UTEP,35,45,203,33,18,237,1,0,V,2.5,3,5,150,-13,-8,-127,-1,2
585,10/05/2013,Louisville,30,34,177,36,25,348,0,0,Temple,7,28,48,26,13,207,1,1,V,34,23,6,129,10,12,141,-1,-1
586,10/05/2013,Marshall,34,49,125,32,22,279,0,1,Texas-San Antonio,10,29,97,34,14,157,3,0,H,15,24,20,28,-2,8,122,-3,1
587,10/05/2013,Maryland,0,25,33,32,15,201,0,1,Florida State,63,43,183,39,26,431,0,0,V,-17,-63,-18,-150,-7,-11,-230,0,1
588,10/05/2013,Massachusetts,7,32,184,25,11,96,1,0,Bowling Green,28,43,232,22,13,216,0,0,V,-27,-21,-11,-48,3,-2,-120,1,0
589,10/05/2013,Memphis,17,35,118,39,20,279,3,1,U-C-F,24,30,110,36,17,160,0,0,H,-10,-7,5,8,3,3,119,3,1
590,10/05/2013,Miami-Florida,45,31,227,22,17,324,2,2,Georgia Tech,30,62,335,19,6,66,2,1,H,7,15,-31,-108,3,11,258,0,1
591,10/05/2013,Miami-Ohio,9,36,123,29,14,171,0,1,Central Michigan,21,41,184,21,11,110,1,1,H,-3,-12,-5,-61,8,3,61,-1,0
592,10/05/2013,Michigan,42,35,113,17,13,235,0,0,Minnesota,13,41,136,21,14,145,1,1,H,19,29,-6,-23,-4,-1,90,-1,-1
593,10/05/2013,Michigan State,26,37,135,44,25,277,1,0,Iowa,14,16,23,46,26,241,2,0,V,-2,12,21,112,-2,-1,36,-1,0
594,10/05/2013,Middle Tennessee,17,32,89,37,28,245,2,0,East Carolina,24,40,146,58,43,365,0,1,H,-7.5,-7,-8,-57,-21,-15,-120,2,-1
595,10/05/2013,Minnesota,13,41,136,21,14,145,1,1,Michigan,42,35,113,17,13,235,0,0,V,-19,-29,6,23,4,1,-90,1,1
596,10/05/2013,Mississippi,22,39,124,50,26,340,2,0,Auburn,30,48,282,17,11,93,0,2,V,3,-8,-9,-158,33,15,247,2,-2
597,10/05/2013,Mississippi State,26,36,216,31,16,252,1,1,Louisiana State,59,39,223,29,25,340,1,0,H,-9,-33,-3,-7,2,-9,-88,0,1
598,10/05/2013,Missouri,51,43,245,28,19,278,0,0,Vanderbilt,28,38,130,41,29,348,1,0,V,2,23,5,115,-13,-10,-70,-1,0
599,10/05/2013,Navy,28,51,273,10,6,54,0,0,Air Force,10,57,231,16,7,82,2,1,H,13.5,18,-6,42,-6,-1,-28,-2,-1
600,10/05/2013,Nebraska,39,50,335,20,11,186,0,1,Illinois,19,48,195,31,16,177,1,1,H,8,20,2,140,-11,-5,9,-1,0
601,10/05/2013,New Mexico,66,56,541,8,3,67,0,0,New Mexico State,17,40,182,34,20,269,2,1,H,11,49,16,359,-26,-17,-202,-2,-1
602,10/05/2013,New Mexico State,17,40,182,34,20,269,2,1,New Mexico,66,56,541,8,3,67,0,0,V,-11,-49,-16,-359,26,17,202,2,1
603,10/05/2013,No Carolina State,13,32,115,43,27,257,2,0,Wake Forest,28,32,114,39,24,268,1,0,V,8,-15,0,1,4,3,-11,1,0
604,10/05/2013,North Carolina,17,38,99,35,23,277,2,1,Virginia Tech,27,34,48,28,19,293,0,0,V,-9,-10,4,51,7,4,-16,2,1
605,10/05/2013,North Texas,21,20,34,42,29,326,2,0,Tulane,24,39,95,28,18,132,0,1,V,3,-3,-19,-61,14,11,194,2,-1
606,10/05/2013,Northern Illinois,38,63,454,35,21,244,2,0,Kent State,24,24,147,37,17,245,1,1,V,9,14,39,307,-2,4,-1,1,-1
607,10/05/2013,Northwestern,30,43,94,31,25,343,1,1,Ohio State,40,48,248,26,15,203,1,2,H,-7,-10,-5,-154,5,10,140,0,-1
608,10/05/2013,Notre Dame,37,37,145,38,17,279,1,0,Arizona State,34,25,65,47,33,362,2,1,N,-6.5,3,12,80,-9,-16,-83,-1,-1
609,10/05/2013,Ohio,43,39,147,26,17,215,1,0,Akron,3,39,56,26,11,101,1,1,V,3,40,0,91,0,6,114,0,-1
610,10/05/2013,Ohio State,40,48,248,26,15,203,1,2,Northwestern,30,43,94,31,25,343,1,1,V,7,10,5,154,-5,-10,-140,0,1
611,10/05/2013,Oklahoma,20,38,203,31,20,152,0,1,Texas Christian,17,27,44,26,16,166,0,0,H,9.5,3,11,159,5,4,-14,0,1
612,10/05/2013,Oklahoma State,33,25,85,40,24,245,0,1,Kansas State,29,38,144,28,18,192,3,2,H,14,4,-13,-59,12,6,53,-3,-1
613,10/05/2013,Oregon,57,62,349,34,19,406,2,1,Colorado,16,36,94,35,12,280,2,0,V,40.5,41,26,255,-1,7,126,0,1
614,10/05/2013,Penn State,24,38,70,55,30,340,0,1,Indiana,44,41,150,39,24,336,1,0,V,4,-20,-3,-80,16,6,4,-1,1
615,10/05/2013,Rice,30,48,167,22,13,177,1,1,Tulsa,27,53,222,32,16,193,2,1,V,-3,3,-5,-55,-10,-3,-16,-1,0
616,10/05/2013,Rutgers,55,52,191,33,19,283,1,1,S-M-U,52,28,74,71,45,484,0,1,V,4.5,3,24,117,-38,-26,-201,1,0
617,10/05/2013,S-M-U,52,28,74,71,45,484,0,1,Rutgers,55,52,191,33,19,283,1,1,H,-4.5,-3,-24,-117,38,26,201,-1,0
618,10/05/2013,San Jose State,37,55,216,35,16,318,2,0,Hawaii,27,33,87,53,29,386,3,1,V,4,10,22,129,-18,-13,-68,-1,-1
619,10/05/2013,South Alabama,33,42,159,41,26,471,0,0,Troy,34,38,129,34,24,305,0,1,V,-3.5,-1,4,30,7,2,166,0,-1
620,10/05/2013,South Carolina,35,39,178,23,18,275,0,1,Kentucky,28,36,123,24,17,178,0,0,H,21.5,7,3,55,-1,1,97,0,1
621,10/05/2013,South Florida,26,37,112,18,11,129,0,1,Cincinnati,20,33,110,36,24,240,2,2,H,-12,6,4,2,-18,-13,-111,-2,-1
622,10/05/2013,Southern Miss,23,24,71,45,26,243,2,2,Florida Intl,24,50,160,23,13,181,2,0,H,16.5,-1,-26,-89,22,13,62,0,2
623,10/05/2013,Stanford,31,41,179,20,12,105,1,0,Washington,28,40,139,48,33,350,1,0,H,9.5,3,1,40,-28,-21,-245,0,0
624,10/05/2013,Syracuse,14,48,323,29,12,74,4,0,Clemson,49,45,158,32,23,466,2,0,H,-14.5,-35,3,165,-3,-11,-392,2,0
625,10/05/2013,Temple,7,28,48,26,13,207,1,1,Louisville,30,34,177,36,25,348,0,0,H,-34,-23,-6,-129,-10,-12,-141,1,1
626,10/05/2013,Tennessee,31,41,189,31,17,215,0,1,Georgia,34,37,238,35,19,196,0,0,H,-14,-3,4,-49,-4,-2,19,0,1
627,10/05/2013,Texas Christian,17,27,44,26,16,166,0,0,Oklahoma,20,38,203,31,20,152,0,1,V,-9.5,-3,-11,-159,-5,-4,14,0,-1
628,10/05/2013,Texas State,24,31,120,16,11,76,0,2,UL-Lafayette,48,50,212,26,21,360,0,1,V,-11,-24,-19,-92,-10,-10,-284,0,1
629,10/05/2013,Texas Tech,54,43,114,57,36,404,1,0,Kansas,16,37,53,35,18,220,1,3,V,17,38,6,61,22,18,184,0,-3
630,10/05/2013,Texas-San Antonio,10,29,97,34,14,157,3,0,Marshall,34,49,125,32,22,279,0,1,V,-15,-24,-20,-28,2,-8,-122,3,-1
631,10/05/2013,Toledo,47,39,360,32,14,168,0,0,Western Michigan,20,40,87,32,19,288,2,2,H,23.5,27,-1,273,0,-5,-120,-2,-2
632,10/05/2013,Troy,34,38,129,34,24,305,0,1,South Alabama,33,42,159,41,26,471,0,0,H,3.5,1,-4,-30,-7,-2,-166,0,1
633,10/05/2013,Tulane,24,39,95,28,18,132,0,1,North Texas,21,20,34,42,29,326,2,0,H,-3,3,19,61,-14,-11,-194,-2,1
634,10/05/2013,Tulsa,27,53,222,32,16,193,2,1,Rice,30,48,167,22,13,177,1,1,H,3,-3,5,55,10,3,16,1,0
635,10/05/2013,U-A-B,23,25,51,33,18,256,0,0,Florida Atlantic,37,46,280,36,23,299,0,0,H,4,-14,-21,-229,-3,-5,-43,0,0
636,10/05/2013,U-C-F,24,30,110,36,17,160,0,0,Memphis,17,35,118,39,20,279,3,1,V,10,7,-5,-8,-3,-3,-119,-3,-1
637,10/05/2013,UL-Lafayette,48,50,212,26,21,360,0,1,Texas State,24,31,120,16,11,76,0,2,H,11,24,19,92,10,10,284,0,-1
638,10/05/2013,UTEP,35,45,203,33,18,237,1,0,Louisiana Tech,38,50,353,20,10,110,0,2,H,-2.5,-3,-5,-150,13,8,127,1,-2
639,10/05/2013,Vanderbilt,28,38,130,41,29,338,1,0,Missouri,51,43,245,28,19,278,0,0,H,-2,-23,-5,-115,13,10,60,1,0
640,10/05/2013,Virginia,27,41,236,42,22,223,1,3,Ball State,48,40,160,41,23,346,0,0,H,3,-21,1,76,1,-1,-123,1,3
641,10/05/2013,Virginia Tech,27,34,48,28,19,293,0,0,North Carolina,17,38,99,35,23,277,2,1,H,9,10,-4,-51,-7,-4,16,-2,-1
642,10/05/2013,Wake Forest,28,32,114,39,24,268,1,0,No Carolina State,13,32,115,43,27,257,2,0,H,-8,15,0,-1,-4,-3,11,-1,0
643,10/05/2013,Washington,28,40,139,48,33,350,1,0,Stanford,31,41,179,20,12,105,1,0,V,-9.5,-3,-1,-40,28,21,245,0,0
644,10/05/2013,Washington State,44,21,49,67,41,521,1,0,California,22,29,79,62,34,506,2,3,V,2,22,-8,-30,5,7,15,-1,-3
645,10/05/2013,West Virginia,42,34,118,41,17,276,1,0,Baylor,73,62,468,33,20,396,3,1,V,-29,-31,-28,-350,8,-3,-120,-2,-1
646,10/05/2013,Western Michigan,20,40,87,32,19,288,2,2,Toledo,47,39,360,32,14,168,0,0,V,-23.5,-27,1,-273,0,5,120,2,2
647,10/10/2013,Air Force,20,49,169,12,6,150,0,1,San Diego State,27,46,214,26,15,249,1,1,H,-4,-7,3,-45,-14,-9,-99,-1,0
648,10/10/2013,Arizona,31,33,145,44,28,363,0,0,Southern Cal,38,45,249,30,15,297,0,0,V,-6,-7,-12,-104,14,13,66,0,0
649,10/10/2013,Louisville,24,36,151,31,21,310,1,2,Rutgers,10,27,12,37,20,228,4,0,H,19,14,9,139,-6,1,82,-3,2
650,10/10/2013,Rutgers,10,27,12,37,20,228,4,0,Louisville,24,36,151,31,21,310,1,2,V,-19,-14,-9,-139,6,-1,-82,3,-2
651,10/10/2013,San Diego State,27,46,214,26,15,249,1,1,Air Force,20,49,169,12,6,150,0,1,V,4,7,-3,45,14,9,99,1,0
652,10/10/2013,Southern Cal,38,45,249,30,15,297,0,0,Arizona,31,33,145,44,28,363,0,0,H,6,7,12,104,-14,-13,-66,0,0
653,10/11/2013,Cincinnati,38,42,205,37,31,270,0,1,Temple,20,31,176,25,12,200,1,1,H,20,18,11,29,12,19,70,-1,0
654,10/11/2013,Temple,20,31,176,25,12,200,1,1,Cincinnati,38,42,205,37,31,270,0,1,V,-20,-18,-11,-29,-12,-19,-70,1,0
655,10/12/2013,Akron,20,36,110,56,24,262,1,0,Northern Illinois,27,39,179,35,16,220,0,0,V,-24,-7,-3,-69,21,8,42,1,0
656,10/12/2013,Alabama,48,44,299,36,22,369,0,2,Kentucky,7,34,94,18,7,76,0,0,V,26,41,10,205,18,15,293,0,2
657,10/12/2013,Arizona State,54,58,276,22,11,256,0,0,Colorado,13,35,99,30,18,169,3,1,H,28,41,23,177,-8,-7,87,-3,-1
658,10/12/2013,Arkansas,7,24,218,13,4,30,1,2,South Carolina,52,54,277,35,24,260,0,1,H,-5,-45,-30,-59,-22,-20,-230,1,1
659,10/12/2013,Arkansas State,48,45,190,32,22,375,1,0,Idaho,24,39,165,41,15,212,1,0,H,26.5,24,6,25,-9,7,163,0,0
660,10/12/2013,Army,50,54,513,7,5,38,0,0,Eastern Michigan,25,34,194,27,17,223,1,1,H,10,25,20,319,-20,-12,-185,-1,-1
661,10/12/2013,Auburn,62,43,511,22,17,201,1,0,Western Carolina,3,31,66,17,6,107,1,0,H, ,59,12,445,5,11,94,0,0
662,10/12/2013,Ball State,27,23,118,46,23,305,2,1,Kent State,24,46,223,30,20,184,1,1,H,13.5,3,-23,-105,16,3,121,1,0
663,10/12/2013,Baylor,35,37,109,22,13,342,0,1,Kansas State,25,58,327,22,10,118,1,0,V,16.5,10,-21,-218,0,3,224,-1,1
664,10/12/2013,Boise State,34,40,112,45,30,335,3,0,Utah State,23,39,127,31,16,221,2,1,V,5,11,1,-15,14,14,114,1,-1
665,10/12/2013,Boston College,14,39,94,21,13,192,1,1,Clemson,24,37,162,45,30,334,0,2,V,-23.5,-10,2,-68,-24,-17,-142,1,-1
666,10/12/2013,Bowling Green,20,29,160,34,20,224,0,1,Mississippi State,21,41,245,25,19,177,1,0,V,-11.5,-1,-12,-85,9,1,47,-1,1
667,10/12/2013,Brigham Young,38,42,189,27,19,244,0,0,Georgia Tech,20,53,242,23,10,158,1,1,H,7,18,-11,-53,4,9,86,-1,-1
668,10/12/2013,Buffalo,33,56,290,23,12,132,0,0,Western Michigan,0,26,38,34,16,164,2,2,V,9.5,33,30,252,-11,-4,-32,-2,-2
669,10/12/2013,California,10,37,105,43,26,215,1,1,U.C.L.A.,37,34,78,41,31,410,0,0,V,-25.5,-27,3,27,2,-5,-195,1,1
670,10/12/2013,Central Michigan,26,44,208,29,20,224,1,0,Ohio,23,34,107,36,25,332,2,2,V,-20,3,10,101,-7,-5,-108,-1,-2
671,10/12/2013,Clemson,24,37,162,45,30,334,0,2,Boston College,14,39,94,21,13,192,1,1,H,23.5,10,-2,68,24,17,142,-1,1
672,10/12/2013,Colorado,13,35,99,30,18,169,3,1,Arizona State,54,58,276,22,11,256,0,0,V,-28,-41,-23,-177,8,7,-87,3,1
673,10/12/2013,Colorado State,27,27,137,34,19,310,2,0,San Jose State,34,45,177,35,28,431,1,1,H,3.5,-7,-18,-40,-1,-9,-121,1,-1
674,10/12/2013,Connecticut,10,37,207,43,15,149,0,1,South Florida,13,34,122,28,8,106,1,0,H,4,-3,3,85,15,7,43,-1,1
675,10/12/2013,Duke,35,37,134,39,32,301,0,0,Navy,7,50,230,14,6,89,1,2,H,4.5,28,-13,-96,25,26,212,-1,-2
676,10/12/2013,East Carolina,33,35,63,55,41,480,1,1,Tulane,36,28,85,40,24,225,1,0,V,13.5,-3,7,-22,15,17,255,0,1
677,10/12/2013,Eastern Michigan,25,34,194,27,17,223,1,1,Army,50,54,513,7,5,38,0,0,V,-10,-25,-20,-319,20,12,185,1,1
678,10/12/2013,Florida,6,40,111,28,16,129,0,0,Louisiana State,17,39,175,17,9,152,0,1,V,-7,-11,1,-64,11,7,-23,0,-1
679,10/12/2013,Florida Atlantic,23,47,208,29,16,187,1,0,Marshall,24,34,139,35,18,216,1,0,H,-10,-1,13,69,-6,-2,-29,0,0
680,10/12/2013,Florida Intl,24,36,94,34,17,302,1,1,U-A-B,27,41,217,30,19,188,0,0,H,-6,-3,-5,-123,4,-2,114,1,1
681,10/12/2013,Georgia,26,31,164,45,25,290,2,2,Missouri,41,37,142,31,22,233,0,0,H,7,-15,-6,22,14,3,57,2,2
682,10/12/2013,Georgia State,28,26,52,50,22,370,1,0,Troy,35,59,249,43,25,385,2,1,H,-15,-7,-33,-197,7,-3,-15,-1,-1
683,10/12/2013,Georgia Tech,20,53,242,23,10,158,1,1,Brigham Young,38,42,189,27,19,244,0,0,V,-7,-18,11,53,-4,-9,-86,1,1
684,10/12/2013,Hawaii,37,26,129,47,24,325,0,1,Nevada-Las Vegas,39,57,194,56,34,385,1,0,V,-7.5,-2,-31,-65,-9,-10,-60,-1,1
685,10/12/2013,Houston,25,29,38,32,14,209,0,1,Memphis,15,40,127,41,21,222,0,4,H,8,10,-11,-89,-9,-7,-13,0,-3
686,10/12/2013,Idaho,24,39,165,41,15,212,1,0,Arkansas State,48,45,190,32,22,375,1,0,V,-26.5,-24,-6,-25,9,-7,-163,0,0
687,10/12/2013,Indiana,28,27,92,47,25,259,1,0,Michigan State,42,47,238,31,22,235,1,1,V,-10,-14,-20,-146,16,3,24,0,-1
688,10/12/2013,Iowa State,35,39,143,39,15,168,0,0,Texas Tech,42,45,251,56,35,415,1,2,V,-14,-7,-6,-108,-17,-20,-247,-1,-2
689,10/12/2013,Kansas,17,34,46,26,13,152,1,1,Texas Christian,27,41,207,22,14,173,2,3,V,-24,-10,-7,-161,4,-1,-21,-1,-2
690,10/12/2013,Kansas State,25,58,327,22,10,118,1,0,Baylor,35,37,109,22,13,342,0,1,H,-16.5,-10,21,218,0,-3,-224,1,-1
691,10/12/2013,Kent State,24,46,223,30,20,184,1,1,Ball State,27,23,118,46,23,305,2,1,V,-13.5,-3,23,105,-16,-3,-121,-1,0
692,10/12/2013,Kentucky,7,34,94,18,7,76,0,0,Alabama,48,44,299,36,22,369,0,2,H,-26,-41,-10,-205,-18,-15,-293,0,-2
693,10/12/2013,Louisiana State,17,39,175,17,9,152,0,1,Florida,6,40,111,28,16,129,0,0,H,7,11,-1,64,-11,-7,23,0,1
694,10/12/2013,Marshall,24,34,139,35,18,216,1,0,Florida Atlantic,23,47,208,29,16,187,1,0,V,10,1,-13,-69,6,2,29,0,0
695,10/12/2013,Maryland,27,30,136,34,18,332,0,3,Virginia,26,49,242,44,27,263,0,0,H,5,1,-19,-106,-10,-9,69,0,3
696,10/12/2013,Massachusetts,17,44,127,36,19,249,2,0,Miami-Ohio,10,30,117,35,15,173,3,0,H,6.5,7,14,10,1,4,76,-1,0
697,10/12/2013,Memphis,15,40,127,41,21,222,0,4,Houston,25,29,38,32,14,209,0,1,V,-8,-10,11,89,9,7,13,0,3
698,10/12/2013,Miami-Ohio,10,30,117,35,15,173,3,0,Massachusetts,17,44,127,36,19,249,2,0,V,-6.5,-7,-14,-10,-1,-4,-76,1,0
699,10/12/2013,Michigan,40,54,149,29,15,240,2,1,Penn State,43,44,85,45,23,305,2,2,V,1,-3,10,64,-16,-8,-65,0,-1
700,10/12/2013,Michigan State,42,47,238,31,22,235,1,1,Indiana,28,27,92,47,25,259,1,0,H,10,14,20,146,-16,-3,-24,0,1
701,10/12/2013,Middle Tennessee,7,27,139,30,14,66,1,2,North Texas,34,61,303,19,13,113,2,1,V,-6,-27,-34,-164,11,1,-47,-1,1
702,10/12/2013,Mississippi,38,33,133,40,25,329,1,0,Texas A+M,41,44,241,39,31,346,1,1,H,-7,-3,-11,-108,1,-6,-17,0,-1
703,10/12/2013,Mississippi State,21,41,245,25,19,177,1,0,Bowling Green,20,29,160,34,20,224,0,1,H,11.5,1,12,85,-9,-1,-47,1,-1
704,10/12/2013,Missouri,41,37,142,31,22,233,0,0,Georgia,26,31,164,45,25,290,2,2,V,-7,15,6,-22,-14,-3,-57,-2,-2
705,10/12/2013,Navy,7,50,230,14,6,89,1,2,Duke,35,37,134,39,32,301,0,0,V,-4.5,-28,13,96,-25,-26,-212,1,2
706,10/12/2013,Nebraska,44,56,251,31,16,184,3,0,Purdue,7,25,32,36,14,184,1,1,V,13,37,31,219,-5,2,0,2,-1
707,10/12/2013,Nevada-Las Vegas,39,57,194,56,34,385,1,0,Hawaii,37,26,129,47,24,325,0,1,H,7.5,2,31,65,9,10,60,1,-1
708,10/12/2013,New Mexico,31,50,257,24,12,179,1,2,Wyoming,38,46,285,33,19,247,0,1,V,-13,-7,4,-28,-9,-7,-68,1,1
709,10/12/2013,No Carolina State,10,45,129,50,24,226,1,0,Syracuse,24,40,362,21,10,74,2,0,H,6,-14,5,-233,29,14,152,-1,0
710,10/12/2013,North Texas,34,61,303,19,13,113,2,1,Middle Tennessee,7,27,139,30,14,66,1,2,H,6,27,34,164,-11,-1,47,1,-1
711,10/12/2013,Northern Illinois,27,39,179,35,16,220,0,0,Akron,20,36,110,56,24,262,1,0,H,24,7,3,69,-21,-8,-42,-1,0
712,10/12/2013,Northwestern,6,25,44,39,17,197,1,0,Wisconsin,35,51,286,28,17,241,2,1,V,-11,-29,-26,-242,11,0,-44,-1,-1
713,10/12/2013,Ohio,23,34,107,36,25,332,2,2,Central Michigan,26,44,208,29,20,224,1,0,H,20,-3,-10,-101,7,5,108,1,2
714,10/12/2013,Oklahoma,20,33,130,26,12,133,2,0,Texas,36,60,255,22,13,190,1,1,N,13.5,-16,-27,-125,4,-1,-57,1,-1
715,10/12/2013,Oregon,45,50,265,31,24,366,0,0,Washington,24,42,194,32,19,182,1,1,V,12,21,8,71,-1,5,184,-1,-1
716,10/12/2013,Oregon State,52,28,102,53,35,496,2,0,Washington State,24,22,113,55,29,270,4,2,V,0,28,6,-11,-2,6,226,-2,-2
717,10/12/2013,Penn State,43,44,85,45,23,305,2,2,Michigan,40,54,149,29,15,240,2,1,H,-1,3,-10,-64,16,8,65,0,1
718,10/12/2013,Pittsburgh,9,26,23,29,13,187,0,0,Virginia Tech,19,38,76,34,19,239,0,0,V,-7,-10,-12,-53,-5,-6,-52,0,0
719,10/12/2013,Purdue,7,25,32,36,14,184,1,1,Nebraska,44,56,251,31,16,184,3,0,H,-13,-37,-31,-219,5,-2,0,-2,1
720,10/12/2013,Rice,27,41,157,22,9,183,0,0,Texas-San Antonio,21,49,264,31,17,170,0,1,V,1,6,-8,-107,-9,-8,13,0,-1
721,10/12/2013,San Jose State,34,45,177,35,28,431,1,1,Colorado State,27,27,137,34,19,310,2,0,V,-3.5,7,18,40,1,9,121,-1,1
722,10/12/2013,South Carolina,52,54,277,35,24,260,0,1,Arkansas,7,24,218,13,4,30,1,2,V,5,45,30,59,22,20,230,-1,-1
723,10/12/2013,South Florida,13,34,122,28,8,106,1,0,Connecticut,10,37,207,43,15,149,0,1,V,-4,3,-3,-85,-15,-7,-43,1,-1
724,10/12/2013,Stanford,21,29,143,27,15,246,0,2,Utah,27,39,181,34,23,234,1,0,V,7,-6,-10,-38,-7,-8,12,-1,2
725,10/12/2013,Syracuse,24,40,362,21,10,74,2,0,No Carolina State,10,45,129,50,24,226,1,0,V,-6,14,-5,233,-29,-14,-152,1,0
726,10/12/2013,Texas,36,60,255,22,13,190,1,1,Oklahoma,20,33,130,26,12,133,2,0,N,-13.5,16,27,125,-4,1,57,-1,1
727,10/12/2013,Texas A+M,41,44,241,39,31,346,1,1,Mississippi,38,33,133,40,25,329,1,0,V,7,3,11,108,-1,6,17,0,1
728,10/12/2013,Texas Christian,27,41,207,22,14,173,2,3,Kansas,17,34,46,26,13,152,1,1,H,24,10,7,161,-4,1,21,1,2
729,10/12/2013,Texas State,14,38,210,34,12,148,2,0,UL-Monroe,21,31,80,32,16,112,2,0,H,5.5,-7,7,130,2,-4,36,0,0
730,10/12/2013,Texas Tech,42,45,251,56,35,415,1,2,Iowa State,35,39,143,39,15,168,0,0,H,14,7,6,108,17,20,247,1,2
731,10/12/2013,Texas-San Antonio,21,49,264,31,17,170,0,1,Rice,27,41,157,22,9,183,0,0,H,-1,-6,8,107,9,8,-13,0,1
732,10/12/2013,Troy,35,59,249,43,25,385,2,1,Georgia State,28,26,52,50,22,370,1,0,V,15,7,33,197,-7,3,15,1,1
733,10/12/2013,Tulane,36,28,85,40,24,225,1,0,East Carolina,33,35,63,55,41,480,1,1,H,-13.5,3,-7,22,-15,-17,-255,0,-1
734,10/12/2013,Tulsa,34,46,204,17,14,226,0,1,UTEP,20,47,222,30,12,166,2,0,V,10,14,-1,-18,-13,2,60,-2,1
735,10/12/2013,U-A-B,27,41,217,30,19,188,0,0,Florida Intl,24,36,94,34,17,302,1,1,V,6,3,5,123,-4,2,-114,-1,-1
736,10/12/2013,U.C.L.A.,37,34,78,41,31,410,0,0,California,10,37,105,43,26,215,1,1,H,25.5,27,-3,-27,-2,5,195,-1,-1
737,10/12/2013,UL-Monroe,21,31,80,32,16,112,2,0,Texas State,14,38,210,34,12,148,2,0,V,-5.5,7,-7,-130,-2,4,-36,0,0
738,10/12/2013,UTEP,20,47,222,30,12,166,2,0,Tulsa,34,46,204,17,14,226,0,1,H,-10,-14,1,18,13,-2,-60,2,-1
739,10/12/2013,Utah,27,39,181,34,23,234,1,0,Stanford,21,29,143,27,15,246,0,2,H,-7,6,10,38,7,8,-12,1,-2
740,10/12/2013,Utah State,23,39,127,31,16,221,2,1,Boise State,34,40,112,45,30,335,3,0,H,-5,-11,-1,15,-14,-14,-114,-1,1
741,10/12/2013,Virginia,26,49,242,44,27,263,0,0,Maryland,27,30,136,34,18,332,0,3,V,-5,-1,19,106,10,9,-69,0,-3
742,10/12/2013,Virginia Tech,19,38,76,34,19,239,0,0,Pittsburgh,9,26,23,29,13,187,0,0,H,7,10,12,53,5,6,52,0,0
743,10/12/2013,Washington,24,42,194,32,19,182,1,1,Oregon,45,50,265,31,24,366,0,0,H,-12,-21,-8,-71,1,-5,-184,1,1
744,10/12/2013,Washington State,24,22,113,55,29,270,4,2,Oregon State,52,28,102,53,35,496,2,0,H,0,-28,-6,11,2,-6,-226,2,2
745,10/12/2013,Western Michigan,0,26,38,34,16,164,2,2,Buffalo,33,56,290,23,12,132,0,0,H,-9.5,-33,-30,-252,11,4,32,2,2
746,10/12/2013,Wisconsin,35,51,286,28,17,241,2,1,Northwestern,6,25,44,39,17,197,1,0,H,11,29,26,242,-11,0,44,1,1
747,10/12/2013,Wyoming,38,46,285,33,19,247,0,1,New Mexico,31,50,257,24,12,179,1,2,H,13,7,-4,28,9,7,68,-1,-1
748,10/15/2013,UL-Lafayette,37,52,254,12,5,90,0,1,Western Kentucky,20,38,133,29,23,338,2,2,V,-3,17,14,121,-17,-18,-248,-2,-1
749,10/15/2013,Western Kentucky,20,38,133,29,23,338,2,2,UL-Lafayette,37,52,254,12,5,90,0,1,H,3,-17,-14,-121,17,18,248,2,1
750,10/17/2013,Miami-Florida,27,45,234,35,19,322,4,0,North Carolina,23,36,105,43,32,395,2,0,V,9,4,9,129,-8,-13,-73,2,0
751,10/17/2013,North Carolina,23,36,105,43,32,395,2,0,Miami-Florida,27,45,234,35,19,322,4,0,H,-9,-4,-9,-129,8,13,73,-2,0
752,10/18/2013,Louisville,35,24,104,38,29,341,0,2,U-C-F,38,32,196,33,21,250,1,1,H,14.5,-3,-8,-92,5,8,91,-1,1
753,10/18/2013,U-C-F,38,32,196,33,21,250,1,1,Louisville,35,24,104,38,29,341,0,2,V,-14.5,3,8,92,-5,-8,-91,1,-1
754,10/19/2013,Akron,24,39,147,32,23,227,0,3,Miami-Ohio,17,36,77,34,23,226,1,1,V,6,7,3,70,-2,0,1,-1,2
755,10/19/2013,Alabama,52,37,352,24,15,180,0,0,Arkansas,0,39,165,25,7,91,2,1,H,29,52,-2,187,-1,8,89,-2,-1
756,10/19/2013,Arizona,35,58,300,30,18,168,0,2,Utah,24,42,172,32,15,157,2,0,H,3.5,11,16,128,-2,3,11,-2,2
757,10/19/2013,Arizona State,53,51,314,42,26,271,1,1,Washington,24,25,-5,40,16,217,0,1,H,3.5,29,26,319,2,10,54,1,0
758,10/19/2013,Arkansas,0,39,165,25,7,91,2,1,Alabama,52,37,352,24,15,180,0,0,V,-29,-52,2,-187,1,-8,-89,2,1
759,10/19/2013,Army,14,58,255,19,8,83,2,2,Temple,33,44,158,16,10,203,1,0,V,1,-19,14,97,3,-2,-120,1,2
760,10/19/2013,Auburn,45,60,379,25,11,236,0,1,Texas A+M,41,40,133,42,30,469,2,0,V,-12.5,4,20,246,-17,-19,-233,-2,1
761,10/19/2013,Ball State,38,43,159,38,25,324,1,1,Western Michigan,17,26,164,34,19,204,1,1,V,18.5,21,17,-5,4,6,120,0,0
762,10/19/2013,Baylor,71,53,296,38,28,413,0,0,Iowa State,7,33,41,27,15,133,2,1,H,33,64,20,255,11,13,280,-2,-1
763,10/19/2013,Boise State,34,46,407,21,18,150,1,0,Nevada-Reno,17,52,165,30,22,208,0,0,H,23.5,17,-6,242,-9,-4,-58,1,0
764,10/19/2013,Brigham Young,47,71,264,44,29,417,3,0,Houston,46,29,48,47,31,435,3,0,V,10,1,42,216,-3,-2,-18,0,0
765,10/19/2013,Buffalo,32,48,215,27,18,167,0,0,Massachusetts,3,33,85,28,14,162,1,2,H,19.5,29,15,130,-1,4,5,-1,-2
766,10/19/2013,California,17,30,75,47,32,291,2,2,Oregon State,49,28,74,46,36,496,0,2,H,-11,-32,2,1,1,-4,-205,2,0
767,10/19/2013,Central Michigan,17,30,75,32,16,271,1,1,Northern Illinois,38,53,437,30,20,155,1,0,H,-14.5,-21,-23,-362,2,-4,116,0,1
768,10/19/2013,Cincinnati,41,36,137,30,21,388,1,2,Connecticut,16,32,56,42,24,321,3,0,H,14,25,4,81,-12,-3,67,-2,2
769,10/19/2013,Clemson,14,41,123,45,22,203,2,2,Florida State,51,38,121,35,22,444,1,0,H,-4.5,-37,3,2,10,0,-241,1,2
770,10/19/2013,Colorado,43,31,218,21,15,198,0,0,Charleston Southern,10,45,148,14,7,48,1,1,H, ,33,-14,70,7,8,150,-1,-1
771,10/19/2013,Colorado State,52,54,290,23,18,219,1,0,Wyoming,22,34,165,37,22,251,2,1,V,-6.5,30,20,125,-14,-4,-32,-1,-1
772,10/19/2013,Connecticut,16,32,56,42,24,321,3,0,Cincinnati,41,36,137,30,21,388,1,2,V,-14,-25,-4,-81,12,3,-67,2,-2
773,10/19/2013,Duke,35,44,180,40,22,292,1,0,Virginia,22,39,100,38,20,263,1,0,V,-2.5,13,5,80,2,2,29,0,0
774,10/19/2013,East Carolina,55,44,122,44,34,354,0,1,Southern Miss,14,36,121,28,11,112,1,1,H,24,41,8,1,16,23,242,-1,0
775,10/19/2013,Eastern Michigan,28,39,315,28,14,162,2,1,Ohio,56,34,148,33,26,399,1,0,H,-13.5,-28,5,167,-5,-12,-237,1,1
776,10/19/2013,Florida,17,31,59,29,15,92,1,2,Missouri,36,37,205,36,18,295,1,1,V,3,-19,-6,-146,-7,-3,-203,0,1
777,10/19/2013,Florida State,51,38,121,35,22,444,1,0,Clemson,14,41,123,45,22,203,2,2,V,4.5,37,-3,-2,-10,0,241,-1,-2
778,10/19/2013,Fresno State,38,39,206,51,35,435,1,0,Nevada-Las Vegas,14,25,133,42,27,161,0,0,H,24.5,24,14,73,9,8,274,1,0
779,10/19/2013,Georgia,27,35,107,28,16,114,1,2,Vanderbilt,31,38,119,35,21,218,2,0,V,6.5,-4,-3,-12,-7,-5,-104,-1,2
780,10/19/2013,Georgia State,17,35,160,36,20,208,1,0,Texas State,24,42,296,12,5,47,1,0,V,-16,-7,-7,-136,24,15,161,0,0
781,10/19/2013,Georgia Tech,56,67,394,5,3,88,1,0,Syracuse,0,26,75,29,13,133,2,1,H,7,56,41,319,-24,-10,-45,-1,-1
782,10/19/2013,Houston,46,29,48,47,31,435,3,0,Brigham Young,47,71,264,44,29,417,3,0,H,-10,-1,-42,-216,3,2,18,0,0
783,10/19/2013,Illinois,32,29,72,34,26,319,0,2,Wisconsin,56,46,289,21,16,189,0,0,H,-14.5,-24,-17,-217,13,10,130,0,2
784,10/19/2013,Indiana,47,33,162,43,24,410,2,0,Michigan,63,54,248,29,21,503,0,2,V,-8.5,-16,-21,-86,14,3,-93,2,-2
785,10/19/2013,Iowa,24,27,130,34,19,245,1,0,Ohio State,34,51,273,27,22,222,0,0,V,-19,-10,-24,-143,7,-3,23,1,0
786,10/19/2013,Iowa State,7,33,41,27,15,133,2,1,Baylor,71,53,291,39,29,423,0,0,V,-33,-64,-20,-250,-12,-14,-290,2,1
787,10/19/2013,Kansas,19,39,185,13,5,16,0,0,Oklahoma,34,45,235,26,16,180,1,1,H,-21,-15,-6,-50,-13,-11,-164,-1,-1
788,10/19/2013,Kent State,21,33,247,26,14,181,0,0,South Alabama,38,53,257,24,16,224,0,0,V,-7.5,-17,-20,-10,2,-2,-43,0,0
789,10/19/2013,Louisiana State,24,35,114,33,19,274,3,0,Mississippi,27,43,176,41,31,349,0,2,V,10,-3,-8,-62,-8,-12,-75,3,-2
790,10/19/2013,Louisiana Tech,13,23,37,55,37,367,2,1,North Texas,28,44,165,24,16,221,1,0,H,-3.5,-15,-21,-128,31,21,146,1,1
791,10/19/2013,Maryland,10,23,39,51,27,344,2,1,Wake Forest,34,24,47,38,28,260,0,0,V,4.5,-24,-1,-8,13,-1,84,2,1
792,10/19/2013,Massachusetts,3,33,85,28,14,162,1,2,Buffalo,32,48,215,27,18,167,0,0,V,-19.5,-29,-15,-130,1,-4,-5,1,2
793,10/19/2013,Memphis,29,40,122,36,26,198,1,1,S-M-U,34,33,139,43,27,321,1,2,H,3.5,-5,7,-17,-7,-1,-123,0,-1
794,10/19/2013,Miami-Ohio,17,36,77,34,23,226,1,1,Akron,24,39,147,32,23,227,0,3,H,-6,-7,-3,-70,2,0,-1,1,-2
795,10/19/2013,Michigan,63,54,248,29,21,503,0,2,Indiana,47,33,162,43,24,410,2,0,H,8.5,16,21,86,-14,-3,93,-2,2
796,10/19/2013,Michigan State,14,41,182,26,14,112,0,0,Purdue,0,34,66,25,14,160,1,1,H,28,14,7,116,1,0,-48,-1,-1
797,10/19/2013,Minnesota,20,49,176,14,9,123,0,0,Northwestern,17,26,94,46,25,234,2,1,V,-12.5,3,23,82,-32,-16,-111,-2,-1
798,10/19/2013,Mississippi,27,43,176,41,31,349,0,2,Louisiana State,24,36,114,33,19,274,3,0,H,-10,3,7,62,8,12,75,-3,2
799,10/19/2013,Missouri,36,37,205,36,18,295,1,1,Florida,17,31,59,29,15,92,1,2,H,-3,19,6,146,7,3,203,0,-1
800,10/19/2013,Navy,44,93,419,13,5,95,0,1,Toledo,45,46,321,20,11,105,1,0,V,-9,-1,47,98,-7,-6,-10,-1,1
801,10/19/2013,Nevada-Las Vegas,14,25,133,42,27,161,0,0,Fresno State,38,39,206,51,35,435,1,0,V,-24.5,-24,-14,-73,-9,-8,-274,-1,0
802,10/19/2013,Nevada-Reno,17,52,165,30,22,208,0,0,Boise State,34,46,407,21,18,150,1,0,V,-23.5,-17,6,-242,9,4,58,-1,0
803,10/19/2013,New Mexico,10,43,160,20,11,140,0,1,Utah State,45,42,337,24,16,155,0,0,H,-14,-35,1,-177,-4,-5,-15,0,1
804,10/19/2013,New Mexico State,19,36,160,21,8,168,2,1,Rice,45,67,409,15,9,106,0,1,H,-17,-26,-31,-249,6,-1,62,2,0
805,10/19/2013,North Texas,28,44,165,24,16,221,1,0,Louisiana Tech,13,23,37,55,37,367,2,1,V,3.5,15,21,128,-31,-21,-146,-1,-1
806,10/19/2013,Northern Illinois,38,53,437,30,20,155,1,0,Central Michigan,17,30,75,32,16,271,1,1,V,14.5,21,23,362,-2,4,-116,0,-1
807,10/19/2013,Northwestern,17,26,94,46,25,234,2,1,Minnesota,20,49,176,14,9,123,0,0,H,12.5,-3,-23,-82,32,16,111,2,1
808,10/19/2013,Notre Dame,14,40,129,25,14,166,0,1,Southern Cal,10,31,129,34,20,201,1,0,H,2,4,9,0,-9,-6,-35,-1,1
809,10/19/2013,Ohio,56,34,148,33,26,399,1,0,Eastern Michigan,28,39,315,28,14,162,2,1,V,13.5,28,-5,-167,5,12,237,-1,-1
810,10/19/2013,Ohio State,34,51,273,27,22,222,0,0,Iowa,24,27,130,34,19,245,1,0,H,19,10,24,143,-7,3,-23,-1,0
811,10/19/2013,Oklahoma,34,45,235,26,16,180,1,1,Kansas,19,39,185,13,5,16,0,0,V,21,15,6,50,13,11,164,1,1
812,10/19/2013,Oklahoma State,24,35,95,44,20,320,3,1,Texas Christian,10,36,126,37,18,199,3,1,H,6.5,14,-1,-31,7,2,121,0,0
813,10/19/2013,Oregon,62,44,383,33,24,336,0,3,Washington State,38,12,2,89,58,557,4,1,H,39.5,24,32,381,-56,-34,-221,-4,2
814,10/19/2013,Oregon State,49,28,74,46,36,496,0,2,California,17,30,75,47,32,291,2,2,V,11,32,-2,-1,-1,4,205,-2,0
815,10/19/2013,Pittsburgh,35,45,266,18,11,104,0,0,Old Dominion,24,20,93,53,31,312,1,0,H, ,11,25,173,-35,-20,-208,-1,0
816,10/19/2013,Purdue,0,34,66,25,14,160,1,1,Michigan State,14,41,182,26,14,112,0,0,V,-28,-14,-7,-116,-1,0,48,1,1
817,10/19/2013,Rice,45,67,409,15,9,106,0,1,New Mexico State,19,36,160,21,8,168,2,1,V,17,26,31,249,-6,1,-62,-2,0
818,10/19/2013,S-M-U,34,33,139,43,27,321,1,2,Memphis,29,40,122,36,26,198,1,1,V,-3.5,5,-7,17,7,1,123,0,1
819,10/19/2013,South Alabama,38,53,257,24,16,224,0,0,Kent State,21,33,247,26,14,181,0,0,H,7.5,17,20,10,-2,2,43,0,0
820,10/19/2013,South Carolina,21,42,218,22,8,166,1,1,Tennessee,23,41,146,36,19,179,0,0,V,7,-2,1,72,-14,-11,-13,1,1
821,10/19/2013,Southern Cal,10,31,129,34,20,201,1,0,Notre Dame,14,40,129,25,14,166,0,1,V,-2,-4,-9,0,9,6,35,1,-1
822,10/19/2013,Southern Miss,14,36,121,28,11,112,1,1,East Carolina,55,44,122,44,34,354,0,1,V,-24,-41,-8,-1,-16,-23,-242,1,0
823,10/19/2013,Stanford,24,50,192,25,18,227,1,0,U.C.L.A.,10,27,74,39,24,192,2,0,H,4,14,23,118,-14,-6,35,-1,0
824,10/19/2013,Syracuse,0,26,75,29,13,133,2,1,Georgia Tech,56,67,394,5,3,88,1,0,V,-7,-56,-41,-319,24,10,45,1,1
825,10/19/2013,Temple,33,44,158,16,10,203,1,0,Army,14,58,255,19,8,83,2,2,H,-1,19,-14,-97,-3,2,120,-1,-2
826,10/19/2013,Tennessee,23,41,146,36,19,179,0,0,South Carolina,21,42,218,22,8,166,1,1,H,-7,2,-1,-72,14,11,13,-1,-1
827,10/19/2013,Texas A+M,41,41,133,42,30,469,2,0,Auburn,45,60,379,25,11,236,0,1,H,12.5,-4,-19,-246,17,19,233,2,-1
828,10/19/2013,Texas Christian,10,36,126,37,18,199,3,1,Oklahoma State,24,35,95,44,20,320,3,1,V,-6.5,-14,1,31,-7,-2,-121,0,0
829,10/19/2013,Texas State,24,42,296,12,5,47,1,0,Georgia State,17,35,160,36,20,208,1,0,H,16,7,7,136,-24,-15,-161,0,0
830,10/19/2013,Texas Tech,37,31,111,50,36,462,0,2,West Virginia,27,39,183,43,27,254,0,1,V,3.5,10,-8,-72,7,9,208,0,1
831,10/19/2013,Toledo,45,46,321,20,11,105,1,0,Navy,44,93,419,13,5,95,0,1,H,9,1,-47,-98,7,6,10,1,-1
832,10/19/2013,U.C.L.A.,10,27,74,39,24,192,2,0,Stanford,24,50,192,25,18,227,1,0,V,-4,-14,-23,-118,14,6,-35,1,0
833,10/19/2013,Utah,24,42,172,32,15,157,2,0,Arizona,35,58,300,30,18,168,0,2,V,-3.5,-11,-16,-128,2,-3,-11,2,-2
834,10/19/2013,Utah State,45,42,337,24,16,155,0,0,New Mexico,10,43,160,20,11,140,0,1,V,14,35,-1,177,4,5,15,0,-1
835,10/19/2013,Vanderbilt,31,38,119,35,21,218,2,0,Georgia,27,35,107,28,16,114,1,2,H,-6.5,4,3,12,7,5,104,1,-2
836,10/19/2013,Virginia,22,39,100,38,20,263,1,0,Duke,35,44,180,40,22,292,1,0,H,2.5,-13,-5,-80,-2,-2,-29,0,0
837,10/19/2013,Wake Forest,34,24,47,38,28,260,0,0,Maryland,10,23,39,51,27,344,2,1,H,-4.5,24,1,8,-13,1,-84,-2,-1
838,10/19/2013,Washington,24,25,-5,40,16,217,0,1,Arizona State,53,51,314,42,26,271,1,1,V,-3.5,-29,-26,-319,-2,-10,-54,-1,0
839,10/19/2013,Washington State,38,12,2,89,58,557,4,1,Oregon,62,44,383,33,24,336,0,3,V,-39.5,-24,-32,-381,56,34,221,4,-2
840,10/19/2013,West Virginia,27,39,183,43,27,254,0,1,Texas Tech,37,31,111,50,36,462,0,2,H,-3.5,-10,8,72,-7,-9,-208,0,-1
841,10/19/2013,Western Michigan,17,26,164,34,19,204,1,1,Ball State,38,43,159,38,25,324,1,1,H,-18.5,-21,-17,5,-4,-6,-120,0,0
842,10/19/2013,Wisconsin,56,46,289,21,16,189,0,0,Illinois,32,29,72,34,26,319,0,2,V,14.5,24,17,217,-13,-10,-130,0,-2
843,10/19/2013,Wyoming,22,34,165,37,22,251,2,1,Colorado State,52,54,290,23,18,219,1,0,H,6.5,-30,-20,-125,14,4,32,1,1
844,10/22/2013,Arkansas State,7,25,79,21,11,89,1,0,UL-Lafayette,23,58,265,28,18,205,1,0,H,-1,-16,-33,-186,-7,-7,-116,0,0
845,10/22/2013,UL-Lafayette,23,58,265,28,18,205,1,0,Arkansas State,7,25,79,21,11,89,1,0,V,1,16,33,186,7,7,116,0,0
846,10/24/2013,Kentucky,22,40,160,35,19,165,0,0,Mississippi State,28,42,152,37,25,295,0,0,V,-12,-6,-2,8,-2,-6,-130,0,0
847,10/24/2013,Marshall,49,52,213,35,19,235,1,1,Middle Tennessee,51,60,288,40,22,277,1,1,V,9.5,-2,-8,-75,-5,-3,-42,0,0
848,10/24/2013,Middle Tennessee,51,60,308,40,22,277,1,1,Marshall,49,52,213,35,19,235,1,1,H,-9.5,2,8,95,5,3,42,0,0
849,10/24/2013,Mississippi State,28,42,152,37,25,295,0,0,Kentucky,22,40,160,35,19,165,0,0,H,12,6,2,-8,2,6,130,0,0
850,10/25/2013,Boise State,20,44,214,46,29,285,1,3,Brigham Young,37,50,229,41,27,339,0,0,V,-6.5,-17,-6,-15,5,2,-54,1,3
851,10/25/2013,Brigham Young,37,50,229,41,27,339,0,0,Boise State,20,43,209,47,30,290,1,3,H,6.5,17,7,20,-6,-3,49,-1,-3
852,10/26/2013,Air Force,10,65,290,12,8,49,0,2,Notre Dame,45,37,135,26,18,331,0,0,H,-19.5,-35,28,155,-14,-10,-282,0,2
853,10/26/2013,Akron,24,44,226,35,17,211,2,1,Ball State,42,37,157,36,26,277,0,1,H,-9.5,-18,7,69,-1,-9,-66,2,0
854,10/26/2013,Alabama,45,37,204,28,19,275,0,1,Tennessee,10,28,127,28,13,195,2,0,H,27.5,35,9,77,0,6,80,-2,1
855,10/26/2013,Arizona,44,50,405,32,21,265,1,1,Colorado,20,42,137,33,17,212,1,0,V,12.5,24,8,268,-1,4,53,0,1
856,10/26/2013,Auburn,45,59,422,18,12,206,1,0,Florida Atlantic,10,25,97,26,11,150,0,1,H,23,35,34,325,-8,1,56,1,-1
857,10/26/2013,Ball State,42,37,157,36,26,277,0,1,Akron,24,44,226,35,17,211,2,1,V,9.5,18,-7,-69,1,9,66,-2,0
858,10/26/2013,Baylor,59,44,306,38,21,437,0,2,Kansas,14,50,154,33,11,154,0,1,V,34.5,45,-6,152,5,10,283,0,1
859,10/26/2013,Boston College,10,38,202,22,11,59,0,1,North Carolina,34,44,110,29,22,282,0,0,V,-5.5,-24,-6,92,-7,-11,-223,0,1
860,10/26/2013,Bowling Green,25,36,135,26,17,208,0,0,Toledo,28,41,242,23,15,130,0,1,H,3.5,-3,-5,-107,3,2,78,0,-1
861,10/26/2013,Buffalo,41,39,206,31,20,285,0,0,Kent State,21,30,103,32,20,260,2,0,V,3,20,9,103,-1,0,25,-2,0
862,10/26/2013,California,17,29,131,59,34,352,0,1,Washington,41,44,262,34,21,380,0,0,V,-28,-24,-15,-131,25,13,-28,0,1
863,10/26/2013,Clemson,40,57,247,41,28,304,1,2,Maryland,27,25,82,45,19,282,2,2,V,16.5,13,32,165,-4,9,22,-1,0
864,10/26/2013,Colorado,20,42,137,33,17,212,1,0,Arizona,44,50,405,32,21,265,1,1,H,-12.5,-24,-8,-268,1,-4,-53,0,-1
865,10/26/2013,Colorado State,35,49,231,26,15,177,1,1,Hawaii,28,29,32,57,31,386,2,2,V,2,7,20,199,-31,-16,-209,-1,-1
866,10/26/2013,Connecticut,17,30,91,32,14,142,2,2,U-C-F,62,38,176,35,26,351,1,1,V,-24.5,-45,-8,-85,-3,-12,-209,1,1
867,10/26/2013,Duke,13,28,91,26,7,107,4,0,Virginia Tech,10,46,173,38,21,214,4,0,V,-12,3,-18,-82,-12,-14,-107,0,0
868,10/26/2013,Eastern Michigan,20,46,164,32,13,173,0,0,Northern Illinois,59,44,327,28,21,331,0,0,V,-31.5,-39,2,-163,4,-8,-158,0,0
869,10/26/2013,Florida Atlantic,10,25,77,26,11,150,0,1,Auburn,45,59,422,18,12,206,1,0,V,-23,-35,-34,-345,8,-1,-56,-1,1
870,10/26/2013,Florida Intl,7,38,69,26,11,128,2,1,Louisiana Tech,23,47,141,32,20,192,3,0,H,-4.5,-16,-9,-72,-6,-9,-64,-1,1
871,10/26/2013,Florida State,49,34,224,34,20,342,2,0,No Carolina State,17,42,188,33,17,128,2,1,H,35,32,-8,36,1,3,214,0,-1
872,10/26/2013,Fresno State,35,19,43,57,35,298,0,0,San Diego State,28,48,170,39,21,337,1,1,V,6,7,-29,-127,18,14,-39,-1,-1
873,10/26/2013,Georgia State,10,33,136,31,12,108,3,1,UL-Monroe,38,37,224,44,30,309,0,2,V,-15.5,-28,-4,-88,-13,-18,-201,3,-1
874,10/26/2013,Georgia Tech,35,51,389,10,6,118,2,3,Virginia,25,31,68,62,43,376,1,0,V,10,10,20,321,-52,-37,-258,1,3
875,10/26/2013,Hawaii,28,29,32,57,31,386,2,2,Colorado State,35,49,231,26,15,177,1,1,H,-2,-7,-20,-199,31,16,209,1,1
876,10/26/2013,Houston,49,38,211,35,28,400,0,0,Rutgers,14,41,204,31,18,216,5,1,V,-7,35,-3,7,4,10,184,-5,-1
877,10/26/2013,Idaho,14,36,87,30,12,166,0,1,Mississippi,59,45,292,29,22,280,0,0,V,-41.5,-45,-9,-205,1,-10,-114,0,1
878,10/26/2013,Illinois,3,21,25,21,13,103,1,1,Michigan State,42,55,269,16,15,208,0,1,H,-8,-39,-34,-244,5,-2,-105,1,0
879,10/26/2013,Iowa,17,41,136,27,19,169,1,0,Northwestern,10,52,225,14,11,104,0,2,H,3.5,7,-11,-89,13,8,65,1,-2
880,10/26/2013,Iowa State,27,48,154,38,18,192,1,2,Oklahoma State,58,47,342,27,10,78,1,0,H,-12.5,-31,1,-188,11,8,114,0,2
881,10/26/2013,Kansas,14,50,154,33,11,154,0,1,Baylor,59,44,306,38,21,437,0,2,H,-34.5,-45,6,-152,-5,-10,-283,0,-1
882,10/26/2013,Kansas State,35,43,157,21,18,291,0,2,West Virginia,12,29,103,42,19,264,1,2,H,13,23,14,54,-21,-1,27,-1,0
883,10/26/2013,Kent State,21,30,103,32,20,260,2,0,Buffalo,41,39,206,31,20,285,0,0,H,-3,-20,-9,-103,1,0,-25,2,0
884,10/26/2013,Louisiana State,48,36,332,26,17,340,2,1,Furman,16,35,92,29,17,106,1,0,H, ,32,1,240,-3,0,234,1,1
885,10/26/2013,Louisiana Tech,23,47,141,32,20,192,3,0,Florida Intl,7,38,69,26,11,128,2,1,V,4.5,16,9,72,6,9,64,1,-1
886,10/26/2013,Louisville,34,40,132,30,26,353,0,0,South Florida,3,20,38,19,8,95,1,1,V,21,31,20,94,11,18,258,-1,-1
887,10/26/2013,Maryland,27,25,82,45,19,282,2,2,Clemson,40,57,247,41,28,304,1,2,H,-16.5,-13,-32,-165,4,-9,-22,1,0
888,10/26/2013,Massachusetts,30,42,112,25,16,220,0,0,Western Michigan,31,35,118,37,23,275,0,0,H,4.5,-1,7,-6,-12,-7,-55,0,0
889,10/26/2013,Miami-Florida,24,40,200,28,17,191,0,0,Wake Forest,21,25,59,46,25,302,1,0,H,25.5,3,15,141,-18,-8,-111,-1,0
890,10/26/2013,Miami-Ohio,16,40,85,34,15,155,1,0,Ohio,41,42,229,33,22,306,0,1,V,-26,-25,-2,-144,1,-7,-151,1,-1
891,10/26/2013,Michigan State,42,55,269,16,15,208,0,1,Illinois,3,21,25,21,13,103,1,1,V,8,39,34,244,-5,2,105,-1,0
892,10/26/2013,Minnesota,34,54,271,17,8,159,0,0,Nebraska,23,30,189,30,16,139,1,1,H,-10,11,24,82,-13,-8,20,-1,-1
893,10/26/2013,Mississippi,59,45,292,29,22,280,0,0,Idaho,14,36,87,30,12,166,0,1,H,41.5,45,9,205,-1,10,114,0,-1
894,10/26/2013,Missouri,24,41,155,25,10,249,1,0,South Carolina,27,35,75,56,35,423,1,2,H,3,-3,6,80,-31,-25,-174,0,-2
895,10/26/2013,Navy,24,47,220,18,8,105,1,0,Pittsburgh,21,38,135,27,20,203,0,1,H,-4.5,3,9,85,-9,-12,-98,1,-1
896,10/26/2013,Nebraska,23,30,189,30,16,139,1,1,Minnesota,34,54,271,17,8,159,0,0,V,10,-11,-24,-82,13,8,-20,1,1
897,10/26/2013,Nevada-Las Vegas,27,42,149,42,29,335,0,1,Nevada-Reno,22,36,130,40,24,357,1,1,V,-6,5,6,19,2,5,-22,-1,0
898,10/26/2013,Nevada-Reno,22,36,130,40,24,357,1,1,Nevada-Las Vegas,27,42,149,42,29,335,0,1,H,6,-5,-6,-19,-2,-5,22,1,0
899,10/26/2013,New Mexico State,34,45,224,31,24,245,2,1,Abilene Christian,29,24,146,49,33,428,1,1,H, ,5,21,78,-18,-9,-183,1,0
900,10/26/2013,No Carolina State,17,42,188,33,17,128,2,1,Florida State,49,34,224,34,20,342,2,0,V,-35,-32,8,-36,-1,-3,-214,0,1
901,10/26/2013,North Carolina,34,44,110,29,22,282,0,0,Boston College,10,38,202,22,11,59,0,1,H,5.5,24,6,-92,7,11,223,0,-1
902,10/26/2013,North Texas,55,62,229,27,18,300,2,2,Southern Miss,14,21,39,31,12,210,3,2,V,12,41,41,190,-4,6,90,-1,0
903,10/26/2013,Northern Illinois,59,44,327,28,21,331,0,0,Eastern Michigan,20,46,164,32,13,173,0,0,H,31.5,39,-2,163,-4,8,158,0,0
904,10/26/2013,Northwestern,10,52,225,14,11,104,0,2,Iowa,17,41,136,27,19,169,1,0,V,-3.5,-7,11,89,-13,-8,-65,-1,2
905,10/26/2013,Notre Dame,45,37,135,26,18,331,0,0,Air Force,10,65,290,12,8,49,0,2,V,19.5,35,-28,-155,14,10,282,0,-2
906,10/26/2013,Ohio,41,42,229,33,22,306,0,1,Miami-Ohio,16,40,85,34,15,155,1,0,H,26,25,2,144,-1,7,151,-1,1
907,10/26/2013,Ohio State,63,51,408,26,20,278,0,0,Penn State,14,40,120,34,19,237,2,1,H,15,49,11,288,-8,1,41,-2,-1
908,10/26/2013,Oklahoma,38,50,277,22,14,249,0,1,Texas Tech,30,25,72,54,34,388,2,1,H,6.5,8,25,205,-32,-20,-139,-2,0
909,10/26/2013,Oklahoma State,58,47,342,27,10,78,1,0,Iowa State,27,48,154,38,18,192,1,2,V,12.5,31,-1,188,-11,-8,-114,0,-2
910,10/26/2013,Oregon,42,53,325,28,21,230,0,2,U.C.L.A.,14,52,219,19,13,64,2,0,H,23.5,28,1,106,9,8,166,-2,2
911,10/26/2013,Oregon State,12,24,17,57,41,271,0,1,Stanford,20,33,185,18,8,88,0,2,H,-4,-8,-9,-168,39,33,183,0,-1
912,10/26/2013,Penn State,14,40,120,34,19,237,2,1,Ohio State,63,51,408,26,20,278,0,0,V,-15,-49,-11,-288,8,-1,-41,2,1
913,10/26/2013,Pittsburgh,21,38,135,27,20,203,0,1,Navy,24,47,220,18,8,105,1,0,V,4.5,-3,-9,-85,9,12,98,-1,1
914,10/26/2013,Rice,45,47,265,20,8,259,0,0,UTEP,7,55,248,12,7,116,1,2,H,17,38,-8,17,8,1,143,-1,-2
915,10/26/2013,Rutgers,14,41,204,31,18,216,5,1,Houston,49,38,211,35,28,400,0,0,H,7,-35,3,-7,-4,-10,-184,5,1
916,10/26/2013,S-M-U,59,29,190,53,37,538,0,3,Temple,49,36,217,38,27,376,0,1,H,14,10,-7,-27,15,10,162,0,2
917,10/26/2013,San Diego State,28,48,170,39,21,337,1,1,Fresno State,35,19,43,57,35,298,0,0,H,-6,-7,29,127,-18,-14,39,1,1
918,10/26/2013,San Jose State,51,44,160,37,27,482,0,1,Wyoming,44,43,332,34,22,267,1,1,H,10.5,7,1,-172,3,5,215,-1,0
919,10/26/2013,South Alabama,31,22,109,43,27,300,1,1,Texas State,33,53,234,26,15,218,1,0,V,2.5,-2,-31,-125,17,12,82,0,1
920,10/26/2013,South Carolina,27,35,75,56,35,423,1,2,Missouri,24,41,155,25,10,249,1,0,V,-3,3,-6,-80,31,25,174,0,2
921,10/26/2013,South Florida,3,20,38,19,8,95,1,1,Louisville,34,40,132,30,26,353,0,0,H,-21,-31,-20,-94,-11,-18,-258,1,1
922,10/26/2013,Southern Cal,19,30,30,32,21,230,0,0,Utah,3,38,71,31,12,130,3,1,H,4.5,16,-8,-41,1,9,100,-3,-1
923,10/26/2013,Southern Miss,14,21,39,31,12,210,3,2,North Texas,55,62,229,27,18,300,2,2,H,-12,-41,-41,-190,4,-6,-90,1,0
924,10/26/2013,Stanford,20,33,185,18,8,88,0,2,Oregon State,12,24,17,57,41,271,0,1,V,4,8,9,168,-39,-33,-183,0,1
925,10/26/2013,Temple,49,36,217,38,27,376,0,1,S-M-U,59,29,190,53,37,538,0,3,V,-14,-10,7,27,-15,-10,-162,0,-2
926,10/26/2013,Tennessee,10,28,127,28,13,195,2,0,Alabama,45,37,204,28,19,275,0,1,V,-27.5,-35,-9,-77,0,-6,-80,2,-1
927,10/26/2013,Texas,30,52,187,19,9,228,2,0,Texas Christian,7,24,45,39,17,201,1,2,V,-3,23,28,142,-20,-8,27,1,-2
928,10/26/2013,Texas A+M,56,32,182,46,33,376,1,4,Vanderbilt,24,44,95,32,17,234,3,0,H,17.5,32,-12,87,14,16,142,-2,4
929,10/26/2013,Texas Christian,7,24,45,39,17,201,1,2,Texas,30,52,187,19,9,228,2,0,H,3,-23,-28,-142,20,8,-27,-1,2
930,10/26/2013,Texas State,33,53,234,26,15,218,1,0,South Alabama,31,22,109,43,27,300,1,1,H,-2.5,2,31,125,-17,-12,-82,0,-1
931,10/26/2013,Texas Tech,30,25,72,54,34,388,2,1,Oklahoma,38,50,277,22,14,249,0,1,V,-6.5,-8,-25,-205,32,20,139,2,0
932,10/26/2013,Texas-San Antonio,52,42,248,25,18,275,0,0,U-A-B,31,34,189,43,23,317,2,1,H,8,21,8,59,-18,-5,-42,-2,-1
933,10/26/2013,Toledo,28,41,242,23,15,130,0,1,Bowling Green,25,36,135,26,17,208,0,0,V,-3.5,3,5,107,-3,-2,-78,0,1
934,10/26/2013,Troy,32,30,91,33,20,306,1,0,Western Kentucky,26,41,133,48,31,399,0,2,V,-10,6,-11,-42,-15,-11,-93,1,-2
935,10/26/2013,Tulane,14,41,137,29,17,164,2,0,Tulsa,7,46,205,30,13,139,3,1,H,-3,7,-5,-68,-1,4,25,-1,-1
936,10/26/2013,Tulsa,7,46,205,30,13,139,3,1,Tulane,14,41,137,29,17,164,2,0,V,3,-7,5,68,1,-4,-25,1,1
937,10/26/2013,U-A-B,31,34,189,43,23,317,2,1,Texas-San Antonio,52,42,248,25,18,275,0,0,V,-8,-21,-8,-59,18,5,42,2,1
938,10/26/2013,U-C-F,62,38,176,35,26,351,1,1,Connecticut,17,30,91,32,14,142,2,2,H,24.5,45,8,85,3,12,209,-1,-1
939,10/26/2013,U.C.L.A.,14,52,219,19,13,64,2,0,Oregon,42,53,325,28,21,230,0,2,V,-23.5,-28,-1,-106,-9,-8,-166,2,-2
940,10/26/2013,UL-Monroe,38,37,224,44,30,309,0,2,Georgia State,10,33,136,31,12,108,3,1,H,15.5,28,4,88,13,18,201,-3,1
941,10/26/2013,UTEP,7,55,248,12,7,116,1,2,Rice,45,47,265,20,8,259,0,0,V,-17,-38,8,-17,-8,-1,-143,1,2
942,10/26/2013,Utah,3,38,71,31,12,130,3,1,Southern Cal,19,30,30,32,21,230,0,0,V,-4.5,-16,8,41,-1,-9,-100,3,1
943,10/26/2013,Vanderbilt,24,44,95,32,17,234,3,0,Texas A+M,56,32,182,46,33,376,1,4,V,-17.5,-32,12,-87,-14,-16,-142,2,-4
944,10/26/2013,Virginia,25,31,68,62,43,376,1,0,Georgia Tech,35,52,394,9,5,113,2,3,H,-10,-10,-21,-326,53,38,263,-1,-3
945,10/26/2013,Virginia Tech,10,46,173,38,21,214,4,0,Duke,13,28,91,26,7,107,4,0,H,12,-3,18,82,12,14,107,0,0
946,10/26/2013,Wake Forest,21,25,59,46,25,302,1,0,Miami-Florida,24,40,200,28,17,191,0,0,V,-25.5,-3,-15,-141,18,8,111,1,0
947,10/26/2013,Washington,41,44,262,34,21,380,0,0,California,17,29,131,59,34,352,0,1,H,28,24,15,131,-25,-13,28,0,-1
948,10/26/2013,West Virginia,12,29,103,42,19,264,1,2,Kansas State,35,43,157,21,18,291,0,2,V,-13,-23,-14,-54,21,1,-27,1,0
949,10/26/2013,Western Kentucky,26,41,133,48,31,399,0,2,Troy,32,30,91,33,20,306,1,0,H,10,-6,11,42,15,11,93,-1,2
950,10/26/2013,Western Michigan,31,35,118,37,23,275,0,0,Massachusetts,30,42,112,25,16,220,0,0,V,-4.5,1,-7,6,12,7,55,0,0
951,10/26/2013,Wyoming,44,43,332,34,22,267,1,1,San Jose State,51,44,160,37,27,482,0,1,V,-10.5,-7,-1,172,-3,-5,-215,1,0
952,10/30/2013,Cincinnati,34,41,108,37,29,329,1,0,Memphis,21,28,92,33,17,140,1,1,V,1.5,13,13,16,4,12,189,0,-1
953,10/30/2013,Memphis,21,28,92,33,17,140,1,1,Cincinnati,34,41,108,37,29,329,1,0,H,-1.5,-13,-13,-16,-4,-12,-189,0,1
954,10/31/2013,Arizona State,55,57,282,31,22,275,1,1,Washington State,21,11,2,54,29,300,1,1,V,11,34,46,280,-23,-7,-25,0,0
955,10/31/2013,Houston,35,26,95,30,23,293,0,2,South Florida,23,34,53,41,26,311,1,1,H,18.5,12,-8,42,-11,-3,-18,-1,1
956,10/31/2013,North Texas,28,43,149,13,7,104,1,0,Rice,16,42,133,28,18,222,2,1,H,2.5,12,1,16,-15,-11,-118,-1,-1
957,10/31/2013,Rice,16,42,133,28,18,222,2,1,North Texas,28,43,149,13,7,104,1,0,V,-2.5,-12,-1,-16,15,11,118,1,1
958,10/31/2013,South Florida,23,34,53,41,26,311,1,1,Houston,35,26,95,30,23,293,0,2,V,-18.5,-12,8,-42,11,3,18,1,-1
959,10/31/2013,Troy,37,31,144,55,32,367,0,2,UL-Monroe,49,40,108,32,21,354,0,0,H,3,-12,-9,36,23,11,13,0,2
960,10/31/2013,UL-Monroe,49,41,109,32,21,354,0,0,Troy,37,31,144,55,32,367,0,2,V,-3,12,10,-35,-23,-11,-13,0,-2
961,10/31/2013,Washington State,21,11,2,54,29,300,1,1,Arizona State,55,57,282,31,22,275,1,1,H,-11,-34,-46,-280,23,7,25,0,0
962,11/01/2013,Oregon State,14,16,92,45,26,277,3,0,Southern Cal,31,44,242,21,17,247,1,0,H,4.5,-17,-28,-150,24,9,30,2,0
963,11/01/2013,Southern Cal,31,44,242,21,17,247,1,0,Oregon State,14,16,92,45,26,277,3,0,V,-4.5,17,28,150,-24,-9,-30,-2,0
964,11/02/2013,Air Force,42,46,343,8,7,111,0,1,Army,28,70,308,14,8,109,0,0,H,1,14,-24,35,-6,-1,2,0,1
965,11/02/2013,Akron,16,47,173,21,9,131,0,1,Kent State,7,33,162,31,15,138,3,2,H,1.5,9,14,11,-10,-6,-7,-3,-1
966,11/02/2013,Arizona,33,52,187,38,24,261,0,0,California,28,26,130,56,34,289,2,0,V,14.5,5,26,57,-18,-10,-28,-2,0
967,11/02/2013,Arkansas,17,47,222,27,12,124,1,2,Auburn,35,46,233,9,8,133,0,0,H,-7,-18,1,-11,18,4,-9,1,2
968,11/02/2013,Arkansas State,17,47,189,25,21,160,0,1,South Alabama,16,40,143,30,15,228,1,0,V,-3,1,7,46,-5,6,-68,-1,1
969,11/02/2013,Army,28,70,308,14,8,109,0,0,Air Force,42,46,343,8,7,111,0,1,V,-1,-14,24,-35,6,1,-2,0,-1
970,11/02/2013,Auburn,35,46,233,9,8,133,0,0,Arkansas,17,47,222,27,12,124,1,2,V,7,18,-1,11,-18,-4,9,-1,-2
971,11/02/2013,Boise State,42,31,132,27,19,305,0,2,Colorado State,30,56,229,53,36,397,1,1,V,7,12,-25,-97,-26,-17,-92,-1,1
972,11/02/2013,Boston College,34,42,196,14,11,93,0,0,Virginia Tech,27,29,55,41,24,391,2,2,H,-3.5,7,13,141,-27,-13,-298,-2,-2
973,11/02/2013,California,28,26,130,56,34,289,2,0,Arizona,33,51,187,38,24,261,0,0,H,-14.5,-5,-25,-57,18,10,28,2,0
974,11/02/2013,Clemson,59,43,175,45,34,435,1,0,Virginia,10,39,114,46,19,163,2,1,V,17,49,4,61,-1,15,272,-1,-1
975,11/02/2013,Colorado,23,40,134,36,25,247,0,1,U.C.L.A.,45,33,139,24,19,273,0,0,V,-28.5,-22,7,-5,12,6,-26,0,1
976,11/02/2013,Colorado State,30,56,229,53,36,397,1,1,Boise State,42,31,132,27,19,305,0,2,H,-7,-12,25,97,26,17,92,1,-1
977,11/02/2013,East Carolina,34,19,74,36,24,299,0,0,Florida Intl,13,43,73,33,21,194,1,0,V,27,21,-24,1,3,3,105,-1,0
978,11/02/2013,Eastern Michigan,16,27,82,27,12,227,1,0,Toledo,55,53,334,29,20,395,0,1,V,-30.5,-39,-26,-252,-2,-8,-168,1,-1
979,11/02/2013,Florida,20,41,145,29,13,174,0,0,Georgia,23,35,156,26,16,258,0,1,N,-3.5,-3,6,-11,3,-3,-84,0,-1
980,11/02/2013,Florida Atlantic,34,49,194,22,11,137,1,1,Tulane,17,28,62,31,11,105,4,0,H,3,17,21,132,-9,0,32,-3,1
981,11/02/2013,Florida Intl,13,43,73,33,21,194,1,0,East Carolina,34,19,74,36,24,299,0,0,H,-27,-21,24,-1,-3,-3,-105,1,0
982,11/02/2013,Florida State,41,44,192,29,21,325,2,0,Miami-Florida,14,29,83,28,16,192,2,0,H,21,27,15,109,1,5,133,0,0
983,11/02/2013,Fresno State,41,33,160,55,39,487,0,1,Nevada-Reno,23,42,218,24,14,206,1,0,H,21,18,-9,-58,31,25,281,-1,1
984,11/02/2013,Georgia,23,35,156,26,16,258,0,1,Florida,20,41,145,29,13,174,0,0,N,3.5,3,-6,11,-3,3,84,0,1
985,11/02/2013,Georgia State,28,27,85,41,26,325,2,0,Western Kentucky,44,47,204,29,18,241,1,1,H,-19,-16,-20,-119,12,8,84,1,-1
986,11/02/2013,Georgia Tech,21,53,276,10,5,84,0,2,Pittsburgh,10,21,-5,37,25,233,1,0,H,10.5,11,32,281,-27,-20,-149,-1,2
987,11/02/2013,Hawaii,10,25,59,44,22,260,3,0,Utah State,47,44,163,42,28,370,1,0,V,-24,-37,-19,-104,2,-6,-110,2,0
988,11/02/2013,Idaho,21,38,145,35,20,181,0,1,Texas State,37,38,108,24,19,228,0,0,H,-11,-16,0,37,11,1,-47,0,1
989,11/02/2013,Illinois,17,24,90,52,33,321,2,0,Penn State,24,48,250,32,20,240,0,1,V,-12,-7,-24,-160,20,13,81,2,-1
990,11/02/2013,Indiana,39,37,227,38,21,269,0,1,Minnesota,42,52,248,26,17,325,0,1,H,8.5,-3,-15,-21,12,4,-56,0,0
991,11/02/2013,Iowa,9,32,115,40,16,179,2,0,Wisconsin,28,45,218,19,11,144,1,0,H,-9,-19,-13,-103,21,5,35,1,0
992,11/02/2013,Iowa State,7,34,123,36,17,126,3,0,Kansas State,41,48,227,20,13,221,0,1,V,-17.5,-34,-14,-104,16,4,-95,3,-1
993,11/02/2013,Kansas,13,36,140,23,12,166,0,1,Texas,35,44,221,32,21,197,2,0,V,-26.5,-22,-8,-81,-9,-9,-31,-2,1
994,11/02/2013,Kansas State,41,48,227,20,13,221,0,1,Iowa State,7,34,123,36,17,126,3,0,H,17.5,34,14,104,-16,-4,95,-3,1
995,11/02/2013,Kent State,7,33,162,31,15,138,3,2,Akron,16,47,173,21,9,131,0,1,V,-1.5,-9,-14,-11,10,6,7,3,1
996,11/02/2013,Kentucky,48,44,233,29,17,189,0,0,Alabama State,14,38,149,28,12,148,0,2,H, ,34,6,84,1,5,41,0,-2
997,11/02/2013,Marshall,61,27,304,37,28,332,0,2,Southern Miss,13,33,74,48,24,323,1,1,H,31.5,48,-6,230,-11,4,9,-1,1
998,11/02/2013,Massachusetts,19,45,155,25,10,169,2,1,Northern Illinois,63,49,354,17,12,258,0,2,H,-27.5,-44,-4,-199,8,-2,-89,2,-1
999,11/02/2013,Miami-Florida,14,29,83,28,16,192,2,0,Florida State,41,44,192,29,21,325,2,0,V,-21,-27,-15,-109,-1,-5,-133,0,0
1000,11/02/2013,Michigan,6,29,-48,30,15,216,1,0,Michigan State,29,39,142,33,18,252,1,0,V,-4,-23,-10,-190,-3,-3,-36,0,0
1001,11/02/2013,Michigan State,29,39,142,33,18,252,1,0,Michigan,6,29,-48,30,15,216,1,0,H,4,23,10,190,3,3,36,0,0
1002,11/02/2013,Middle Tennessee,24,34,259,23,12,170,1,0,U-A-B,21,56,299,9,6,57,1,1,V,3.5,3,-22,-40,14,6,113,0,-1
1003,11/02/2013,Minnesota,42,52,248,26,17,325,0,1,Indiana,39,37,227,38,21,269,0,1,V,-8.5,3,15,21,-12,-4,56,0,0
1004,11/02/2013,Mississippi State,16,35,150,43,28,235,3,2,South Carolina,34,34,160,20,10,147,0,0,V,-11.5,-18,1,-10,23,18,88,3,2
1005,11/02/2013,Missouri,31,54,339,25,12,163,0,0,Tennessee,3,24,94,42,26,240,2,1,H,10.5,28,30,245,-17,-14,-77,-2,-1
1006,11/02/2013,Navy,34,70,331,9,6,88,0,0,Notre Dame,38,36,264,20,12,242,2,0,V,-16,-4,34,67,-11,-6,-154,-2,0
1007,11/02/2013,Nebraska,27,50,195,42,22,277,4,0,Northwestern,24,47,245,21,8,81,1,0,H,3.5,3,3,-50,21,14,196,3,0
1008,11/02/2013,Nevada-Las Vegas,24,27,86,49,26,265,2,0,San Jose State,34,46,312,31,16,180,2,0,H,-5,-10,-19,-226,18,10,85,0,0
1009,11/02/2013,Nevada-Reno,23,42,218,24,14,206,1,0,Fresno State,41,33,160,55,39,487,0,1,V,-21,-18,9,58,-31,-25,-281,1,-1
1010,11/02/2013,New Mexico,30,41,253,20,10,170,1,0,San Diego State,35,41,249,22,17,234,0,0,V,-14,-5,0,4,-2,-7,-64,1,0
1011,11/02/2013,New Mexico State,35,42,120,36,26,330,1,0,UL-Lafayette,49,32,209,20,14,231,1,1,V,-32,-14,10,-89,16,12,99,0,-1
1012,11/02/2013,No Carolina State,19,48,212,29,14,176,2,0,North Carolina,27,38,152,38,24,275,1,0,H,-5.5,-8,10,60,-9,-10,-99,1,0
1013,11/02/2013,North Carolina,27,38,152,38,24,275,1,0,No Carolina State,19,48,212,29,14,176,2,0,V,5.5,8,-10,-60,9,10,99,-1,0
1014,11/02/2013,Northern Illinois,63,49,354,17,12,258,0,2,Massachusetts,19,45,155,25,10,169,2,1,V,27.5,44,4,199,-8,2,89,-2,1
1015,11/02/2013,Northwestern,24,47,245,21,8,81,1,0,Nebraska,27,50,195,42,22,277,4,0,V,-3.5,-3,-3,50,-21,-14,-196,-3,0
1016,11/02/2013,Notre Dame,38,36,264,20,12,242,2,0,Navy,34,70,331,9,6,88,0,0,H,16,4,-34,-67,11,6,154,2,0
1017,11/02/2013,Ohio State,56,41,345,36,28,295,1,0,Purdue,0,27,27,29,13,89,1,1,V,31,56,14,318,7,15,206,0,-1
1018,11/02/2013,Oklahoma State,52,55,281,34,18,211,2,0,Texas Tech,34,26,124,71,45,425,2,1,V,1,18,29,157,-37,-27,-214,0,-1
1019,11/02/2013,Penn State,24,48,250,32,20,240,0,1,Illinois,17,24,90,52,33,321,2,0,H,12,7,24,160,-20,-13,-81,-2,1
1020,11/02/2013,Pittsburgh,10,21,-5,37,25,233,1,0,Georgia Tech,21,53,276,10,5,84,0,2,V,-10.5,-11,-32,-281,27,20,149,1,-2
1021,11/02/2013,Purdue,0,27,27,29,13,89,1,1,Ohio State,56,41,345,36,28,295,1,0,H,-31,-56,-14,-318,-7,-15,-206,0,1
1022,11/02/2013,Rutgers,23,28,69,39,27,371,0,1,Temple,20,33,119,31,21,203,2,1,H,11.5,3,-5,-50,8,6,168,-2,0
1023,11/02/2013,San Diego State,35,41,249,22,17,234,0,0,New Mexico,30,41,253,20,10,170,1,0,H,14,5,0,-4,2,7,64,-1,0
1024,11/02/2013,San Jose State,34,45,312,31,16,180,2,0,Nevada-Las Vegas,24,27,86,49,26,265,2,0,V,5,10,18,226,-18,-10,-85,0,0
1025,11/02/2013,South Alabama,16,40,143,30,15,228,1,0,Arkansas State,17,47,189,25,21,160,0,1,H,3,-1,-7,-46,5,-6,68,1,-1
1026,11/02/2013,South Carolina,34,34,160,20,10,147,0,0,Mississippi State,16,35,150,43,28,235,3,2,H,11.5,18,-1,10,-23,-18,-88,-3,-2
1027,11/02/2013,Southern Miss,13,33,74,48,24,323,1,1,Marshall,61,27,304,37,28,332,0,2,V,-31.5,-48,6,-230,11,-4,-9,1,-1
1028,11/02/2013,Syracuse,13,45,183,31,19,169,0,0,Wake Forest,0,18,40,54,22,173,1,0,H,4,13,27,143,-23,-3,-4,-1,0
1029,11/02/2013,Temple,20,33,119,31,21,203,2,0,Rutgers,23,28,69,39,27,371,0,1,V,-11.5,-3,5,50,-8,-6,-168,2,-1
1030,11/02/2013,Tennessee,3,24,94,42,26,240,2,1,Missouri,31,54,339,25,12,163,0,0,V,-10.5,-28,-30,-245,17,14,77,2,1
1031,11/02/2013,Texas,35,44,221,32,21,197,2,0,Kansas,13,36,140,23,12,166,0,1,H,26.5,22,8,81,9,9,31,2,-1
1032,11/02/2013,Texas A+M,57,30,234,30,21,330,0,1,UTEP,7,44,127,17,9,71,3,1,H,48,50,-14,107,13,12,259,-3,0
1033,11/02/2013,Texas Christian,27,29,60,58,40,394,2,2,West Virginia,30,36,148,41,25,267,2,0,H,11.5,-3,-7,-88,17,15,127,0,2
1034,11/02/2013,Texas State,37,38,108,24,19,228,0,0,Idaho,21,38,145,35,20,181,0,1,V,11,16,0,-37,-11,-1,47,0,-1
1035,11/02/2013,Texas Tech,34,26,124,71,45,425,2,1,Oklahoma State,52,55,281,34,18,211,2,0,H,-1,-18,-29,-157,37,27,214,0,1
1036,11/02/2013,Texas-San Antonio,34,39,286,20,16,114,0,1,Tulsa,15,36,157,45,25,221,2,2,V,-3.5,19,3,129,-25,-9,-107,-2,-1
1037,11/02/2013,Toledo,55,53,334,29,20,395,0,1,Eastern Michigan,16,27,82,27,12,227,1,0,H,30.5,39,26,252,2,8,168,-1,1
1038,11/02/2013,Tulane,17,28,62,31,11,105,4,0,Florida Atlantic,34,49,194,22,11,137,1,1,V,-3,-17,-21,-132,9,0,-32,3,-1
1039,11/02/2013,Tulsa,15,36,157,45,25,221,2,2,Texas-San Antonio,34,39,286,20,16,114,0,1,H,3.5,-19,-3,-129,25,9,107,2,1
1040,11/02/2013,U-A-B,21,56,299,9,6,57,1,1,Middle Tennessee,24,34,259,23,12,170,1,0,H,-3.5,-3,22,40,-14,-6,-113,0,1
1041,11/02/2013,U.C.L.A.,45,33,139,24,19,273,0,0,Colorado,23,40,134,36,25,247,0,1,H,28.5,22,-7,5,-12,-6,26,0,-1
1042,11/02/2013,UL-Lafayette,49,32,209,20,14,231,1,1,New Mexico State,35,42,120,36,26,330,1,0,H,32,14,-10,89,-16,-12,-99,0,1
1043,11/02/2013,UTEP,7,44,127,17,9,71,3,1,Texas A+M,57,30,234,30,21,330,0,1,V,-48,-50,14,-107,-13,-12,-259,3,0
1044,11/02/2013,Utah State,47,44,163,42,28,370,1,0,Hawaii,10,25,59,44,22,260,3,0,H,24,37,19,104,-2,6,110,-2,0
1045,11/02/2013,Virginia,10,39,114,46,19,163,2,1,Clemson,59,43,175,45,34,435,1,0,H,-17,-49,-4,-61,1,-15,-272,1,1
1046,11/02/2013,Virginia Tech,27,29,55,41,24,391,2,2,Boston College,34,42,196,14,11,93,0,0,V,3.5,-7,-13,-141,27,13,298,2,2
1047,11/02/2013,Wake Forest,0,18,40,54,22,173,1,0,Syracuse,13,45,183,31,19,169,0,0,V,-4,-13,-27,-143,23,3,4,1,0
1048,11/02/2013,West Virginia,30,36,148,41,25,267,2,0,Texas Christian,27,29,60,58,40,394,2,2,V,-11.5,3,7,88,-17,-15,-127,0,-2
1049,11/02/2013,Western Kentucky,44,46,203,29,18,241,1,1,Georgia State,28,27,85,41,26,325,2,0,V,19,16,19,118,-12,-8,-84,-1,1
1050,11/02/2013,Wisconsin,28,45,218,19,11,144,1,0,Iowa,9,32,115,40,16,179,2,0,V,9,19,13,103,-21,-5,-35,-1,0
1051,11/05/2013,Bowling Green,45,41,189,30,21,258,1,0,Miami-Ohio,3,37,97,25,15,131,0,3,V,24,42,4,92,5,6,127,1,-3
1052,11/05/2013,Buffalo,30,42,252,23,13,169,1,0,Ohio,3,34,69,38,17,164,0,1,H,4.5,27,8,183,-15,-4,5,1,-1
1053,11/05/2013,Miami-Ohio,3,37,97,25,15,131,0,3,Bowling Green,45,41,189,30,21,258,1,0,H,-24,-42,-4,-92,-5,-6,-127,-1,3
1054,11/05/2013,Ohio,3,34,69,38,17,164,0,1,Buffalo,30,42,252,23,13,169,1,0,V,-4.5,-27,-8,-183,15,4,-5,-1,1
1055,11/06/2013,Ball State,44,44,250,29,20,299,0,0,Central Michigan,24,27,113,32,20,284,1,2,H,20,20,17,137,-3,0,15,-1,-2
1056,11/06/2013,Central Michigan,24,27,113,32,20,284,1,2,Ball State,44,44,250,29,20,299,0,0,V,-20,-20,-17,-137,3,0,-15,1,2
1057,11/07/2013,Baylor,41,54,255,26,13,204,0,0,Oklahoma,12,34,87,35,15,150,2,0,H,17,29,20,168,-9,-2,54,-2,0
1058,11/07/2013,Oklahoma,12,34,87,35,15,150,2,0,Baylor,41,54,255,26,13,204,0,0,V,-17,-29,-20,-168,9,2,-54,2,0
1059,11/07/2013,Oregon,20,24,62,34,20,250,0,2,Stanford,26,66,274,13,7,103,0,0,V,10,-6,-42,-212,21,13,147,0,2
1060,11/07/2013,Stanford,26,66,274,13,7,103,0,0,Oregon,20,24,62,34,20,250,0,2,H,-10,6,42,212,-21,-13,-147,0,-2
1061,11/07/2013,Troy,36,39,192,45,26,277,0,0,UL-Lafayette,41,44,193,13,8,185,1,1,V,-14,-5,-5,-1,32,18,92,-1,-1
1062,11/07/2013,UL-Lafayette,41,44,193,13,8,185,1,1,Troy,36,39,192,45,26,277,0,0,H,14,5,5,1,-32,-18,-92,1,1
1063,11/08/2013,Air Force,37,48,257,23,15,188,0,0,New Mexico,45,65,451,3,1,28,0,0,V,-3,-8,-17,-194,20,14,160,0,0
1064,11/08/2013,Connecticut,10,33,58,38,20,179,3,2,Louisville,31,30,81,37,21,288,1,0,H,-28,-21,3,-23,1,-1,-109,2,2
1065,11/08/2013,Louisville,31,30,81,37,21,288,1,0,Connecticut,10,33,58,38,20,179,3,2,V,28,21,-3,23,-1,1,109,-2,-2
1066,11/08/2013,New Mexico,45,65,451,3,1,28,0,0,Air Force,37,48,257,23,15,188,0,0,H,3,8,17,194,-20,-14,-160,0,0
1067,11/09/2013,Alabama,38,42,193,20,14,179,0,0,Louisiana State,17,31,43,23,16,241,0,2,H,10.5,21,11,150,-3,-2,-62,0,-2
1068,11/09/2013,Arizona,26,47,239,33,20,186,1,1,U.C.L.A.,31,49,249,26,18,227,0,1,H,2,-5,-2,-10,7,2,-41,1,0
1069,11/09/2013,Arizona State,20,39,149,31,19,144,0,1,Utah,19,46,126,21,6,121,2,0,V,7,1,-7,23,10,13,23,-2,1
1070,11/09/2013,Arkansas,24,34,196,32,18,193,1,0,Mississippi,34,39,112,37,28,419,2,0,V,-16.5,-10,-5,84,-5,-10,-226,-1,0
1071,11/09/2013,Arkansas State,42,58,259,23,16,235,0,1,UL-Monroe,14,28,137,37,17,191,2,0,V,-2.5,28,30,122,-14,-1,44,-2,1
1072,11/09/2013,Army,17,46,277,12,8,70,0,2,Western Kentucky,21,40,135,24,16,199,1,1,H,-5.5,-4,6,142,-12,-8,-129,-1,1
1073,11/09/2013,Auburn,55,53,444,7,3,35,1,1,Tennessee,23,43,226,25,16,128,1,0,V,7,32,10,218,-18,-13,-93,0,1
1074,11/09/2013,Boston College,48,35,320,25,17,230,0,2,New Mexico State,34,29,159,57,43,389,1,0,V,25,14,6,161,-32,-26,-159,-1,2
1075,11/09/2013,Brigham Young,17,39,163,42,19,207,1,0,Wisconsin,27,45,229,32,23,196,1,1,V,-8.5,-10,-6,-66,10,-4,11,0,-1
1076,11/09/2013,California,28,44,195,52,36,288,0,0,Southern Cal,62,29,256,22,17,243,0,0,H,-17,-34,15,-61,30,19,45,0,0
1077,11/09/2013,Cincinnati,28,45,163,32,27,299,2,1,S-M-U,25,20,48,47,38,403,0,0,H,6.5,3,25,115,-15,-11,-104,2,1
1078,11/09/2013,Colorado,7,37,128,25,14,171,2,1,Washington,59,51,316,29,22,312,0,0,V,-28,-52,-14,-188,-4,-8,-141,2,1
1079,11/09/2013,Colorado State,38,37,331,27,20,239,1,0,Nevada-Reno,17,33,164,47,31,247,0,0,H,8.5,21,4,167,-20,-11,-8,1,0
1080,11/09/2013,Duke,38,31,123,34,20,198,3,1,No Carolina State,20,48,164,33,13,248,3,1,H,10,18,-17,-41,1,7,-50,0,0
1081,11/09/2013,East Carolina,58,37,121,50,34,384,0,1,Tulsa,24,40,188,44,19,175,3,1,H,16,34,-3,-67,6,15,209,-3,0
1082,11/09/2013,Eastern Michigan,35,44,264,22,9,136,1,1,Western Michigan,32,38,120,40,24,348,1,0,H,-2.5,3,6,144,-18,-15,-212,0,1
1083,11/09/2013,Florida,17,34,39,46,30,305,3,1,Vanderbilt,34,44,126,12,6,57,0,0,H,11.5,-17,-10,-87,34,24,248,3,1
1084,11/09/2013,Florida Intl,0,32,91,19,12,142,1,3,Middle Tennessee,48,49,249,25,19,307,0,1,V,-19.5,-48,-17,-158,-6,-7,-165,1,2
1085,11/09/2013,Florida State,59,34,89,39,22,207,1,1,Wake Forest,3,40,103,25,7,63,6,1,V,34,56,-6,-14,14,15,144,-5,0
1086,11/09/2013,Fresno State,48,42,234,47,34,366,0,0,Wyoming,10,31,156,33,19,140,1,1,V,8.5,38,11,78,14,15,226,-1,-1
1087,11/09/2013,Georgia,45,30,127,42,30,441,2,1,Appalachian State,6,32,32,39,22,221,1,1,H, ,39,-2,95,3,8,220,1,0
1088,11/09/2013,Hawaii,28,47,218,33,29,246,0,2,Navy,42,61,383,8,4,59,0,0,V,-17,-14,-14,-165,25,25,187,0,2
1089,11/09/2013,Houston,14,29,136,46,24,231,2,0,U-C-F,19,45,188,24,17,210,1,2,V,-13,-5,-16,-52,22,7,21,1,-2
1090,11/09/2013,Idaho,38,47,177,34,16,328,2,1,Old Dominion,59,30,88,55,40,533,1,0,H, ,-21,17,89,-21,-24,-205,1,1
1091,11/09/2013,Illinois,35,34,162,58,38,450,1,0,Indiana,52,43,371,28,21,279,1,1,V,-9.5,-17,-9,-209,30,17,171,0,-1
1092,11/09/2013,Indiana,52,43,371,28,21,279,1,1,Illinois,35,34,162,58,38,450,1,0,H,9.5,17,9,209,-30,-17,-171,0,1
1093,11/09/2013,Iowa,38,52,313,20,12,191,0,1,Purdue,14,28,53,34,20,213,0,1,V,15.5,24,24,260,-14,-8,-22,0,0
1094,11/09/2013,Iowa State,17,42,110,40,19,173,0,2,Texas Christian,21,38,123,36,20,245,2,0,H,-7,-4,4,-13,4,-1,-72,-2,2
1095,11/09/2013,Kansas,6,49,202,25,10,114,1,0,Oklahoma State,42,31,85,39,20,274,0,0,V,-30.5,-36,18,117,-14,-10,-160,1,0
1096,11/09/2013,Kansas State,49,45,291,11,7,76,0,0,Texas Tech,26,32,105,64,47,354,2,1,V,-2.5,23,13,186,-53,-40,-278,-2,-1
1097,11/09/2013,Kentucky,17,51,134,28,18,235,0,1,Missouri,48,30,223,28,17,203,0,2,H,-14,-31,21,-89,0,1,32,0,-1
1098,11/09/2013,Louisiana State,17,31,43,23,16,241,0,2,Alabama,38,42,193,20,14,179,0,0,V,-10.5,-21,-11,-150,3,2,62,0,2
1099,11/09/2013,Louisiana Tech,36,48,311,37,22,158,0,1,Southern Miss,13,21,59,52,25,298,4,0,H,17,23,27,252,-15,-3,-140,-4,1
1100,11/09/2013,Marshall,56,32,381,20,14,276,0,0,U-A-B,14,56,288,17,10,176,0,2,H,24.5,42,-24,93,3,4,100,0,-2
1101,11/09/2013,Maryland,3,36,81,40,21,211,2,2,Syracuse,20,45,242,24,15,140,1,1,H,5,-17,-9,-161,16,6,71,1,1
1102,11/09/2013,Memphis,21,39,153,22,15,189,1,1,Tennessee-Martin,6,42,164,19,8,122,1,1,H, ,15,-3,-11,3,7,67,0,0
1103,11/09/2013,Miami-Florida,24,24,28,29,16,324,0,2,Virginia Tech,42,47,183,31,25,366,0,0,H,4.5,-18,-23,-155,-2,-9,-42,0,2
1104,11/09/2013,Michigan,13,36,-21,27,18,196,0,0,Nebraska,17,43,128,23,12,145,0,2,H,7,-4,-7,-149,4,6,51,0,-2
1105,11/09/2013,Middle Tennessee,48,49,249,25,19,307,0,1,Florida Intl,0,32,91,19,12,142,1,3,H,19.5,48,17,158,6,7,165,-1,-2
1106,11/09/2013,Minnesota,24,46,195,25,15,186,0,1,Penn State,10,36,190,25,14,163,0,2,H,3,14,10,5,0,1,23,0,-1
1107,11/09/2013,Mississippi,34,39,112,37,28,419,2,0,Arkansas,24,34,196,32,18,193,1,0,H,16.5,10,5,-84,5,10,226,1,0
1108,11/09/2013,Mississippi State,41,43,299,42,23,257,1,0,Texas A+M,51,33,91,39,30,446,3,0,V,-18.5,-10,10,208,3,-7,-189,-2,0
1109,11/09/2013,Missouri,48,30,223,28,17,203,0,2,Kentucky,17,51,134,28,18,235,0,1,V,14,31,-21,89,0,-1,-32,0,1
1110,11/09/2013,Navy,42,61,383,8,4,59,0,0,Hawaii,28,47,218,33,29,246,0,2,H,17,14,14,165,-25,-25,-187,0,-2
1111,11/09/2013,Nebraska,17,43,128,23,12,145,0,2,Michigan,13,36,-21,27,18,196,0,0,V,-7,4,7,149,-4,-6,-51,0,2
1112,11/09/2013,Nevada-Las Vegas,24,42,150,39,17,252,1,0,Utah State,28,45,153,28,16,288,0,2,H,-15.5,-4,-3,-3,11,1,-36,1,-2
1113,11/09/2013,Nevada-Reno,17,33,164,47,31,247,0,0,Colorado State,38,37,331,27,20,239,1,0,V,-8.5,-21,-4,-167,20,11,8,-1,0
1114,11/09/2013,New Mexico State,34,29,159,57,43,389,1,0,Boston College,48,35,320,25,17,230,0,2,H,-25,-14,-6,-161,32,26,159,1,-2
1115,11/09/2013,No Carolina State,20,48,164,33,13,248,3,1,Duke,38,31,123,34,20,198,3,1,V,-10,-18,17,41,-1,-7,50,0,0
1116,11/09/2013,North Carolina,45,41,201,29,16,214,1,0,Virginia,14,40,112,43,22,204,2,0,H,12,31,1,89,-14,-6,10,-1,0
1117,11/09/2013,North Texas,41,43,317,24,10,154,0,0,UTEP,7,42,56,20,14,128,1,0,H,26.5,34,1,261,4,-4,26,-1,0
1118,11/09/2013,Notre Dame,21,24,138,39,18,318,2,1,Pittsburgh,28,41,112,35,22,243,0,0,V,3.5,-7,-17,26,4,-4,75,2,1
1119,11/09/2013,Oklahoma State,42,31,85,39,20,274,0,0,Kansas,6,49,202,25,10,114,1,0,H,30.5,36,-18,-117,14,10,160,-1,0
1120,11/09/2013,Penn State,10,36,190,25,14,163,0,2,Minnesota,24,46,195,25,15,186,0,1,V,-3,-14,-10,-5,0,-1,-23,0,1
1121,11/09/2013,Pittsburgh,28,41,112,35,22,243,0,0,Notre Dame,21,24,138,39,18,318,2,1,H,-3.5,7,17,-26,-4,4,-75,-2,-1
1122,11/09/2013,Purdue,14,28,53,34,20,213,0,1,Iowa,38,52,318,20,12,191,0,1,H,-15.5,-24,-24,-265,14,8,22,0,0
1123,11/09/2013,S-M-U,25,20,48,47,38,403,0,0,Cincinnati,28,45,163,32,27,299,2,1,V,-6.5,-3,-25,-115,15,11,104,-2,-1
1124,11/09/2013,San Diego State,34,35,174,31,18,235,1,1,San Jose State,30,25,81,48,27,301,2,0,V,-6.5,4,10,93,-17,-9,-66,-1,1
1125,11/09/2013,San Jose State,30,25,81,48,27,301,2,0,San Diego State,34,35,174,31,18,235,1,1,H,6.5,-4,-10,-93,17,9,66,1,-1
1126,11/09/2013,Southern Cal,62,29,256,22,17,243,0,0,California,28,44,195,52,36,288,0,0,V,17,34,-15,61,-30,-19,-45,0,0
1127,11/09/2013,Southern Miss,13,21,59,52,25,298,4,0,Louisiana Tech,36,48,311,37,22,158,0,1,V,-17,-23,-27,-252,15,3,140,4,-1
1128,11/09/2013,Syracuse,20,45,242,24,15,140,1,1,Maryland,3,36,81,40,21,211,2,2,V,-5,17,9,161,-16,-6,-71,-1,-1
1129,11/09/2013,Tennessee,23,43,226,25,16,128,1,0,Auburn,55,53,444,7,3,35,1,1,H,-7,-32,-10,-218,18,13,93,0,-1
1130,11/09/2013,Texas,47,41,152,49,27,283,1,1,West Virginia,40,47,109,36,18,290,2,3,V,5,7,-6,43,13,9,-7,-1,-2
1131,11/09/2013,Texas A+M,51,33,91,39,30,446,3,0,Mississippi State,41,43,299,42,23,257,1,0,H,18.5,10,-10,-208,-3,7,189,2,0
1132,11/09/2013,Texas Christian,21,38,123,36,20,245,2,0,Iowa State,17,42,110,40,19,173,0,2,V,7,4,-4,13,-4,1,72,2,-2
1133,11/09/2013,Texas Tech,26,32,105,64,47,354,2,1,Kansas State,49,45,291,11,7,76,0,0,H,2.5,-23,-13,-186,53,40,278,2,1
1134,11/09/2013,Texas-San Antonio,10,28,126,25,10,183,0,2,Tulane,7,38,149,36,18,199,2,1,H,9.5,3,-10,-23,-11,-8,-16,-2,1
1135,11/09/2013,Tulane,7,38,149,36,18,199,2,1,Texas-San Antonio,10,28,126,25,10,183,0,2,V,-9.5,-3,10,23,11,8,16,2,-1
1136,11/09/2013,Tulsa,24,40,188,44,19,175,3,1,East Carolina,58,37,121,50,34,384,0,1,V,-16,-34,3,67,-6,-15,-209,3,0
1137,11/09/2013,U-A-B,14,56,288,17,10,176,0,2,Marshall,56,32,381,20,14,276,0,0,V,-24.5,-42,24,-93,-3,-4,-100,0,2
1138,11/09/2013,U-C-F,19,45,188,24,17,210,1,2,Houston,14,29,136,46,24,231,2,0,H,13,5,16,52,-22,-7,-21,-1,2
1139,11/09/2013,U.C.L.A.,31,49,249,26,18,227,0,1,Arizona,26,47,239,33,20,186,1,1,V,-2,5,2,10,-7,-2,41,-1,0
1140,11/09/2013,UL-Monroe,14,28,137,37,17,191,2,0,Arkansas State,42,58,259,23,16,235,0,1,H,2.5,-28,-30,-122,14,1,-44,2,-1
1141,11/09/2013,UTEP,7,42,56,20,14,128,1,0,North Texas,41,43,317,24,10,154,0,0,V,-26.5,-34,-1,-261,-4,4,-26,1,0
1142,11/09/2013,Utah,19,46,126,21,6,121,2,0,Arizona State,20,39,149,31,19,144,0,1,H,-7,-1,7,-23,-10,-13,-23,2,-1
1143,11/09/2013,Utah State,28,45,153,28,16,288,0,2,Nevada-Las Vegas,24,42,150,39,17,252,1,0,V,15.5,4,3,3,-11,-1,36,-1,2
1144,11/09/2013,Vanderbilt,34,44,126,12,6,57,0,0,Florida,17,34,39,46,30,305,3,1,V,-11.5,17,10,87,-34,-24,-248,-3,-1
1145,11/09/2013,Virginia,14,40,112,43,22,204,2,0,North Carolina,45,41,201,29,16,214,1,0,V,-12,-31,-1,-89,14,6,-10,1,0
1146,11/09/2013,Virginia Tech,42,47,183,31,25,366,0,0,Miami-Florida,24,24,28,29,16,324,0,2,V,-4.5,18,23,155,2,9,42,0,-2
1147,11/09/2013,Wake Forest,3,40,103,25,7,63,6,1,Florida State,59,34,89,39,22,207,1,1,H,-34,-56,6,14,-14,-15,-144,5,0
1148,11/09/2013,Washington,59,51,316,29,22,312,0,0,Colorado,7,37,128,25,14,171,2,1,H,28,52,14,188,4,8,141,-2,-1
1149,11/09/2013,West Virginia,40,47,109,36,18,290,2,3,Texas,47,41,152,49,27,283,1,1,H,-5,-7,6,-43,-13,-9,7,1,2
1150,11/09/2013,Western Kentucky,21,40,135,24,16,199,1,1,Army,17,46,277,12,8,70,0,2,V,5.5,4,-6,-142,12,8,129,1,-1
1151,11/09/2013,Western Michigan,32,38,120,40,24,348,1,0,Eastern Michigan,35,44,264,22,9,136,1,1,V,2.5,-3,-6,-144,18,15,212,0,-1
1152,11/09/2013,Wisconsin,27,45,229,32,23,196,1,1,Brigham Young,17,39,158,42,19,207,1,0,H,8.5,10,6,71,-10,4,-11,0,1
1153,11/09/2013,Wyoming,10,31,156,33,19,140,1,1,Fresno State,48,42,234,47,34,366,0,0,H,-8.5,-38,-11,-78,-14,-15,-226,1,1
1154,11/12/2013,Bowling Green,49,41,207,20,13,253,1,0,Ohio,0,29,56,33,18,116,1,1,H,8,49,12,151,-13,-5,137,0,-1
1155,11/12/2013,Buffalo,41,30,104,59,36,497,0,2,Toledo,51,50,323,20,11,228,0,1,V,-5.5,-10,-20,-219,39,25,269,0,1
1156,11/12/2013,Ohio,0,29,56,33,18,116,1,1,Bowling Green,49,41,207,20,13,253,1,0,V,-8,-49,-12,-151,13,5,-137,0,1
1157,11/12/2013,Toledo,51,50,323,20,11,228,0,1,Buffalo,41,30,104,59,36,497,0,2,H,5.5,10,20,219,-39,-25,-269,0,-1
1158,11/13/2013,Ball State,27,34,170,49,35,324,1,0,Northern Illinois,48,40,224,33,26,345,0,1,V,-8,-21,-6,-54,16,9,-21,1,-1
1159,11/13/2013,Kent State,24,46,300,23,13,147,0,1,Miami-Ohio,6,40,112,14,5,64,1,1,H,19.5,18,6,188,9,8,83,-1,0
1160,11/13/2013,Miami-Ohio,6,40,112,14,5,64,1,1,Kent State,24,46,300,23,13,147,0,1,V,-19.5,-18,-6,-188,-9,-8,-83,1,0
1161,11/13/2013,Northern Illinois,48,40,224,33,26,345,0,1,Ball State,27,34,170,49,35,324,1,0,H,8,21,6,54,-16,-9,21,-1,1
1162,11/14/2013,Clemson,55,37,168,30,23,383,1,0,Georgia Tech,31,45,248,26,15,192,1,1,H,10.5,24,-8,-80,4,8,191,0,-1
1163,11/14/2013,Georgia Tech,31,45,248,26,15,192,1,1,Clemson,55,37,168,30,23,383,1,0,V,-10.5,-24,8,80,-4,-8,-191,0,1
1164,11/14/2013,Marshall,45,45,163,58,33,456,1,4,Tulsa,34,44,184,39,13,161,1,1,V,13.5,11,1,-21,19,20,295,0,3
1165,11/14/2013,Tulsa,34,44,184,39,13,161,1,1,Marshall,45,45,163,58,33,456,1,4,H,-13.5,-11,-1,21,-19,-20,-295,0,-3
1166,11/15/2013,U.C.L.A.,41,53,222,23,14,184,0,2,Washington,31,36,102,40,25,330,2,2,H,3,10,17,120,-17,-11,-146,-2,0
1167,11/15/2013,Washington,31,36,102,40,25,330,2,2,U.C.L.A.,41,53,222,23,14,184,0,2,V,-3,-10,-17,-120,17,11,146,2,0
1168,11/16/2013,Akron,14,36,133,33,20,208,0,3,Massachusetts,13,42,172,28,17,151,2,0,V,6.5,1,-6,-39,5,3,57,-2,3
1169,11/16/2013,Alabama,20,33,196,32,18,187,2,2,Mississippi State,7,29,53,29,15,144,1,0,V,22.5,13,4,143,3,3,43,1,2
1170,11/16/2013,Arizona,17,45,195,38,26,200,0,2,Washington State,24,27,101,53,39,319,1,0,H,10.5,-7,18,94,-15,-13,-119,-1,2
1171,11/16/2013,Arizona State,30,39,156,37,22,183,2,0,Oregon State,17,26,70,46,31,320,4,1,H,13.5,13,13,86,-9,-9,-137,-2,-1
1172,11/16/2013,Arkansas State,38,57,328,18,14,96,1,0,Texas State,21,33,158,30,18,210,0,0,H,7,17,24,170,-12,-4,-114,1,0
1173,11/16/2013,Auburn,43,57,323,27,16,243,0,0,Georgia,38,25,117,49,33,415,1,0,H,3,5,32,206,-22,-17,-172,-1,0
1174,11/16/2013,Baylor,63,57,340,31,17,335,0,1,Texas Tech,34,34,134,54,29,320,1,2,N,27.5,29,23,206,-23,-12,15,-1,-1
1175,11/16/2013,Boise State,48,53,241,39,29,283,1,2,Wyoming,7,31,55,41,28,210,2,2,H,24,41,22,186,-2,1,73,-1,0
1176,11/16/2013,Boston College,38,53,420,15,8,53,0,1,No Carolina State,21,26,35,40,26,325,0,1,H,7,17,27,385,-25,-18,-272,0,0
1177,11/16/2013,Brigham Young,59,46,421,23,12,157,3,0,Idaho State,13,41,159,57,25,128,1,2,H, ,46,5,262,-34,-13,29,2,-2
1178,11/16/2013,California,24,33,192,53,27,219,1,1,Colorado,41,38,121,36,23,364,1,0,V,-1.5,-17,-5,71,17,4,-145,0,1
1179,11/16/2013,Central Michigan,27,37,118,25,16,167,3,2,Western Michigan,22,35,164,36,14,147,1,0,V,3,5,2,-46,-11,2,20,2,2
1180,11/16/2013,Cincinnati,52,28,112,43,28,507,1,1,Rutgers,17,33,108,51,27,249,2,0,V,0,35,-5,4,-8,1,258,-1,1
1181,11/16/2013,Colorado,41,38,121,36,23,364,1,0,California,24,34,197,52,26,214,1,1,H,1.5,17,4,-76,-16,-3,150,0,-1
1182,11/16/2013,Colorado State,66,49,347,28,20,302,0,0,New Mexico,42,46,278,18,11,249,2,0,V,6.5,24,3,69,10,9,53,-2,0
1183,11/16/2013,Connecticut,21,34,158,43,25,227,2,0,S-M-U,38,24,107,52,33,353,0,0,V,-16,-17,10,51,-9,-8,-126,2,0
1184,11/16/2013,Duke,48,52,358,24,16,185,0,0,Miami-Florida,30,29,186,49,30,379,1,0,H,-3.5,18,23,172,-25,-14,-194,-1,0
1185,11/16/2013,East Carolina,63,45,278,31,21,347,2,0,U-A-B,14,34,144,34,16,210,2,1,H,28,49,11,134,-3,5,137,0,-1
1186,11/16/2013,Florida,14,41,200,14,10,107,1,0,South Carolina,19,35,164,28,14,213,0,0,V,-14.5,-5,6,36,-14,-4,-106,1,0
1187,11/16/2013,Florida Atlantic,41,60,333,12,6,35,0,0,Southern Miss,7,25,20,37,12,169,2,1,V,17.5,34,35,313,-25,-6,-134,-2,-1
1188,11/16/2013,Florida Intl,10,31,95,24,9,105,0,1,UTEP,33,53,327,7,3,80,0,0,V,-5.5,-23,-22,-232,17,6,25,0,1
1189,11/16/2013,Florida State,59,19,225,26,22,298,1,0,Syracuse,3,50,143,28,15,104,1,1,H,37.5,56,-31,82,-2,7,194,0,-1
1190,11/16/2013,Georgia,38,25,117,49,33,415,1,0,Auburn,43,57,323,27,16,243,0,0,V,-3,-5,-32,-206,22,17,172,1,0
1191,11/16/2013,Georgia State,21,39,183,44,26,298,1,1,UL-Lafayette,35,46,261,16,10,234,0,1,H,-20.5,-14,-7,-78,28,16,64,1,0
1192,11/16/2013,Hawaii,21,47,161,37,18,194,1,1,San Diego State,28,39,234,34,17,265,0,4,H,-5,-7,8,-73,3,1,-71,1,-3
1193,11/16/2013,Houston,13,29,74,35,16,121,0,0,Louisville,20,41,129,29,19,203,0,1,V,-16.5,-7,-12,-55,6,-3,-82,0,-1
1194,11/16/2013,Illinois,35,38,132,50,33,288,2,0,Ohio State,60,42,441,30,13,150,0,1,H,-33.5,-25,-4,-309,20,20,138,2,-1
1195,11/16/2013,Indiana,3,30,102,30,12,122,1,1,Wisconsin,51,50,554,15,7,122,0,0,V,-27,-48,-20,-452,15,5,0,1,1
1196,11/16/2013,Iowa State,10,34,102,36,22,188,2,0,Oklahoma,48,44,404,23,12,118,0,0,V,-23,-38,-10,-302,13,10,70,2,0
1197,11/16/2013,Kansas,31,54,315,12,5,61,0,1,West Virginia,19,32,144,42,23,242,2,0,H,-6.5,12,22,171,-30,-18,-181,-2,1
1198,11/16/2013,Kansas State,33,35,153,29,13,257,1,1,Texas Christian,31,30,100,33,24,249,1,1,H,11.5,2,5,53,-4,-11,8,0,0
1199,11/16/2013,Kentucky,6,40,142,28,14,120,4,0,Vanderbilt,22,37,116,25,20,197,0,0,V,-11,-16,3,26,3,-6,-77,4,0
1200,11/16/2013,Louisiana Tech,14,29,146,30,15,181,2,2,Rice,52,69,415,23,13,167,0,1,V,-14.5,-38,-40,-269,7,2,14,2,1
1201,11/16/2013,Louisville,20,41,129,29,19,203,0,1,Houston,13,29,74,35,16,121,0,0,H,16.5,7,12,55,-6,3,82,0,1
1202,11/16/2013,Maryland,27,39,184,26,12,135,1,1,Virginia Tech,24,38,54,31,19,210,0,0,V,-14.5,3,1,130,-5,-7,-75,1,1
1203,11/16/2013,Massachusetts,13,42,172,28,17,151,2,0,Akron,14,36,133,33,20,208,0,3,H,-6.5,-1,6,39,-5,-3,-57,2,-3
1204,11/16/2013,Memphis,23,39,183,13,6,59,1,1,South Florida,10,29,127,34,18,198,4,1,V,1.5,13,10,56,-21,-12,-139,-3,0
1205,11/16/2013,Miami-Florida,30,29,186,49,30,379,1,0,Duke,48,52,358,24,16,185,0,0,V,3.5,-18,-23,-172,25,14,194,1,0
1206,11/16/2013,Michigan,27,44,139,43,24,226,0,0,Northwestern,19,49,143,34,23,179,1,0,V,-3,8,-5,-4,9,1,47,-1,0
1207,11/16/2013,Michigan State,41,48,168,32,15,193,0,0,Nebraska,28,32,182,32,17,210,1,4,V,5.5,13,16,-14,0,-2,-17,-1,-4
1208,11/16/2013,Mississippi,51,60,373,33,21,378,1,1,Troy,21,22,-13,42,29,326,1,1,H,28.5,30,38,386,-9,-8,52,0,0
1209,11/16/2013,Mississippi State,7,29,53,29,15,144,1,0,Alabama,20,33,196,32,18,187,2,2,H,-22.5,-13,-4,-143,-3,-3,-43,-1,-2
1210,11/16/2013,Navy,42,51,351,17,10,168,0,0,South Alabama,14,36,120,36,21,180,0,0,H,6.5,28,15,231,-19,-11,-12,0,0
1211,11/16/2013,Nebraska,28,32,182,32,17,210,1,4,Michigan State,41,48,168,32,15,193,0,0,H,-5.5,-13,-16,14,0,2,17,1,4
1212,11/16/2013,Nevada-Reno,38,51,311,27,20,171,0,1,San Jose State,16,30,58,45,28,326,0,1,H,-7,22,21,253,-18,-8,-155,0,0
1213,11/16/2013,New Mexico,42,46,278,18,11,249,2,0,Colorado State,66,49,347,28,20,302,0,0,H,-6.5,-24,-3,-69,-10,-9,-53,2,0
1214,11/16/2013,No Carolina State,21,26,35,40,26,325,0,1,Boston College,38,53,420,15,8,53,0,1,V,-7,-17,-27,-385,25,18,272,0,0
1215,11/16/2013,North Carolina,34,35,149,27,15,173,0,2,Pittsburgh,27,40,46,39,23,313,0,2,V,-1.5,7,-5,103,-12,-8,-140,0,0
1216,11/16/2013,Northwestern,19,49,143,34,23,179,1,0,Michigan,27,44,139,43,24,226,0,0,H,3,-8,5,4,-9,-1,-47,1,0
1217,11/16/2013,Ohio State,60,42,441,30,13,150,0,1,Illinois,35,38,132,50,33,288,2,0,V,33.5,25,4,309,-20,-20,-138,-2,1
1218,11/16/2013,Oklahoma,48,44,405,23,12,118,0,0,Iowa State,10,34,103,36,22,188,2,0,H,23,38,10,302,-13,-10,-70,-2,0
1219,11/16/2013,Oklahoma State,38,40,183,22,16,197,1,0,Texas,13,43,151,43,29,238,3,0,V,3,25,-3,32,-21,-13,-41,-2,0
1220,11/16/2013,Oregon,44,35,145,28,19,288,0,0,Utah,21,42,116,30,13,181,1,0,H,28,23,-7,29,-2,6,107,-1,0
1221,11/16/2013,Oregon State,17,26,70,46,31,320,4,1,Arizona State,30,39,156,37,22,183,2,0,V,-13.5,-13,-13,-86,9,9,137,2,1
1222,11/16/2013,Penn State,45,58,289,23,16,212,1,1,Purdue,21,20,41,33,21,223,1,2,H,21.5,24,38,248,-10,-5,-11,0,-1
1223,11/16/2013,Pittsburgh,27,40,46,39,23,313,0,2,North Carolina,34,35,149,27,15,173,0,2,H,1.5,-7,5,-103,12,8,140,0,0
1224,11/16/2013,Purdue,21,20,41,33,21,223,1,2,Penn State,45,58,289,23,16,212,1,1,V,-21.5,-24,-38,-248,10,5,11,0,1
1225,11/16/2013,Rice,52,69,415,23,13,167,0,1,Louisiana Tech,14,29,146,30,15,181,2,2,H,14.5,38,40,269,-7,-2,-14,-2,-1
1226,11/16/2013,Rutgers,17,33,108,51,27,249,2,0,Cincinnati,52,28,112,43,28,507,1,1,H,0,-35,5,-4,8,-1,-258,1,-1
1227,11/16/2013,S-M-U,38,24,107,52,33,353,0,0,Connecticut,21,34,158,43,25,227,2,0,H,16,17,-10,-51,9,8,126,-2,0
1228,11/16/2013,San Diego State,28,39,234,34,17,265,0,4,Hawaii,21,47,161,37,18,194,1,1,V,5,7,-8,73,-3,-1,71,-1,3
1229,11/16/2013,San Jose State,16,30,58,45,28,326,0,1,Nevada-Reno,38,51,311,27,20,171,0,1,V,7,-22,-21,-253,18,8,155,0,0
1230,11/16/2013,South Alabama,14,36,120,36,21,180,0,0,Navy,42,51,351,17,10,168,0,0,V,-6.5,-28,-15,-231,19,11,12,0,0
1231,11/16/2013,South Carolina,19,35,164,28,14,213,0,0,Florida,14,41,200,14,10,107,1,0,H,14.5,5,-6,-36,14,4,106,-1,0
1232,11/16/2013,South Florida,10,29,127,34,18,198,4,1,Memphis,23,39,183,13,6,59,1,1,H,-1.5,-13,-10,-56,21,12,139,3,0
1233,11/16/2013,Southern Cal,20,27,23,37,25,288,0,1,Stanford,17,34,205,26,15,132,2,1,H,-3,3,-7,-182,11,10,156,-2,0
1234,11/16/2013,Southern Miss,7,25,20,37,12,169,2,1,Florida Atlantic,41,60,333,12,6,35,0,0,H,-17.5,-34,-35,-313,25,6,134,2,1
1235,11/16/2013,Stanford,17,35,210,25,14,127,2,1,Southern Cal,20,27,23,37,25,288,0,1,V,3,-3,8,187,-12,-11,-161,2,0
1236,11/16/2013,Syracuse,3,50,143,28,15,104,1,1,Florida State,59,19,225,26,22,298,1,0,V,-37.5,-56,31,-82,2,-7,-194,0,1
1237,11/16/2013,Temple,36,24,136,45,26,382,1,0,U-C-F,39,36,253,40,27,404,0,0,H,-17.5,-3,-12,-117,5,-1,-22,1,0
1238,11/16/2013,Texas,13,43,151,43,29,238,3,0,Oklahoma State,38,40,183,22,16,197,1,0,H,-3,-25,3,-32,21,13,41,2,0
1239,11/16/2013,Texas Christian,31,30,101,34,24,249,1,1,Kansas State,33,35,154,29,13,257,1,1,V,-11.5,-2,-5,-53,5,11,-8,0,0
1240,11/16/2013,Texas State,21,33,158,30,18,210,0,0,Arkansas State,38,57,328,18,14,96,1,0,V,-7,-17,-24,-170,12,4,114,-1,0
1241,11/16/2013,Texas Tech,34,34,134,54,29,320,1,2,Baylor,63,57,340,31,17,335,0,1,N,-27.5,-29,-23,-206,23,12,-15,1,1
1242,11/16/2013,Troy,21,22,-13,42,29,326,1,1,Mississippi,51,61,382,32,20,369,1,1,V,-28.5,-30,-39,-395,10,9,-43,0,0
1243,11/16/2013,U-A-B,14,34,144,34,16,210,2,1,East Carolina,63,45,278,31,21,347,2,0,V,-28,-49,-11,-134,3,-5,-137,0,1
1244,11/16/2013,U-C-F,39,36,253,40,27,404,0,0,Temple,36,24,136,45,26,382,1,0,V,17.5,3,12,117,-5,1,22,-1,0
1245,11/16/2013,UL-Lafayette,35,46,261,16,10,234,0,1,Georgia State,21,39,183,44,26,298,1,1,V,20.5,14,7,78,-28,-16,-64,-1,0
1246,11/16/2013,UTEP,33,53,327,7,3,80,0,0,Florida Intl,10,31,95,24,9,105,0,1,H,5.5,23,22,232,-17,-6,-25,0,-1
1247,11/16/2013,Utah,21,42,116,30,13,181,1,0,Oregon,44,35,145,28,19,288,0,0,V,-28,-23,7,-29,2,-6,-107,1,0
1248,11/16/2013,Vanderbilt,22,37,116,25,20,197,0,0,Kentucky,6,40,142,28,14,120,4,0,H,11,16,-3,-26,-3,6,77,-4,0
1249,11/16/2013,Virginia Tech,24,38,54,31,19,210,0,0,Maryland,27,39,184,26,12,135,1,1,H,14.5,-3,-1,-130,5,7,75,-1,-1
1250,11/16/2013,Washington State,24,27,101,53,39,319,1,0,Arizona,17,45,195,38,26,200,0,2,V,-10.5,7,-18,-94,15,13,119,1,-2
1251,11/16/2013,West Virginia,19,32,144,41,23,242,2,0,Kansas,31,54,315,12,5,61,0,1,V,6.5,-12,-22,-171,29,18,181,2,-1
1252,11/16/2013,Western Michigan,22,35,164,36,14,147,1,0,Central Michigan,27,38,121,25,16,167,3,2,H,-3,-5,-3,43,11,-2,-20,-2,-2
1253,11/16/2013,Wisconsin,51,50,554,15,7,122,0,0,Indiana,3,30,102,30,12,122,1,1,H,27,48,20,452,-15,-5,0,-1,-1
1254,11/16/2013,Wyoming,7,31,55,41,28,210,2,2,Boise State,48,53,241,39,29,283,1,2,V,-24,-41,-22,-186,2,-1,-73,1,0
1255,11/19/2013,Buffalo,44,53,311,37,23,206,1,0,Miami-Ohio,7,34,135,20,5,65,1,2,V,24,37,19,176,17,18,141,0,-2
1256,11/19/2013,Kent State,44,42,312,33,20,225,0,0,Ohio,13,34,69,29,12,135,1,0,V,-4.5,31,8,243,4,8,90,-1,0
1257,11/19/2013,Miami-Ohio,7,34,135,20,5,65,1,2,Buffalo,44,53,311,37,23,206,1,0,H,-24,-37,-19,-176,-17,-18,-141,0,2
1258,11/19/2013,Ohio,13,34,69,29,12,135,1,0,Kent State,44,42,312,33,20,225,0,0,H,4.5,-31,-8,-243,-4,-8,-90,1,0
1259,11/20/2013,Northern Illinois,35,55,364,22,17,202,0,0,Toledo,17,46,184,30,17,235,3,1,V,0,18,9,180,-8,0,-33,-3,-1
1260,11/20/2013,Toledo,17,46,184,30,17,235,3,1,Northern Illinois,35,55,364,22,17,202,0,0,H,0,-18,-9,-180,8,0,33,3,1
1261,11/21/2013,Air Force,21,55,228,13,4,70,0,1,Nevada-Las Vegas,41,58,330,18,15,141,0,1,H,1,-20,-3,-102,-5,-11,-71,0,0
1262,11/21/2013,Nevada-Las Vegas,41,58,330,18,15,141,0,1,Air Force,21,55,228,13,4,70,0,1,V,-1,20,3,102,5,11,71,0,0
1263,11/21/2013,Rice,37,61,328,20,10,139,0,2,U-A-B,34,37,138,33,13,195,0,0,V,17,3,24,190,-13,-3,-56,0,2
1264,11/21/2013,Rutgers,17,19,69,43,15,152,1,0,U-C-F,41,44,118,31,22,334,0,0,V,-19.5,-24,-25,-49,12,-7,-182,1,0
1265,11/21/2013,U-A-B,34,37,138,33,13,195,0,0,Rice,37,61,328,20,10,139,0,2,H,-17,-3,-24,-190,13,3,56,0,-2
1266,11/21/2013,U-C-F,41,44,118,31,22,334,0,0,Rutgers,17,19,69,43,15,152,1,0,H,19.5,24,25,49,-12,7,182,-1,0
1267,11/22/2013,Navy,58,62,432,6,4,46,0,0,San Jose State,52,39,160,56,42,440,1,1,V,-1.5,6,23,272,-50,-38,-394,-1,-1
1268,11/22/2013,San Jose State,52,39,160,56,42,440,1,1,Navy,58,62,432,6,4,46,0,0,H,1.5,-6,-23,-272,50,38,394,1,1
1269,11/23/2013,Alabama,49,32,251,20,15,184,0,1,Chattanooga,0,35,93,15,10,82,1,1,H, ,49,-3,158,5,5,102,-1,0
1270,11/23/2013,Arizona,42,65,304,22,19,178,0,0,Oregon,16,39,198,41,27,308,2,1,H,-18,26,26,106,-19,-8,-130,-2,-1
1271,11/23/2013,Arizona State,38,50,223,27,20,225,0,1,U.C.L.A.,33,41,151,26,18,253,1,0,V,3,5,9,72,1,2,-28,-1,1
1272,11/23/2013,Arkansas,17,43,225,17,10,114,1,2,Mississippi State,24,37,191,32,21,297,1,1,H,-1.5,-7,6,34,-15,-11,-183,0,1
1273,11/23/2013,Arkansas State,35,45,138,19,14,152,0,2,Georgia State,33,40,184,26,14,248,0,4,H,24,2,5,-46,-7,0,-96,0,-2
1274,11/23/2013,Baylor,17,36,94,48,28,359,0,3,Oklahoma State,49,46,154,27,21,440,0,0,V,8,-32,-10,-60,21,7,-81,0,3
1275,11/23/2013,Boise State,31,34,95,36,21,202,2,0,San Diego State,34,45,61,38,23,288,1,2,V,6.5,-3,-11,34,-2,-2,-86,1,-2
1276,11/23/2013,Boston College,29,40,254,15,6,120,1,2,Maryland,26,34,100,31,19,178,0,1,V,1,3,6,154,-16,-13,-58,1,1
1277,11/23/2013,Bowling Green,58,46,296,26,13,264,1,0,Eastern Michigan,7,26,61,18,1,4,2,1,V,25.5,51,20,235,8,12,260,-1,-1
1278,11/23/2013,Brigham Young,13,47,247,36,21,168,1,0,Notre Dame,23,47,235,28,15,235,1,0,V,-1,-10,0,12,8,6,-67,0,0
1279,11/23/2013,California,13,31,73,35,19,310,1,0,Stanford,63,35,186,35,24,417,0,1,V,-32,-50,-4,-113,0,-5,-107,1,-1
1280,11/23/2013,Central Michigan,37,36,67,21,13,231,0,0,Massachusetts,0,39,128,16,6,45,3,1,H,13.5,37,-3,-61,5,7,186,-3,-1
1281,11/23/2013,Cincinnati,24,40,172,51,30,401,2,1,Houston,17,31,33,41,18,245,0,2,V,-2,7,9,139,10,12,156,2,-1
1282,11/23/2013,Clemson,52,43,208,32,24,350,0,1,The Citadel,6,57,176,5,1,-4,0,1,H, ,46,-14,32,27,23,354,0,0
1283,11/23/2013,Colorado,29,31,124,33,17,188,1,1,Southern Cal,47,41,243,30,20,206,0,1,H,-20,-18,-10,-119,3,-3,-18,1,0
1284,11/23/2013,Colorado State,0,34,38,39,16,147,2,0,Utah State,13,48,148,18,8,43,0,0,V,-11,-13,-14,-110,21,8,104,2,0
1285,11/23/2013,Connecticut,28,41,124,19,8,111,1,0,Temple,21,33,92,46,26,280,1,2,V,-6.5,7,8,32,-27,-18,-169,0,-2
1286,11/23/2013,Duke,28,35,121,32,25,257,0,1,Wake Forest,21,40,124,27,12,124,1,1,V,6,7,-5,-3,5,13,133,-1,0
1287,11/23/2013,East Carolina,42,40,170,31,24,275,0,0,No Carolina State,28,39,129,44,28,312,0,0,V,6.5,14,1,41,-13,-4,-37,0,0
1288,11/23/2013,Eastern Michigan,7,26,61,18,1,4,2,1,Bowling Green,58,46,296,26,13,264,1,0,H,-25.5,-51,-20,-235,-8,-12,-260,1,1
1289,11/23/2013,Florida,20,37,157,25,14,122,0,0,Georgia Southern,26,54,429,3,0,0,0,2,H, ,-6,-17,-272,22,14,122,0,-2
1290,11/23/2013,Florida Atlantic,55,44,256,23,16,329,1,0,New Mexico State,10,43,142,27,13,136,0,1,H,22.5,45,1,114,-4,3,193,1,-1
1291,11/23/2013,Florida Intl,10,45,97,29,15,167,1,0,Marshall,48,31,270,34,17,288,0,0,H,-32.5,-38,14,-173,-5,-2,-121,1,0
1292,11/23/2013,Florida State,80,40,336,39,23,309,1,1,Idaho,14,35,59,45,21,286,4,0,H,59,66,5,277,-6,2,23,-3,1
1293,11/23/2013,Fresno State,69,43,277,41,29,543,0,0,New Mexico,28,40,168,13,8,157,0,0,H,33,41,3,109,28,21,386,0,0
1294,11/23/2013,Georgia,59,40,230,42,31,372,1,1,Kentucky,17,30,62,17,10,149,0,3,H,26,42,10,168,25,21,223,1,-2
1295,11/23/2013,Georgia State,33,40,184,26,14,248,0,4,Arkansas State,35,45,138,19,14,152,0,2,V,-24,-2,-5,46,7,0,96,0,2
1296,11/23/2013,Georgia Tech,66,52,428,6,2,48,0,0,Alabama A+M,7,30,47,31,14,205,1,2,H, ,59,22,381,-25,-12,-157,-1,-2
1297,11/23/2013,Hawaii,56,42,125,50,37,499,1,1,Wyoming,59,50,295,48,29,498,0,3,V,-6.5,-3,-8,-170,2,8,1,1,-2
1298,11/23/2013,Houston,17,31,33,41,18,245,0,2,Cincinnati,24,40,172,51,30,401,2,1,H,2,-7,-9,-139,-10,-12,-156,-2,1
1299,11/23/2013,Idaho,14,35,59,45,21,286,4,0,Florida State,80,40,336,39,23,309,1,1,V,-59,-66,-5,-277,6,-2,-23,3,-1
1300,11/23/2013,Illinois,20,37,123,31,24,257,2,2,Purdue,16,29,120,29,20,163,1,0,V,6,4,8,3,2,4,94,1,2
1301,11/23/2013,Indiana,14,39,122,53,32,320,0,0,Ohio State,42,39,311,17,11,160,1,2,V,-33.5,-28,0,-189,36,21,160,-1,-2
1302,11/23/2013,Iowa,24,44,168,30,19,239,3,1,Michigan,21,29,60,28,13,98,0,1,H,5.5,3,15,108,2,6,141,3,0
1303,11/23/2013,Iowa State,34,43,202,20,15,300,1,1,Kansas,0,41,187,31,11,92,1,1,H,4,34,2,15,-11,4,208,0,0
1304,11/23/2013,Kansas,0,41,187,31,11,92,1,1,Iowa State,34,43,202,20,15,300,1,1,V,-4,-34,-2,-15,11,-4,-208,0,0
1305,11/23/2013,Kansas State,31,22,24,29,17,348,2,0,Oklahoma,41,53,299,21,14,171,1,0,H,5,-10,-31,-275,8,3,177,1,0
1306,11/23/2013,Kentucky,17,30,62,17,10,149,0,3,Georgia,59,40,230,42,31,372,1,1,V,-26,-42,-10,-168,-25,-21,-223,-1,2
1307,11/23/2013,Louisiana State,34,55,324,20,11,193,0,0,Texas A+M,10,18,75,41,16,224,2,0,H,4,24,37,249,-21,-5,-31,-2,0
1308,11/23/2013,Louisiana Tech,14,36,141,43,22,195,4,0,Tulsa,24,56,248,22,12,120,3,1,H,-3,-10,-20,-107,21,10,75,1,-1
1309,11/23/2013,Louisville,24,40,122,36,26,220,0,0,Memphis,17,35,135,24,11,144,1,1,H,22.5,7,5,-13,12,15,76,-1,-1
1310,11/23/2013,Marshall,48,31,270,34,17,288,0,0,Florida Intl,10,45,97,29,15,167,1,0,V,32.5,38,-14,173,5,2,121,-1,0
1311,11/23/2013,Maryland,26,34,100,31,19,178,0,1,Boston College,29,40,254,15,6,120,1,2,H,-1,-3,-6,-154,16,13,58,-1,-1
1312,11/23/2013,Massachusetts,0,39,128,16,6,45,3,1,Central Michigan,37,36,67,21,13,231,0,0,V,-13.5,-37,3,61,-5,-7,-186,3,1
1313,11/23/2013,Memphis,17,35,135,24,11,144,1,1,Louisville,24,40,122,36,26,220,0,0,V,-22.5,-7,-5,13,-12,-15,-76,1,1
1314,11/23/2013,Miami-Florida,45,25,90,27,13,214,1,1,Virginia,26,46,243,45,23,240,3,1,H,20.5,19,-21,-153,-18,-10,-26,-2,0
1315,11/23/2013,Michigan,21,29,60,28,13,98,0,1,Iowa,24,44,168,30,19,239,3,1,V,-5.5,-3,-15,-108,-2,-6,-141,-3,0
1316,11/23/2013,Michigan State,30,40,171,24,16,293,0,0,Northwestern,6,26,80,46,27,239,3,0,V,6.5,24,14,91,-22,-11,54,-3,0
1317,11/23/2013,Middle Tennessee,42,45,246,25,11,172,0,0,Southern Miss,21,32,82,47,27,289,2,0,V,22.5,21,13,164,-22,-16,-117,-2,0
1318,11/23/2013,Minnesota,7,32,102,23,7,83,0,3,Wisconsin,20,45,197,26,16,127,1,0,H,-17,-13,-13,-95,-3,-9,-44,-1,3
1319,11/23/2013,Mississippi,10,29,126,43,27,252,1,0,Missouri,24,51,260,26,15,225,1,0,H,-2,-14,-22,-134,17,12,27,0,0
1320,11/23/2013,Mississippi State,24,37,191,32,21,297,1,1,Arkansas,17,43,225,17,10,114,1,2,V,1.5,7,-6,-34,15,11,183,0,-1
1321,11/23/2013,Missouri,24,51,260,26,15,225,1,0,Mississippi,10,29,126,43,27,252,1,0,V,2,14,22,134,-17,-12,-27,0,0
1322,11/23/2013,Nebraska,23,41,168,36,21,192,0,2,Penn State,20,44,170,33,16,217,1,0,V,-1,3,-3,-2,3,5,-25,-1,2
1323,11/23/2013,New Mexico,28,40,168,13,8,157,0,0,Fresno State,69,43,277,41,29,543,0,0,V,-33,-41,-3,-109,-28,-21,-386,0,0
1324,11/23/2013,New Mexico State,10,43,142,27,13,136,0,1,Florida Atlantic,55,44,256,23,16,329,1,0,V,-22.5,-45,-1,-114,4,-3,-193,-1,1
1325,11/23/2013,No Carolina State,28,39,129,44,28,312,0,0,East Carolina,42,40,170,31,24,275,0,0,H,-6.5,-14,-1,-41,13,4,37,0,0
1326,11/23/2013,North Carolina,80,40,312,28,21,409,0,1,Old Dominion,20,38,225,34,15,146,0,1,H, ,60,2,87,-6,6,263,0,0
1327,11/23/2013,North Texas,13,28,105,46,26,229,1,0,Texas-San Antonio,21,31,184,49,30,274,1,0,H,7.5,-8,-3,-79,-3,-4,-45,0,0
1328,11/23/2013,Northwestern,6,26,80,46,27,239,3,0,Michigan State,30,40,171,24,16,293,0,0,H,-6.5,-24,-14,-91,22,11,-54,3,0
1329,11/23/2013,Notre Dame,23,47,235,28,15,235,1,0,Brigham Young,13,47,247,36,21,168,1,0,H,1,10,0,-12,-8,-6,67,0,0
1330,11/23/2013,Ohio State,42,39,311,17,11,160,1,2,Indiana,14,39,122,53,32,320,0,0,H,33.5,28,0,189,-36,-21,-160,1,2
1331,11/23/2013,Oklahoma,41,52,301,21,14,171,1,0,Kansas State,31,22,24,29,17,348,2,0,V,-5,10,30,277,-8,-3,-177,-1,0
1332,11/23/2013,Oklahoma State,49,46,154,27,21,440,0,0,Baylor,17,36,94,48,28,359,0,3,H,-8,32,10,60,-21,-7,81,0,-3
1333,11/23/2013,Oregon,16,39,198,41,27,308,2,1,Arizona,42,65,304,22,19,178,0,0,V,18,-26,-26,-106,19,8,130,2,1
1334,11/23/2013,Oregon State,27,22,106,49,26,308,3,1,Washington,69,58,530,24,15,162,0,0,H,2,-42,-36,-424,25,11,146,3,1
1335,11/23/2013,Penn State,20,44,170,33,16,217,1,0,Nebraska,23,41,168,36,21,192,0,2,H,1,-3,3,2,-3,-5,25,1,-2
1336,11/23/2013,Pittsburgh,17,27,21,41,28,218,1,1,Syracuse,16,39,148,28,18,159,0,0,V,0,1,-12,-127,13,10,59,1,1
1337,11/23/2013,Purdue,16,29,120,29,20,163,1,0,Illinois,20,37,123,31,24,257,2,2,H,-6,-4,-8,-3,-2,-4,-94,-1,-2
1338,11/23/2013,S-M-U,16,30,51,41,28,229,2,0,South Florida,6,22,42,34,19,217,2,0,V,4.5,10,8,9,7,9,12,0,0
1339,11/23/2013,San Diego State,34,45,61,38,23,288,1,2,Boise State,31,34,95,36,21,202,2,0,H,-6.5,3,11,-34,2,2,86,-1,2
1340,11/23/2013,South Alabama,36,44,217,27,16,207,1,0,UL-Monroe,14,39,71,28,19,203,0,0,H,3.5,22,5,146,-1,-3,4,1,0
1341,11/23/2013,South Carolina,70,45,352,27,20,287,0,0,Coastal Carolina,10,27,72,35,18,222,2,1,H, ,60,18,280,-8,2,65,-2,-1
1342,11/23/2013,South Florida,6,22,42,34,19,217,2,0,S-M-U,16,30,51,41,28,229,2,0,H,-4.5,-10,-8,-9,-7,-9,-12,0,0
1343,11/23/2013,Southern Cal,47,41,243,30,20,206,0,1,Colorado,29,31,124,33,17,188,1,1,V,20,18,10,119,-3,3,18,-1,0
1344,11/23/2013,Southern Miss,21,32,82,47,27,289,2,0,Middle Tennessee,42,45,246,25,11,172,0,0,H,-22.5,-21,-13,-164,22,16,117,2,0
1345,11/23/2013,Stanford,63,35,186,35,24,417,0,1,California,13,31,73,35,19,310,1,0,H,32,50,4,113,0,5,107,-1,1
1346,11/23/2013,Syracuse,16,39,148,28,18,159,0,0,Pittsburgh,17,27,21,41,28,218,1,1,H,0,-1,12,127,-13,-10,-59,-1,-1
1347,11/23/2013,Temple,21,33,92,46,26,280,1,2,Connecticut,28,41,124,19,8,111,1,0,H,6.5,-7,-8,-32,27,18,169,0,2
1348,11/23/2013,Tennessee,10,45,184,20,11,53,3,0,Vanderbilt,14,31,90,31,24,195,1,3,H,2.5,-4,14,94,-11,-13,-142,2,-3
1349,11/23/2013,Texas A+M,10,18,75,41,16,224,2,0,Louisiana State,34,55,324,20,11,193,0,0,V,-4,-24,-37,-249,21,5,31,2,0
1350,11/23/2013,Texas State,7,29,21,30,15,109,4,1,Western Kentucky,37,46,321,32,20,152,0,0,H,-5.5,-30,-17,-300,-2,-5,-43,4,1
1351,11/23/2013,Texas-San Antonio,21,31,184,49,30,274,1,0,North Texas,13,28,105,46,26,229,1,0,V,-7.5,8,3,79,3,4,45,0,0
1352,11/23/2013,Tulane,45,43,277,25,16,205,0,0,UTEP,3,33,49,27,16,183,1,2,H,15.5,42,10,228,-2,0,22,-1,-2
1353,11/23/2013,Tulsa,24,56,248,22,12,120,3,1,Louisiana Tech,14,36,141,43,22,195,4,0,V,3,10,20,107,-21,-10,-75,-1,1
1354,11/23/2013,U.C.L.A.,33,41,151,26,18,253,1,0,Arizona State,38,50,223,27,20,225,0,1,H,-3,-5,-9,-72,-1,-2,28,1,-1
1355,11/23/2013,UL-Monroe,14,39,71,28,19,203,0,0,South Alabama,36,44,217,27,16,207,1,0,V,-3.5,-22,-5,-146,1,3,-4,-1,0
1356,11/23/2013,UTEP,3,33,49,27,16,183,1,2,Tulane,45,43,277,25,16,205,0,0,V,-15.5,-42,-10,-228,2,0,-22,1,2
1357,11/23/2013,Utah,37,35,134,46,21,347,2,0,Washington State,49,18,90,62,39,488,0,2,V,-2,-12,17,44,-16,-18,-141,2,-2
1358,11/23/2013,Utah State,13,48,148,18,8,43,0,0,Colorado State,0,34,38,39,16,147,2,0,H,11,13,14,110,-21,-8,-104,-2,0
1359,11/23/2013,Vanderbilt,14,31,90,31,24,195,1,3,Tennessee,10,45,184,20,11,53,3,0,V,-2.5,4,-14,-94,11,13,142,-2,3
1360,11/23/2013,Virginia,26,46,243,45,23,240,3,1,Miami-Florida,45,25,90,27,13,214,1,1,V,-20.5,-19,21,153,18,10,26,2,0
1361,11/23/2013,Wake Forest,21,40,124,27,12,124,1,1,Duke,28,35,121,32,25,257,0,1,H,-6,-7,5,3,-5,-13,-133,1,0
1362,11/23/2013,Washington,69,58,530,24,15,162,0,0,Oregon State,27,22,106,49,26,308,3,1,V,-2,42,36,424,-25,-11,-146,-3,-1
1363,11/23/2013,Washington State,49,18,90,62,39,488,0,2,Utah,37,35,134,46,21,347,2,0,H,2,12,-17,-44,16,18,141,-2,2
1364,11/23/2013,Western Kentucky,37,46,321,32,20,152,0,0,Texas State,7,29,21,30,15,109,4,1,V,5.5,30,17,300,2,5,43,-4,-1
1365,11/23/2013,Wisconsin,20,45,197,26,16,127,1,0,Minnesota,7,32,102,23,7,83,0,3,V,17,13,13,95,3,9,44,1,-3
1366,11/23/2013,Wyoming,59,50,295,48,29,498,0,3,Hawaii,56,42,125,50,37,499,1,1,H,6.5,3,8,170,-2,-8,-1,-1,2
1367,11/26/2013,Northern Illinois,33,54,425,17,5,39,0,0,Western Michigan,14,35,93,32,15,163,0,1,H,35,19,19,332,-15,-10,-124,0,-1
1368,11/26/2013,Western Michigan,14,35,93,32,15,163,0,1,Northern Illinois,33,54,425,17,5,39,0,0,V,-35,-19,-19,-332,15,10,124,0,1
1369,11/28/2013,Mississippi,10,35,117,43,28,201,3,1,Mississippi State,17,43,99,39,19,197,1,1,V,3,-7,-8,18,4,9,4,2,0
1370,11/28/2013,Mississippi State,17,43,99,39,19,197,1,1,Mississippi,10,35,117,43,28,201,3,1,H,-3,7,8,-18,-4,-9,-4,-2,0
1371,11/28/2013,Texas,41,61,281,20,11,182,0,2,Texas Tech,16,28,94,52,31,302,1,2,H,4.5,25,33,187,-32,-20,-120,-1,0
1372,11/28/2013,Texas Tech,16,28,94,52,31,302,1,2,Texas,41,61,281,20,11,182,0,2,V,-4.5,-25,-33,-187,32,20,120,1,0
1373,11/29/2013,Akron,31,35,85,30,18,259,0,1,Toledo,29,45,230,33,16,158,1,0,H,-11,2,-10,-145,-3,2,101,-1,1
1374,11/29/2013,Arkansas,27,34,182,29,19,178,1,1,Louisiana State,31,38,238,29,18,232,1,1,V,-28,-4,-4,-56,0,1,-54,0,0
1375,11/29/2013,Ball State,55,31,140,33,27,445,0,1,Miami-Ohio,14,51,138,27,11,143,1,2,H,35,41,-20,2,6,16,302,-1,-1
1376,11/29/2013,Bowling Green,24,48,260,26,11,230,1,1,Buffalo,7,24,15,45,21,221,1,1,V,3.5,17,24,245,-19,-10,9,0,0
1377,11/29/2013,Buffalo,7,24,15,45,21,221,1,1,Bowling Green,24,48,260,26,11,230,1,1,H,-3.5,-17,-24,-245,19,10,-9,0,0
1378,11/29/2013,Central Michigan,42,39,295,14,9,92,1,1,Eastern Michigan,10,38,193,29,15,151,1,2,H,17.5,32,1,102,-15,-6,-59,0,-1
1379,11/29/2013,East Carolina,28,29,149,52,29,291,3,0,Marshall,59,53,267,28,17,272,1,1,V,-3,-31,-24,-118,24,12,19,2,-1
1380,11/29/2013,Eastern Michigan,10,38,193,29,15,151,1,2,Central Michigan,42,39,295,14,9,92,1,1,V,-17.5,-32,-1,-102,15,6,59,0,1
1381,11/29/2013,Florida Atlantic,21,42,179,20,11,252,1,1,Florida Intl,6,34,96,28,11,94,0,0,H,27.5,15,8,83,-8,0,158,1,1
1382,11/29/2013,Florida Intl,6,34,81,28,11,89,0,0,Florida Atlantic,21,42,179,20,11,252,1,1,V,-27.5,-15,-8,-98,8,0,-163,-1,-1
1383,11/29/2013,Fresno State,52,15,134,51,38,514,1,0,San Jose State,62,45,159,46,38,577,0,2,V,10.5,-10,-30,-25,5,0,-63,1,-2
1384,11/29/2013,Houston,34,30,120,42,25,245,2,0,S-M-U,0,34,83,52,27,212,3,1,H,9.5,34,-4,37,-10,-2,33,-1,-1
1385,11/29/2013,Iowa,38,44,155,17,9,126,0,0,Nebraska,17,37,89,37,19,199,2,1,V,-2.5,21,7,66,-20,-10,-73,-2,-1
1386,11/29/2013,Louisiana State,31,38,238,29,18,232,1,1,Arkansas,27,34,182,29,19,178,1,1,H,28,4,4,56,0,-1,54,0,0
1387,11/29/2013,Marshall,59,53,267,28,17,272,1,1,East Carolina,28,29,149,52,29,291,3,0,H,3,31,24,118,-24,-12,-19,-2,1
1388,11/29/2013,Massachusetts,23,51,153,19,6,137,3,1,Ohio,51,29,215,30,19,246,1,2,V,-19.5,-28,22,-62,-11,-13,-109,2,-1
1389,11/29/2013,Miami-Florida,41,34,180,28,17,296,0,0,Pittsburgh,31,33,220,43,24,281,1,1,V,1.5,10,1,-40,-15,-7,15,-1,-1
1390,11/29/2013,Miami-Ohio,14,51,138,27,11,143,1,2,Ball State,55,31,140,33,27,445,0,1,V,-35,-41,20,-2,-6,-16,-302,1,1
1391,11/29/2013,Nebraska,17,37,89,37,19,199,2,1,Iowa,38,44,155,17,9,126,0,0,H,2.5,-21,-7,-66,20,10,73,2,1
1392,11/29/2013,Ohio,51,29,215,30,19,246,1,2,Massachusetts,23,51,153,19,6,137,3,1,H,19.5,28,-22,62,11,13,109,-2,1
1393,11/29/2013,Oregon,36,45,283,34,17,285,2,1,Oregon State,35,39,231,47,29,314,1,2,H,23.5,1,6,52,-13,-12,-29,1,-1
1394,11/29/2013,Oregon State,35,39,231,47,29,314,1,2,Oregon,36,45,283,34,17,285,2,1,V,-23.5,-1,-6,-52,13,12,29,-1,1
1395,11/29/2013,Pittsburgh,31,33,220,43,24,281,1,1,Miami-Florida,41,34,180,28,17,296,0,0,H,-1.5,-10,-1,40,15,7,-15,1,1
1396,11/29/2013,S-M-U,0,34,83,52,27,212,3,1,Houston,34,30,120,42,25,245,2,0,V,-9.5,-34,4,-37,10,2,-33,1,1
1397,11/29/2013,San Jose State,62,45,159,46,38,577,0,2,Fresno State,52,16,127,51,38,519,1,0,H,-10.5,10,29,32,-5,0,58,-1,2
1398,11/29/2013,South Florida,20,33,83,34,15,211,1,1,U-C-F,23,30,77,27,17,219,2,3,V,-26,-3,3,6,7,-2,-8,-1,-2
1399,11/29/2013,Texas State,28,38,233,31,11,192,1,0,Troy,42,35,164,27,21,297,0,0,V,-8.5,-14,3,69,4,-10,-105,1,0
1400,11/29/2013,Toledo,29,45,230,33,16,158,1,0,Akron,31,35,85,30,18,259,0,1,V,11,-2,10,145,3,-2,-101,1,-1
1401,11/29/2013,Troy,42,35,164,27,21,297,0,0,Texas State,28,38,233,31,11,192,1,0,H,8.5,14,-3,-69,-4,10,105,-1,0
1402,11/29/2013,U-C-F,23,30,77,27,17,219,2,3,South Florida,20,33,83,34,15,211,1,1,H,26,3,-3,-6,-7,2,8,1,2
1403,11/29/2013,Washington,27,53,224,20,15,181,1,1,Washington State,17,23,44,59,32,282,2,0,H,16.5,10,30,180,-39,-17,-101,-1,1
1404,11/29/2013,Washington State,17,23,44,59,32,282,2,0,Washington,27,53,224,20,15,181,1,1,V,-16.5,-10,-30,-180,39,17,101,1,-1
1405,11/30/2013,Air Force,13,44,154,20,11,125,0,1,Colorado State,58,49,234,34,26,395,0,0,V,-17,-45,-5,-80,-14,-15,-270,0,1
1406,11/30/2013,Alabama,28,35,218,29,17,277,0,0,Auburn,34,52,296,16,11,97,0,1,V,10,-6,-17,-78,13,6,180,0,-1
1407,11/30/2013,Arizona,21,49,249,30,15,175,3,1,Arizona State,58,52,204,25,13,274,1,0,V,-11,-37,-3,45,5,2,-99,2,1
1408,11/30/2013,Arizona State,58,52,204,25,13,274,1,0,Arizona,21,49,249,30,15,175,3,1,H,11,37,3,-45,-5,-2,99,-2,-1
1409,11/30/2013,Arkansas State,31,53,223,28,19,134,1,0,Western Kentucky,34,28,151,37,21,255,0,3,V,-6,-3,25,72,-9,-2,-121,1,-3
1410,11/30/2013,Army,42,56,254,21,8,152,0,2,Hawaii,49,52,285,34,24,323,1,2,V,-6.5,-7,4,-31,-13,-16,-171,-1,0
1411,11/30/2013,Auburn,34,52,296,16,11,97,0,1,Alabama,28,35,218,29,17,277,0,0,H,-10,6,17,78,-13,-6,-180,0,1
1412,11/30/2013,Baylor,41,52,164,38,19,206,1,0,Texas Christian,38,33,122,47,21,288,3,1,V,14.5,3,19,42,-9,-2,-82,-2,-1
1413,11/30/2013,Boise State,45,40,172,25,17,260,0,0,New Mexico,17,53,300,17,10,62,1,2,H,36,28,-13,-128,8,7,198,-1,-2
1414,11/30/2013,Boston College,31,33,191,20,12,168,1,1,Syracuse,34,51,210,43,29,270,1,0,V,2.5,-3,-18,-19,-23,-17,-102,0,1
1415,11/30/2013,Brigham Young,28,45,394,18,14,98,0,1,Nevada-Reno,23,47,104,33,23,259,1,0,V,16.5,5,-2,290,-15,-9,-161,-1,1
1416,11/30/2013,Clemson,17,29,127,28,19,225,3,3,South Carolina,31,50,140,28,15,178,0,0,V,-3,-14,-21,-13,0,4,47,3,3
1417,11/30/2013,Colorado,17,25,48,47,24,273,1,2,Utah,24,44,155,33,19,233,1,2,V,-16.5,-7,-19,-107,14,5,40,0,0
1418,11/30/2013,Colorado State,58,49,234,34,26,395,0,0,Air Force,13,44,154,20,11,125,0,1,H,17,45,5,80,14,15,270,0,-1
1419,11/30/2013,Connecticut,28,29,61,33,25,311,0,0,Rutgers,17,31,68,36,17,296,2,1,H,-2,11,-2,-7,-3,8,15,-2,-1
1420,11/30/2013,Duke,27,46,187,36,23,274,0,1,North Carolina,25,39,225,36,17,223,2,0,V,-5,2,7,-38,0,6,51,-2,1
1421,11/30/2013,Florida,7,24,78,25,20,115,0,2,Florida State,37,32,129,31,19,327,1,0,H,-28,-30,-8,-51,-6,1,-212,-1,2
1422,11/30/2013,Florida State,37,32,129,31,19,327,1,0,Florida,7,24,78,25,20,115,0,2,V,28,30,8,51,6,-1,212,1,-2
1423,11/30/2013,Georgia,41,37,138,36,22,299,1,0,Georgia Tech,34,58,263,24,11,232,2,0,V,2.5,7,-21,-125,12,11,67,-1,0
1424,11/30/2013,Georgia State,17,25,24,34,17,321,1,2,South Alabama,38,54,242,30,19,280,0,1,H,-8,-21,-29,-218,4,-2,41,1,1
1425,11/30/2013,Georgia Tech,34,58,263,24,11,232,2,0,Georgia,41,37,138,36,22,299,1,0,H,-2.5,-7,21,125,-12,-11,-67,1,0
1426,11/30/2013,Hawaii,49,52,285,34,24,323,1,2,Army,42,56,254,21,8,152,0,2,H,6.5,7,-4,31,13,16,171,1,0
1427,11/30/2013,Idaho,16,37,209,42,21,250,1,1,New Mexico State,24,43,181,28,18,190,1,2,V,-2.5,-8,-6,28,14,3,60,0,-1
1428,11/30/2013,Illinois,34,32,185,45,31,307,1,0,Northwestern,37,51,146,45,31,414,0,0,H,-3.5,-3,-19,39,0,0,-107,1,0
1429,11/30/2013,Indiana,56,54,401,40,26,291,2,0,Purdue,36,16,31,49,33,485,0,0,H,20.5,20,38,370,-9,-7,-194,2,0
1430,11/30/2013,Iowa State,52,53,244,39,25,331,1,1,West Virginia,44,36,212,38,21,356,2,2,V,-7.5,8,17,32,1,4,-25,-1,-1
1431,11/30/2013,Kansas,10,38,72,36,17,151,4,2,Kansas State,31,45,208,21,10,160,1,1,H,-18,-21,-7,-136,15,7,-9,3,1
1432,11/30/2013,Kansas State,31,45,208,21,10,160,1,1,Kansas,10,38,72,36,17,151,4,2,V,18,21,7,136,-15,-7,9,-3,-1
1433,11/30/2013,Kentucky,14,33,139,38,25,254,0,1,Tennessee,27,43,218,23,14,199,1,1,H,-3.5,-13,-10,-79,15,11,55,-1,0
1434,11/30/2013,Louisiana Tech,10,20,42,37,20,151,1,0,Texas-San Antonio,30,49,191,24,19,284,2,1,V,-16.5,-20,-29,-149,13,1,-133,-1,-1
1435,11/30/2013,Maryland,41,38,173,25,13,259,0,1,No Carolina State,21,54,151,31,21,200,0,0,V,3,20,-16,22,-6,-8,59,0,1
1436,11/30/2013,Memphis,21,29,60,33,20,168,0,1,Temple,41,47,206,32,20,328,1,0,H,8,-20,-18,-146,1,0,-160,-1,1
1437,11/30/2013,Michigan,41,35,152,47,32,451,0,1,Ohio State,42,46,393,15,6,133,1,1,H,-17,-1,-11,-241,32,26,318,-1,0
1438,11/30/2013,Michigan State,14,31,181,19,10,143,1,1,Minnesota,3,50,124,25,9,125,2,1,H,17,11,-19,57,-6,1,18,-1,0
1439,11/30/2013,Middle Tennessee,48,48,304,27,19,325,1,0,UTEP,17,36,177,24,14,122,0,1,H,24,31,12,127,3,5,203,1,-1
1440,11/30/2013,Minnesota,3,50,124,25,9,125,2,1,Michigan State,14,31,181,20,10,143,1,1,V,-17,-11,19,-57,5,-1,-18,1,0
1441,11/30/2013,Missouri,28,44,225,30,19,238,0,0,Texas A+M,21,35,184,35,24,195,0,1,H,4,7,9,41,-5,-5,43,0,-1
1442,11/30/2013,Nevada-Las Vegas,45,33,131,30,20,270,0,0,San Diego State,19,29,88,46,24,239,2,0,H,-4.5,26,4,43,-16,-4,31,-2,0
1443,11/30/2013,Nevada-Reno,23,47,104,33,23,259,1,0,Brigham Young,28,45,394,18,14,98,0,1,H,-16.5,-5,2,-290,15,9,161,1,-1
1444,11/30/2013,New Mexico,17,53,300,17,10,62,1,2,Boise State,45,39,179,25,17,255,0,0,V,-36,-28,14,121,-8,-7,-193,1,2
1445,11/30/2013,New Mexico State,24,43,196,28,18,195,1,2,Idaho,16,37,209,42,21,250,1,1,H,2.5,8,6,-13,-14,-3,-55,0,1
1446,11/30/2013,No Carolina State,21,54,151,31,21,200,0,0,Maryland,41,38,173,25,13,259,0,1,H,-3,-20,16,-22,6,8,-59,0,-1
1447,11/30/2013,North Carolina,25,39,225,36,17,223,2,0,Duke,27,46,187,36,23,274,0,1,H,5,-2,-7,38,0,-6,-51,2,-1
1448,11/30/2013,North Texas,42,50,377,26,17,173,1,1,Tulsa,10,35,122,38,14,114,2,0,V,4,32,15,255,-12,3,59,-1,1
1449,11/30/2013,Northwestern,37,51,146,45,31,414,0,0,Illinois,34,32,185,44,31,307,1,0,V,3.5,3,19,-39,1,0,107,-1,0
1450,11/30/2013,Notre Dame,20,24,64,34,16,199,2,0,Stanford,27,51,261,18,12,158,2,0,V,-16.5,-7,-27,-197,16,4,41,0,0
1451,11/30/2013,Ohio State,42,46,393,15,6,133,1,1,Michigan,41,35,152,47,32,451,0,1,V,17,1,11,241,-32,-26,-318,1,0
1452,11/30/2013,Penn State,31,28,126,30,21,339,0,0,Wisconsin,24,30,120,55,29,339,3,0,V,-25,7,-2,6,-25,-8,0,-3,0
1453,11/30/2013,Purdue,36,16,31,49,33,485,0,0,Indiana,56,54,401,40,26,291,2,0,V,-20.5,-20,-38,-370,9,7,194,-2,0
1454,11/30/2013,Rice,17,55,124,28,14,180,0,2,Tulane,13,21,26,31,14,97,0,1,H,9.5,4,34,98,-3,0,83,0,1
1455,11/30/2013,Rutgers,17,31,68,36,17,296,2,1,Connecticut,28,29,61,33,25,311,0,0,V,2,-11,2,7,3,-8,-15,2,1
1456,11/30/2013,San Diego State,19,29,88,46,24,239,2,0,Nevada-Las Vegas,45,33,131,30,20,270,0,0,V,4.5,-26,-4,-43,16,4,-31,2,0
1457,11/30/2013,South Alabama,38,54,242,30,19,280,0,1,Georgia State,17,25,24,34,17,321,1,2,V,8,21,29,218,-4,2,-41,-1,-1
1458,11/30/2013,South Carolina,31,50,140,28,15,178,0,0,Clemson,17,29,127,28,19,225,3,3,H,3,14,21,13,0,-4,-47,-3,-3
1459,11/30/2013,Southern Cal,14,36,140,28,17,174,0,2,U.C.L.A.,35,43,188,27,18,208,0,0,H,4.5,-21,-7,-48,1,-1,-34,0,2
1460,11/30/2013,Southern Miss,62,31,102,39,24,370,1,0,U-A-B,27,36,145,31,18,286,1,4,V,-15,35,-5,-43,8,6,84,0,-4
1461,11/30/2013,Stanford,27,51,261,18,12,158,2,0,Notre Dame,20,24,64,34,16,199,2,0,H,16.5,7,27,197,-16,-4,-41,0,0
1462,11/30/2013,Syracuse,34,51,210,43,29,270,1,0,Boston College,31,33,191,20,12,168,1,1,H,-2.5,3,18,19,23,17,102,0,-1
1463,11/30/2013,Temple,41,47,206,32,20,328,1,0,Memphis,21,29,60,33,20,168,0,1,V,-8,20,18,146,-1,0,160,1,-1
1464,11/30/2013,Tennessee,27,43,218,23,14,199,1,1,Kentucky,14,33,139,38,25,254,0,1,V,3.5,13,10,79,-15,-11,-55,1,0
1465,11/30/2013,Texas A+M,21,35,184,35,24,195,0,1,Missouri,28,44,225,30,19,238,0,0,V,-4,-7,-9,-41,5,5,-43,0,1
1466,11/30/2013,Texas Christian,38,33,122,47,21,288,3,1,Baylor,41,52,164,38,19,206,1,0,H,-14.5,-3,-19,-42,9,2,82,2,1
1467,11/30/2013,Texas-San Antonio,30,49,191,24,19,284,2,1,Louisiana Tech,10,20,42,37,20,151,1,0,H,16.5,20,29,149,-13,-1,133,1,1
1468,11/30/2013,Tulane,13,21,26,31,14,97,0,1,Rice,17,55,124,28,14,180,0,2,V,-9.5,-4,-34,-98,3,0,-83,0,-1
1469,11/30/2013,Tulsa,10,35,122,38,14,114,2,0,North Texas,42,50,377,26,17,173,1,1,H,-4,-32,-15,-255,12,-3,-59,1,-1
1470,11/30/2013,U-A-B,27,36,145,31,18,286,1,4,Southern Miss,62,31,102,39,24,370,1,0,H,15,-35,5,43,-8,-6,-84,0,4
1471,11/30/2013,U.C.L.A.,35,43,188,27,18,208,0,0,Southern Cal,14,36,140,28,17,174,0,2,V,-4.5,21,7,48,-1,1,34,0,-2
1472,11/30/2013,UL-Lafayette,28,35,167,41,23,304,3,0,UL-Monroe,31,32,122,29,19,272,0,0,H,17.5,-3,3,45,12,4,32,3,0
1473,11/30/2013,UL-Monroe,31,32,122,29,19,272,0,0,UL-Lafayette,28,35,167,41,23,304,3,0,V,-17.5,3,-3,-45,-12,-4,-32,-3,0
1474,11/30/2013,UTEP,17,36,177,24,14,122,0,1,Middle Tennessee,48,48,304,27,19,325,1,0,V,-24,-31,-12,-127,-3,-5,-203,-1,1
1475,11/30/2013,Utah,24,44,155,33,19,233,1,2,Colorado,17,25,48,47,24,273,1,2,H,16.5,7,19,107,-14,-5,-40,0,0
1476,11/30/2013,Utah State,35,45,154,30,20,156,1,1,Wyoming,7,29,28,29,16,162,1,1,H,24,28,16,126,1,4,-6,0,0
1477,11/30/2013,Vanderbilt,23,45,132,37,26,271,1,1,Wake Forest,21,24,111,34,16,155,1,0,H,14.5,2,21,21,3,10,116,0,1
1478,11/30/2013,Virginia,6,27,109,40,17,176,1,0,Virginia Tech,16,42,126,30,14,238,1,1,H,-10.5,-10,-15,-17,10,3,-62,0,-1
1479,11/30/2013,Virginia Tech,16,42,126,30,14,238,1,1,Virginia,6,27,109,40,17,176,1,0,V,10.5,10,15,17,-10,-3,62,0,1
1480,11/30/2013,Wake Forest,21,24,111,34,16,155,1,0,Vanderbilt,23,45,132,37,26,271,1,1,V,-14.5,-2,-21,-21,-3,-10,-116,0,-1
1481,11/30/2013,West Virginia,44,36,212,38,21,356,2,2,Iowa State,52,53,244,39,25,331,1,1,H,7.5,-8,-17,-32,-1,-4,25,1,1
1482,11/30/2013,Western Kentucky,34,28,151,37,21,255,0,3,Arkansas State,31,54,202,28,19,134,1,0,H,6,3,-26,-51,9,2,121,-1,3
1483,11/30/2013,Wisconsin,24,30,120,55,29,339,3,0,Penn State,31,28,126,30,21,339,0,0,H,25,-7,2,-6,25,8,0,3,0
1484,11/30/2013,Wyoming,7,29,28,29,16,162,1,1,Utah State,35,45,154,30,20,156,1,1,V,-24,-28,-16,-126,-1,-4,6,0,0
1485,12/05/2013,Cincinnati,24,39,124,41,22,304,2,0,Louisville,31,41,177,37,23,255,1,0,H,-3,-7,-2,-53,4,-1,49,1,0
1486,12/05/2013,Louisville,31,41,177,37,23,255,1,0,Cincinnati,24,39,124,41,22,304,2,0,V,3,7,2,53,-4,1,-49,-1,0
1487,12/06/2013,Bowling Green,47,40,181,27,21,393,0,1,Northern Illinois,27,42,235,40,21,219,2,0,N,-3,20,-2,-54,-13,0,174,-2,1
1488,12/06/2013,Northern Illinois,27,42,235,40,21,219,2,0,Bowling Green,47,40,181,27,21,393,0,1,N,3,-20,2,54,13,0,-174,2,-1
1489,12/07/2013,Arizona State,14,43,138,25,17,173,0,0,Stanford,38,44,240,18,12,277,0,1,N,3.5,-24,-1,-102,7,5,-104,0,-1
1490,12/07/2013,Auburn,59,74,545,11,9,132,0,2,Missouri,42,34,231,37,21,303,1,0,N,-1,17,40,314,-26,-12,-171,-1,2
1491,12/07/2013,Baylor,30,54,221,38,21,287,0,0,Texas,10,35,163,34,12,54,2,0,H,16,20,19,58,4,9,233,-2,0
1492,12/07/2013,Connecticut,45,26,75,55,37,463,0,0,Memphis,10,29,72,40,20,185,1,1,H,-1.5,35,-3,3,15,17,278,-1,-1
1493,12/07/2013,Duke,7,31,99,42,21,140,2,1,Florida State,45,43,239,32,19,330,2,1,N,-29.5,-38,-12,-140,10,2,-190,0,0
1494,12/07/2013,Florida State,45,43,239,32,19,330,2,1,Duke,7,31,99,42,21,140,2,1,N,29.5,38,12,140,-10,-2,190,0,0
1495,12/07/2013,Fresno State,24,34,56,53,36,404,2,3,Utah State,17,40,51,35,16,253,2,0,N,3,7,-6,5,18,20,151,0,3
1496,12/07/2013,Marshall,24,37,106,41,24,265,1,0,Rice,41,48,248,18,10,239,0,0,V,6.5,-17,-11,-142,23,14,26,1,0
1497,12/07/2013,Memphis,10,29,72,40,20,185,1,1,Connecticut,45,26,75,55,37,463,0,0,V,1.5,-35,3,-3,-15,-17,-278,1,1
1498,12/07/2013,Michigan State,34,32,134,40,24,304,1,0,Ohio State,24,40,273,23,8,101,0,0,N,-5.5,10,-8,-139,17,16,203,1,0
1499,12/07/2013,Missouri,42,34,231,37,21,303,1,0,Auburn,59,74,545,11,9,132,0,2,N,1,-17,-40,-314,26,12,171,1,-2
1500,12/07/2013,Ohio State,24,40,273,23,8,101,0,0,Michigan State,34,32,134,40,24,304,1,0,N,5.5,-10,8,139,-17,-16,-203,-1,0
1501,12/07/2013,Oklahoma,33,40,165,33,16,193,1,0,Oklahoma State,24,35,200,35,19,200,1,1,V,-10,9,5,-35,-2,-3,-7,0,-1
1502,12/07/2013,Oklahoma State,24,35,200,35,19,200,1,1,Oklahoma,33,40,165,33,16,193,1,0,H,10,-9,-5,35,2,3,7,0,1
1503,12/07/2013,Rice,41,48,248,18,10,239,0,0,Marshall,24,37,106,41,24,265,1,0,H,-6.5,17,11,142,-23,-14,-26,-1,0
1504,12/07/2013,Rutgers,31,45,176,24,19,179,0,1,South Florida,6,20,10,31,14,141,1,1,H,3.5,25,25,166,-7,5,38,-1,0
1505,12/07/2013,S-M-U,13,23,78,39,25,235,1,0,U-C-F,17,32,96,35,24,242,0,1,H,-13.5,-4,-9,-18,4,1,-7,1,-1
1506,12/07/2013,South Alabama,30,52,192,24,13,171,0,0,UL-Lafayette,8,33,69,26,9,143,2,2,H,3,22,19,123,-2,4,28,-2,-2
1507,12/07/2013,South Florida,6,20,10,31,14,141,1,1,Rutgers,31,45,176,24,19,179,0,1,V,-3.5,-25,-25,-166,7,-5,-38,1,0
1508,12/07/2013,Stanford,38,44,240,18,12,277,0,1,Arizona State,14,43,138,25,17,173,0,0,N,-3.5,24,1,102,-7,-5,104,0,1
1509,12/07/2013,Texas,10,35,163,34,12,54,2,0,Baylor,30,54,221,38,21,287,0,0,V,-16,-20,-19,-58,-4,-9,-233,2,0
1510,12/07/2013,U-C-F,17,32,96,35,24,242,0,1,S-M-U,13,23,78,39,25,235,1,0,V,13.5,4,9,18,-4,-1,7,-1,1
1511,12/07/2013,UL-Lafayette,8,33,69,26,9,143,2,2,South Alabama,30,52,192,24,13,171,0,0,V,-3,-22,-19,-123,2,-4,-28,2,2
1512,12/07/2013,Utah State,17,40,51,35,16,253,2,0,Fresno State,24,34,56,53,36,404,2,3,N,-3,-7,6,-5,-18,-20,-151,0,-3
1513,12/14/2013,Army,7,45,157,11,5,50,1,2,Navy,34,57,343,7,2,10,0,0,N,-12,-27,-12,-186,4,3,40,1,2
1514,12/14/2013,Navy,34,57,343,7,2,10,0,0,Army,7,45,157,11,5,50,1,2,N,12,27,12,186,-4,-3,-40,-1,-2
