,Date,TeamName,ScoreOff,RushAttOff,RushYdsOff,PassAttOff,PassCompOff,PassYdsOff,PassIntOff,FumblesOff,Opponent,ScoreDef,RushAttDef,RushYdsDef,PassAttDef,PassCompDef,PassYdsDef,PassIntDef,FumblesDef,Site,Line,ScoreDiff,RushAttDiff,RushYdsDiff,PassAttDiff,PassCompDiff,PassYdsDiff,PassIntDiff,FumblesDiff
0,08/30/2007,Ball State,13,34,140,36,19,198,0,0,Miami-Ohio,14,38,178,24,14,118,2,0,H,4,-1,-4,-38,12,5,80,-2,0
1,08/30/2007,Boise State,56,55,371,28,16,198,1,0,Weber State,7,26,74,30,11,71,0,2,H, ,49,29,297,-2,5,127,1,-2
2,08/30/2007,Buffalo,3,34,70,32,19,165,0,0,Rutgers,38,41,235,25,16,328,0,1,V,-32,-35,-7,-165,7,3,-163,0,-1
3,08/30/2007,Cincinnati,59,47,314,36,24,301,1,1,S E Missouri St,3,37,175,22,12,87,2,4,H, ,56,10,139,14,12,214,-1,-3
4,08/30/2007,Iowa State,14,39,158,23,14,148,2,1,Kent State,23,51,202,26,17,161,2,1,H,3.5,-9,-12,-44,-3,-3,-13,0,0
5,08/30/2007,Kent State,23,51,202,26,17,161,2,1,Iowa State,14,39,158,23,14,148,2,1,V,-3.5,9,12,44,3,3,13,0,0
6,08/30/2007,Louisiana State,45,50,198,22,14,149,0,0,Mississippi State,0,26,10,33,14,136,6,1,V,20,45,24,188,-11,0,13,-6,-1
7,08/30/2007,Louisville,73,41,261,23,18,394,0,0,Murray State,10,35,130,31,19,141,0,1,H, ,63,6,131,-8,-1,253,0,-1
8,08/30/2007,Miami-Ohio,14,38,178,24,14,118,2,0,Ball State,13,34,140,36,19,198,0,0,V,-4,1,4,38,-12,-5,-80,2,0
9,08/30/2007,Mississippi State,0,26,10,33,14,136,6,1,Louisiana State,45,50,198,22,14,149,0,0,H,-20,-45,-24,-188,11,0,-13,6,1
10,08/30/2007,Nevada-Las Vegas,23,38,173,20,12,141,0,1,Utah State,16,40,97,19,13,137,0,2,V,6.5,7,-2,76,1,-1,4,0,-1
11,08/30/2007,New Mexico State,35,27,153,37,25,289,4,0,S E Louisiana,14,37,123,28,14,145,1,0,H, ,21,-10,30,9,11,144,3,0
12,08/30/2007,Oregon State,24,44,241,30,12,129,2,0,Utah,7,30,18,37,17,178,0,0,H,6,17,14,223,-7,-5,-49,2,0
13,08/30/2007,Rutgers,38,41,235,25,16,328,0,1,Buffalo,3,34,70,32,19,165,0,0,H,32,35,7,165,-7,-3,163,0,1
14,08/30/2007,Tulsa,35,55,216,31,22,307,1,1,UL-Monroe,17,43,212,21,7,66,0,1,V,3.5,18,12,4,10,15,241,1,0
15,08/30/2007,UL-Monroe,17,43,212,21,7,66,0,1,Tulsa,35,55,216,31,22,307,1,1,H,-3.5,-18,-12,-4,-10,-15,-241,-1,0
16,08/30/2007,Utah,7,30,18,37,17,178,0,0,Oregon State,24,44,241,30,12,129,2,0,V,-6,-17,-14,-223,7,5,49,-2,0
17,08/30/2007,Utah State,16,40,97,19,13,137,0,2,Nevada-Las Vegas,23,38,173,20,12,141,0,1,H,-6.5,-7,2,-76,-1,1,-4,0,1
18,08/31/2007,Navy,30,56,361,7,3,78,0,2,Temple,19,25,74,29,21,199,2,0,V,21,11,31,287,-22,-18,-121,-2,2
19,08/31/2007,Syracuse,12,29,8,32,20,199,0,1,Washington,42,41,302,21,15,142,0,0,H,-3,-30,-12,-294,11,5,57,0,1
20,08/31/2007,Temple,19,25,74,29,21,199,2,0,Navy,30,56,361,7,3,78,0,2,H,-21,-11,-31,-287,22,18,121,2,-2
21,08/31/2007,Washington,42,41,302,21,15,142,0,0,Syracuse,12,29,8,32,20,199,0,1,V,3,30,12,294,-11,-5,-57,0,-1
22,09/01/2007,Air Force,34,60,279,18,11,176,1,0,So Carolina State,3,34,70,28,11,90,1,1,H, ,31,26,209,-10,0,86,0,-1
23,09/01/2007,Akron,22,35,133,29,17,154,0,0,Army,14,29,58,44,23,184,2,0,N,6,8,6,75,-15,-6,-30,-2,0
24,09/01/2007,Alabama,52,44,313,34,25,262,0,0,Western Carolina,6,39,76,27,14,171,0,2,H, ,46,5,237,7,11,91,0,-2
25,09/01/2007,Arizona,7,19,32,38,28,223,0,0,Brigham Young,20,32,104,39,26,288,0,1,V,-3.5,-13,-13,-72,-1,2,-65,0,-1
26,09/01/2007,Arizona State,45,53,250,32,23,270,0,1,San Jose State,3,26,40,23,11,75,2,0,H,16.5,42,27,210,9,12,195,-2,1
27,09/01/2007,Arkansas,46,50,350,22,13,157,0,2,Troy,26,31,162,49,17,214,1,0,H,23.5,20,19,188,-27,-4,-57,-1,2
28,09/01/2007,Arkansas State,13,34,125,37,24,272,1,0,Texas,21,38,117,33,22,223,2,0,V,-39.5,-8,-4,8,4,2,49,-1,0
29,09/01/2007,Army,14,29,58,44,23,184,2,0,Akron,22,35,133,29,17,154,0,0,N,-6,-8,-6,-75,15,6,30,2,0
30,09/01/2007,Auburn,23,37,62,30,17,229,2,0,Kansas State,13,16,27,58,33,289,2,1,H,13,10,21,35,-28,-16,-60,0,-1
31,09/01/2007,Baylor,0,25,51,55,26,231,4,0,Texas Christian,27,45,181,30,18,205,0,2,V,-21,-27,-20,-130,25,8,26,4,-2
32,09/01/2007,Boston College,38,27,54,52,32,408,2,1,Wake Forest,28,24,2,60,45,366,4,0,H,5.5,10,3,52,-8,-13,42,-2,1
33,09/01/2007,Bowling Green,32,22,100,53,35,412,0,0,Minnesota,31,48,246,31,15,188,2,1,V,-14.5,1,-26,-146,22,20,224,-2,-1
34,09/01/2007,Brigham Young,20,32,104,39,26,288,0,1,Arizona,7,19,32,38,28,223,0,0,H,3.5,13,13,72,1,-2,65,0,1
35,09/01/2007,California,45,37,230,28,19,241,0,1,Tennessee,31,27,111,47,32,271,0,1,H,7,14,10,119,-19,-13,-30,0,0
36,09/01/2007,Central Michigan,7,28,114,38,20,180,0,1,Kansas,52,43,230,35,26,308,0,0,V,-7.5,-45,-15,-116,3,-6,-128,0,1
37,09/01/2007,Colorado,31,28,129,32,18,201,1,2,Colorado State,28,56,157,27,20,229,1,0,N,2.5,3,-28,-28,5,-2,-28,0,2
38,09/01/2007,Colorado State,28,56,157,27,20,229,1,0,Colorado,31,28,129,32,18,201,1,2,N,-2.5,-3,28,28,-5,2,28,0,-2
39,09/01/2007,Connecticut,45,47,189,30,22,298,1,0,Duke,14,28,15,29,15,154,3,0,V,4.5,31,19,174,1,7,144,-2,0
40,09/01/2007,Duke,14,28,15,29,15,154,3,0,Connecticut,45,47,189,30,22,298,1,0,H,-4.5,-31,-19,-174,-1,-7,-144,2,0
41,09/01/2007,East Carolina,7,35,142,31,16,119,1,0,Virginia Tech,17,31,33,33,22,245,1,2,V,-28,-10,4,109,-2,-6,-126,0,-2
42,09/01/2007,Eastern Michigan,3,23,39,29,16,106,1,0,Pittsburgh,27,42,130,24,16,195,0,0,V,-20.5,-24,-19,-91,5,0,-89,1,0
43,09/01/2007,Florida,49,33,185,21,16,325,0,0,Western Kentucky,3,32,48,21,15,156,0,0,H, ,46,1,137,0,1,169,0,0
44,09/01/2007,Florida Atlantic,27,42,216,27,12,195,0,1,Middle Tennessee,14,32,18,32,20,199,2,2,H,2.5,13,10,198,-5,-8,-4,-2,-1
45,09/01/2007,Florida Intl,0,31,-3,26,12,117,0,5,Penn State,59,48,236,41,25,313,0,2,V,-36.5,-59,-17,-239,-15,-13,-196,0,3
46,09/01/2007,Fresno State,24,49,266,29,17,209,0,3,Sacramento State,3,28,42,23,13,60,0,0,H, ,21,21,224,6,4,149,0,3
47,09/01/2007,Georgia,35,47,142,24,18,234,0,0,Oklahoma State,14,34,70,31,17,196,1,0,H,6.5,21,13,72,-7,1,38,-1,0
48,09/01/2007,Georgia Tech,33,43,265,24,11,121,0,0,Notre Dame,3,41,-8,22,15,130,0,3,V,-1,30,2,273,2,-4,-9,0,-3
49,09/01/2007,Hawaii,63,10,37,59,45,540,2,0,Northern Colorado,6,34,50,29,18,132,1,2,H, ,57,-24,-13,30,27,408,1,-2
50,09/01/2007,Houston,27,49,315,39,22,230,2,2,Oregon,48,49,339,15,9,134,0,0,V,-17,-21,0,-24,24,13,96,2,2
51,09/01/2007,Idaho,10,32,98,35,16,155,0,1,Southern Cal,38,43,214,34,22,206,2,1,V,-46.5,-28,-11,-116,1,-6,-51,-2,0
52,09/01/2007,Illinois,34,34,119,40,23,316,2,3,Missouri,40,33,70,54,37,359,0,2,N,-5.5,-6,1,49,-14,-14,-43,2,1
53,09/01/2007,Indiana,55,51,217,22,13,299,1,1,Indiana State,7,29,46,36,20,130,2,1,H, ,48,22,171,-14,-7,169,-1,0
54,09/01/2007,Iowa,16,46,250,29,12,133,0,0,Northern Illinois,3,21,21,42,26,214,3,0,N,12.5,13,25,229,-13,-14,-81,-3,0
55,09/01/2007,Kansas,52,43,230,35,26,308,0,0,Central Michigan,7,28,114,38,20,180,0,1,H,7.5,45,15,116,-3,6,128,0,-1
56,09/01/2007,Kansas State,13,16,27,58,33,289,2,1,Auburn,23,37,62,30,17,229,2,0,V,-13,-10,-21,-35,28,16,60,0,1
57,09/01/2007,Kentucky,50,44,288,33,23,280,1,1,Eastern Kentucky,10,30,130,31,16,72,2,0,H, ,40,14,158,2,7,208,-1,1
58,09/01/2007,Louisiana Tech,28,36,190,23,12,71,0,2,Central Arkansas,7,42,110,52,30,276,5,1,H, ,21,-6,80,-29,-18,-205,-5,1
59,09/01/2007,Marshall,3,32,51,35,19,183,4,0,Miami-Florida,31,40,260,21,9,81,1,0,V,-18,-28,-8,-209,14,10,102,3,0
60,09/01/2007,Maryland,31,47,221,30,23,207,3,0,Villanova,14,22,11,28,17,176,1,0,H, ,17,25,210,2,6,31,2,0
61,09/01/2007,Memphis,21,35,124,61,41,343,4,1,Mississippi,23,29,74,30,19,201,0,3,H,-2.5,-2,6,50,31,22,142,4,-2
62,09/01/2007,Miami-Florida,31,40,260,21,9,81,1,0,Marshall,3,32,51,35,19,183,4,0,H,18,28,8,209,-14,-10,-102,-3,0
63,09/01/2007,Michigan,32,40,246,37,19,233,1,1,Appalachian State,34,44,160,23,17,227,2,1,H, ,-2,-4,86,14,2,6,-1,0
64,09/01/2007,Michigan State,55,48,298,30,22,295,0,0,U-A-B,18,32,12,39,21,214,1,0,H,24,37,16,286,-9,1,81,-1,0
65,09/01/2007,Middle Tennessee,14,32,18,32,20,199,2,2,Florida Atlantic,27,42,216,27,12,195,0,1,V,-2.5,-13,-10,-198,5,8,4,2,1
66,09/01/2007,Minnesota,31,48,246,31,15,188,2,1,Bowling Green,32,22,100,53,35,412,0,0,H,14.5,-1,26,146,-22,-20,-224,2,1
67,09/01/2007,Mississippi,23,29,74,30,19,201,0,3,Memphis,21,35,124,61,41,343,4,1,V,2.5,2,-6,-50,-31,-22,-142,-4,2
68,09/01/2007,Missouri,40,33,70,54,37,359,0,2,Illinois,34,34,119,40,23,316,2,3,N,5.5,6,-1,-49,14,14,43,-2,-1
69,09/01/2007,Nebraska,52,70,413,26,15,212,1,0,Nevada-Reno,10,24,77,27,9,108,1,0,H,21,42,46,336,-1,6,104,0,0
70,09/01/2007,Nevada-Reno,10,24,77,27,9,108,1,0,Nebraska,52,70,413,26,15,212,1,0,V,-21,-42,-46,-336,1,-6,-104,0,0
71,09/01/2007,New Mexico,6,50,189,40,25,190,0,0,UTEP,10,25,114,25,8,81,1,0,V,3.5,-4,25,75,15,17,109,-1,0
72,09/01/2007,No Carolina State,23,32,85,38,24,272,2,0,U-C-F,25,43,206,24,12,93,0,0,H,8,-2,-11,-121,14,12,179,2,0
73,09/01/2007,North Carolina,37,34,100,19,14,227,1,1,James Madison,14,44,150,22,14,100,2,1,H, ,23,-10,-50,-3,0,127,-1,0
74,09/01/2007,North Texas,10,31,15,38,19,232,3,0,Oklahoma,79,45,265,28,25,403,0,2,V,-40,-69,-14,-250,10,-6,-171,3,-2
75,09/01/2007,Northern Illinois,3,21,21,42,26,214,3,0,Iowa,16,46,250,29,12,133,0,0,N,-12.5,-13,-25,-229,13,14,81,3,0
76,09/01/2007,Northwestern,27,49,163,31,25,254,0,0,Northeastern,0,24,109,32,19,151,0,0,H, ,27,25,54,-1,6,103,0,0
77,09/01/2007,Notre Dame,3,41,-8,22,15,130,0,3,Georgia Tech,33,43,265,24,11,121,0,0,H,1,-30,-2,-273,-2,4,9,0,3
78,09/01/2007,Ohio,36,46,206,31,17,226,0,1,Gardner-Webb,14,24,68,47,27,265,2,0,H, ,22,22,138,-16,-10,-39,-2,1
79,09/01/2007,Ohio State,38,41,147,31,21,270,0,1,Youngstown State,6,34,85,19,11,91,0,0,H, ,32,7,62,12,10,179,0,1
80,09/01/2007,Oklahoma,79,45,265,28,25,403,0,2,North Texas,10,31,15,38,19,232,3,0,H,40,69,14,250,-10,6,171,-3,2
81,09/01/2007,Oklahoma State,14,34,70,31,17,196,1,0,Georgia,35,47,142,24,18,234,0,0,V,-6.5,-21,-13,-72,7,-1,-38,1,0
82,09/01/2007,Oregon,48,49,339,15,9,134,0,0,Houston,27,49,315,39,22,230,2,2,H,17,21,0,24,-24,-13,-96,-2,-2
83,09/01/2007,Penn State,59,48,236,41,25,313,0,2,Florida Intl,0,31,-3,26,12,117,0,5,H,36.5,59,17,239,15,13,196,0,-3
84,09/01/2007,Pittsburgh,27,42,130,24,16,195,0,0,Eastern Michigan,3,23,39,29,16,106,1,0,H,20.5,24,19,91,-5,0,89,-1,0
85,09/01/2007,Purdue,52,34,244,32,14,244,1,2,Toledo,24,43,172,42,20,154,2,0,V,6,28,-9,72,-10,-6,90,-1,2
86,09/01/2007,Rice,14,39,117,28,11,101,3,2,Nicholls State,16,55,194,7,3,87,0,2,H, ,-2,-16,-77,21,8,14,3,0
87,09/01/2007,San Jose State,3,26,40,23,11,75,2,0,Arizona State,45,53,250,32,23,270,0,1,V,-16.5,-42,-27,-210,-9,-12,-195,2,-1
88,09/01/2007,South Carolina,28,41,195,29,21,238,1,0,UL-Lafayette,14,47,252,19,12,63,0,0,H,29,14,-6,-57,10,9,175,1,0
89,09/01/2007,South Florida,28,33,135,39,23,238,0,2,Elon,13,30,33,55,34,226,1,1,H, ,15,3,102,-16,-11,12,-1,1
90,09/01/2007,Southern Cal,38,43,214,34,22,206,2,1,Idaho,10,32,98,35,16,155,0,1,H,46.5,28,11,116,-1,6,51,2,0
91,09/01/2007,Southern Miss,35,55,310,29,12,122,0,1,Tennessee-Martin,13,24,72,31,18,185,1,0,H, ,22,31,238,-2,-6,-63,-1,1
92,09/01/2007,Stanford,17,26,52,59,27,331,0,1,U.C.L.A.,45,50,338,29,16,286,0,0,H,-16.5,-28,-24,-286,30,11,45,0,1
93,09/01/2007,Tennessee,31,27,111,47,32,271,0,1,California,45,37,230,28,19,241,0,1,V,-7,-14,-10,-119,19,13,30,0,0
94,09/01/2007,Texas,21,38,117,33,22,223,2,0,Arkansas State,13,34,125,37,24,272,1,0,H,39.5,8,4,-8,-4,-2,-49,1,0
95,09/01/2007,Texas A+M,38,35,261,23,11,129,0,1,Montana State,7,37,99,48,26,304,1,1,H, ,31,-2,162,-25,-15,-175,-1,0
96,09/01/2007,Texas Christian,27,45,181,30,18,205,0,2,Baylor,0,25,51,55,26,231,4,0,H,21,27,20,130,-25,-8,-26,-4,2
97,09/01/2007,Toledo,24,43,172,42,20,154,2,0,Purdue,52,34,244,32,14,244,1,2,H,-6,-28,9,-72,10,6,-90,1,-2
98,09/01/2007,Troy,26,31,162,49,17,214,1,0,Arkansas,46,50,350,22,13,157,0,2,V,-23.5,-20,-19,-188,27,4,57,1,-2
99,09/01/2007,U-A-B,18,32,12,39,21,214,1,0,Michigan State,55,48,298,30,22,295,0,0,V,-24,-37,-16,-286,9,-1,-81,1,0
100,09/01/2007,U-C-F,25,43,206,24,12,93,0,0,No Carolina State,23,32,85,38,24,272,2,0,V,-8,2,11,121,-14,-12,-179,-2,0
101,09/01/2007,U.C.L.A.,45,50,338,29,16,286,0,0,Stanford,17,26,52,59,27,331,0,1,V,16.5,28,24,286,-30,-11,-45,0,-1
102,09/01/2007,UL-Lafayette,14,47,252,19,12,63,0,0,South Carolina,28,41,195,29,21,238,1,0,V,-29,-14,6,57,-10,-9,-175,-1,0
103,09/01/2007,UTEP,10,25,114,25,8,81,1,0,New Mexico,6,50,189,40,25,190,0,0,H,-3.5,4,-25,-75,-15,-17,-109,1,0
104,09/01/2007,Vanderbilt,41,35,162,26,19,284,0,1,Richmond,17,35,149,30,18,161,3,0,H, ,24,0,13,-4,1,123,-3,1
105,09/01/2007,Virginia,3,17,7,29,14,103,2,0,Wyoming,23,54,218,34,25,253,1,1,V,3,-20,-37,-211,-5,-11,-150,1,-1
106,09/01/2007,Virginia Tech,17,31,33,33,22,245,1,2,East Carolina,7,35,142,31,16,119,1,0,H,28,10,-4,-109,2,6,126,0,2
107,09/01/2007,Wake Forest,28,24,2,60,45,366,4,0,Boston College,38,27,54,52,32,408,2,1,V,-5.5,-10,-3,-52,8,13,-42,2,-1
108,09/01/2007,Washington State,21,32,157,28,17,171,1,0,Wisconsin,42,46,182,30,20,304,0,1,V,-14.5,-21,-14,-25,-2,-3,-133,1,-1
109,09/01/2007,West Virginia,62,45,316,22,13,226,0,2,Western Michigan,24,32,32,43,26,245,2,1,H,24,38,13,284,-21,-13,-19,-2,1
110,09/01/2007,Western Kentucky,3,32,48,21,15,156,0,0,Florida,49,33,185,21,16,325,0,0,V, ,-46,-1,-137,0,-1,-169,0,0
111,09/01/2007,Western Michigan,24,32,32,43,26,245,2,1,West Virginia,62,45,316,22,13,226,0,2,V,-24,-38,-13,-284,21,13,19,2,-1
112,09/01/2007,Wisconsin,42,46,182,30,20,304,0,1,Washington State,21,32,157,28,17,171,1,0,H,14.5,21,14,25,2,3,133,-1,1
113,09/01/2007,Wyoming,23,54,218,34,25,253,1,1,Virginia,3,17,7,29,14,103,2,0,H,-3,20,37,211,5,11,150,-1,1
114,09/03/2007,Clemson,24,42,132,24,14,160,0,1,Florida State,18,28,114,35,17,142,0,1,H,-3.5,6,14,18,-11,-3,18,0,0
115,09/03/2007,Florida State,18,28,114,35,17,142,0,1,Clemson,24,42,132,24,14,160,0,1,V,3.5,-6,-14,-18,11,3,-18,0,0
116,09/03/2007,S-M-U,9,31,115,34,16,155,2,1,Texas Tech,49,18,80,66,50,473,0,0,H,-9,-40,13,35,-32,-34,-318,2,1
117,09/03/2007,Texas Tech,49,18,80,66,50,473,0,0,S-M-U,9,31,115,34,16,155,2,1,V,9,40,-13,-35,32,34,318,-2,-1
118,09/06/2007,Cincinnati,34,33,30,23,15,199,0,2,Oregon State,3,21,36,54,32,274,6,1,H,-3,31,12,-6,-31,-17,-75,-6,1
119,09/06/2007,Louisville,58,53,328,39,25,401,0,1,Middle Tennessee,42,29,265,26,14,290,2,2,H,41,16,24,63,13,11,111,-2,-1
120,09/06/2007,Middle Tennessee,42,29,265,26,14,290,2,2,Louisville,58,53,328,39,25,401,0,1,V,-41,-16,-24,-63,-13,-11,-111,2,1
121,09/06/2007,Oregon State,3,21,36,54,32,274,6,1,Cincinnati,34,33,30,23,15,199,0,2,V,3,-31,-12,6,31,17,75,6,-1
122,09/07/2007,Navy,24,54,254,12,5,35,3,0,Rutgers,41,43,210,19,14,266,1,0,V,-16.5,-17,11,44,-7,-9,-231,2,0
123,09/07/2007,Rutgers,41,43,210,19,14,266,1,0,Navy,24,54,254,12,5,35,3,0,H,16.5,17,-11,-44,7,9,231,-2,0
124,09/08/2007,Air Force,20,63,334,14,8,56,0,1,Utah,12,33,73,39,20,240,2,0,V,-7.5,8,30,261,-25,-12,-184,-2,1
125,09/08/2007,Akron,2,19,3,32,17,66,0,1,Ohio State,20,41,196,31,20,167,2,3,V,-28,-18,-22,-193,1,-3,-101,-2,-2
126,09/08/2007,Alabama,24,48,221,28,14,150,1,0,Vanderbilt,10,26,57,41,18,175,1,0,V,4,14,22,164,-13,-4,-25,0,0
127,09/08/2007,Arizona,45,33,195,48,26,295,1,0,Northern Arizona,24,28,56,41,22,187,0,0,H, ,21,5,139,7,4,108,1,0
128,09/08/2007,Arizona State,33,44,138,37,19,269,1,2,Colorado,14,27,39,46,16,165,1,1,H,16,19,17,99,-9,3,104,0,1
129,09/08/2007,Army,14,28,46,33,21,230,1,2,Rhode Island,7,60,158,13,11,145,0,2,H, ,7,-32,-112,20,10,85,1,0
130,09/08/2007,Auburn,23,35,125,35,16,165,2,3,South Florida,26,52,135,27,18,184,0,0,H,6.5,-3,-17,-10,8,-2,-19,2,3
131,09/08/2007,Ball State,38,42,153,39,19,306,0,0,Eastern Michigan,16,28,107,26,16,155,1,0,V,3.5,22,14,46,13,3,151,-1,0
132,09/08/2007,Baylor,42,26,98,51,30,423,0,1,Rice,17,38,110,30,23,239,1,0,H,7.5,25,-12,-12,21,7,184,-1,1
133,09/08/2007,Boise State,10,32,103,47,29,285,3,1,Washington,24,40,133,26,14,209,1,1,V,3,-14,-8,-30,21,15,76,2,0
134,09/08/2007,Boston College,37,39,231,34,15,142,1,0,No Carolina State,17,24,56,54,29,351,5,2,H,14,20,15,175,-20,-14,-209,-4,-2
135,09/08/2007,Bowling Green,17,25,47,51,32,295,2,1,Michigan State,28,41,142,29,17,250,2,1,V,-18,-11,-16,-95,22,15,45,0,0
136,09/08/2007,Brigham Young,17,25,44,53,30,391,1,2,U.C.L.A.,27,37,110,28,13,126,1,0,V,-8.5,-10,-12,-66,25,17,265,0,2
137,09/08/2007,Buffalo,42,45,224,22,20,190,1,2,Temple,7,25,-36,27,15,177,2,1,V,-3.5,35,20,260,-5,5,13,-1,1
138,09/08/2007,California,34,31,245,29,19,146,0,0,Colorado State,28,42,157,30,21,301,2,1,V,14,6,-11,88,-1,-2,-155,-2,-1
139,09/08/2007,Central Michigan,52,42,218,32,22,244,0,0,Toledo,31,36,101,42,26,381,0,1,H,3,21,6,117,-10,-4,-137,0,-1
140,09/08/2007,Clemson,49,28,184,34,26,319,0,0,UL-Monroe,26,53,271,30,13,148,0,0,H,25,23,-25,-87,4,13,171,0,0
141,09/08/2007,Colorado,14,27,39,46,16,165,1,1,Arizona State,33,44,138,37,19,269,1,2,V,-16,-19,-17,-99,9,-3,-104,0,-1
142,09/08/2007,Colorado State,28,42,157,30,21,301,2,1,California,34,31,245,29,19,146,0,0,H,-14,-6,11,-88,1,2,155,2,1
143,09/08/2007,Connecticut,38,42,183,29,18,196,1,0,Maine,0,31,64,26,15,88,2,0,H, ,38,11,119,3,3,108,-1,0
144,09/08/2007,Duke,13,34,84,35,15,145,1,0,Virginia,24,34,133,32,22,191,0,2,V,-18,-11,0,-49,3,-7,-46,1,-2
145,09/08/2007,East Carolina,34,33,64,42,31,406,0,0,North Carolina,31,30,79,32,20,344,1,1,H,5.5,3,3,-15,10,11,62,-1,-1
146,09/08/2007,Eastern Michigan,16,28,107,26,16,155,1,0,Ball State,38,42,153,39,19,306,0,0,H,-3.5,-22,-14,-46,-13,-3,-151,1,0
147,09/08/2007,Florida,59,46,264,25,18,236,0,2,Troy,31,26,53,52,29,283,1,1,H,26,28,20,211,-27,-11,-47,-1,1
148,09/08/2007,Florida Atlantic,6,34,28,32,19,175,2,0,Oklahoma State,42,39,233,25,16,255,1,1,V,-24,-36,-5,-205,7,3,-80,1,-1
149,09/08/2007,Florida Intl,10,27,82,23,8,81,2,1,Maryland,26,41,135,25,18,135,0,0,H,-23.5,-16,-14,-53,-2,-10,-54,2,1
150,09/08/2007,Florida State,34,46,188,35,22,332,1,2,U-A-B,24,28,119,36,17,226,0,2,H,37,10,18,69,-1,5,106,1,0
151,09/08/2007,Fresno State,45,48,139,31,21,260,1,2,Texas A+M,47,63,318,24,13,79,0,1,V,-17.5,-2,-15,-179,7,8,181,1,1
152,09/08/2007,Georgia,12,31,128,45,19,213,1,0,South Carolina,16,34,140,31,20,174,0,0,H,3.5,-4,-3,-12,14,-1,39,1,0
153,09/08/2007,Georgia Tech,69,55,389,12,10,109,0,0,Samford,14,28,84,29,15,156,0,2,H, ,55,27,305,-17,-5,-47,0,-2
154,09/08/2007,Hawaii,45,20,45,61,43,548,1,2,Louisiana Tech,44,49,223,36,23,187,-1,0,V,28,1,-29,-178,25,20,361,2,2
155,09/08/2007,Idaho,20,41,235,22,7,101,0,2,Cal-San Luis Obispo,13,51,171,24,10,175,0,4,H, ,7,-10,64,-2,-3,-74,0,-2
156,09/08/2007,Illinois,21,52,277,26,12,123,1,1,Western Illinois,0,34,81,21,11,71,1,0,H, ,21,18,196,5,1,52,0,1
157,09/08/2007,Indiana,37,53,221,40,20,221,1,0,Western Michigan,27,30,30,54,29,354,2,3,V,-1.5,10,23,191,-14,-9,-133,-1,-3
158,09/08/2007,Iowa,35,41,118,37,24,290,2,1,Syracuse,0,30,24,20,7,79,1,0,H,24,35,11,94,17,17,211,1,1
159,09/08/2007,Iowa State,13,36,129,48,29,270,2,2,Northern Iowa,24,41,147,29,23,180,0,0,H, ,-11,-5,-18,19,6,90,2,2
160,09/08/2007,Kansas,62,39,221,24,14,280,0,0,S E Louisiana,0,29,-31,34,22,106,0,0,H, ,62,10,252,-10,-8,174,0,0
161,09/08/2007,Kansas State,34,27,153,36,25,272,2,0,San Jose State,14,31,73,41,28,220,0,0,H,20,20,-4,80,-5,-3,52,2,0
162,09/08/2007,Kent State,20,59,324,29,12,129,2,2,Kentucky,56,39,266,22,15,218,0,0,V,-14,-36,20,58,7,-3,-89,2,2
163,09/08/2007,Kentucky,56,39,266,22,15,218,0,0,Kent State,20,59,324,29,12,129,2,2,H,14,36,-20,-58,-7,3,89,-2,-2
164,09/08/2007,Louisiana State,48,41,297,32,22,301,0,0,Virginia Tech,7,28,71,29,9,78,1,0,H,11.5,41,13,226,3,13,223,-1,0
165,09/08/2007,Louisiana Tech,44,49,223,36,23,187,0,0,Hawaii,45,20,45,61,43,548,1,2,H,-28,-1,29,178,-25,-20,-361,-1,-2
166,09/08/2007,Marshall,23,32,121,32,20,266,0,1,West Virginia,48,52,362,18,13,149,0,0,H,-25.5,-25,-20,-241,14,7,117,0,1
167,09/08/2007,Maryland,26,41,135,25,18,135,0,0,Florida Intl,10,27,82,23,8,81,2,1,V,23.5,16,14,53,2,10,54,-2,-1
168,09/08/2007,Miami-Florida,13,35,52,24,11,87,0,1,Oklahoma,51,45,116,28,22,295,0,2,V,-11,-38,-10,-64,-4,-11,-208,0,-1
169,09/08/2007,Miami-Ohio,35,34,159,54,30,418,2,1,Minnesota,41,53,306,40,26,271,1,1,V,-8.5,-6,-19,-147,14,4,147,1,0
170,09/08/2007,Michigan,7,44,144,40,18,221,2,2,Oregon,39,51,331,26,17,293,0,1,H,7.5,-32,-7,-187,14,1,-72,2,1
171,09/08/2007,Michigan State,28,41,142,29,17,250,2,1,Bowling Green,17,25,47,51,32,295,2,1,H,18,11,16,95,-22,-15,-45,0,0
172,09/08/2007,Minnesota,41,53,306,40,26,271,1,1,Miami-Ohio,35,34,159,54,30,418,2,1,H,8.5,6,19,147,-14,-4,-147,-1,0
173,09/08/2007,Mississippi,25,38,229,41,23,305,1,1,Missouri,38,37,218,43,31,330,0,0,H,-6,-13,1,11,-2,-8,-25,1,1
174,09/08/2007,Mississippi State,38,54,266,31,20,223,1,1,Tulane,17,17,44,29,16,199,1,2,V,6,21,37,222,2,4,24,0,-1
175,09/08/2007,Missouri,38,37,218,43,31,330,0,0,Mississippi,25,38,229,41,23,305,1,1,V,6,13,-1,-11,2,8,25,-1,-1
176,09/08/2007,Nebraska,20,34,115,41,24,258,2,1,Wake Forest,17,53,236,24,12,140,2,0,V,9,3,-19,-121,17,12,118,0,1
177,09/08/2007,Nevada-Las Vegas,13,27,48,36,23,258,1,0,Wisconsin,20,41,210,26,14,138,0,0,H,-25,-7,-14,-162,10,9,120,1,0
178,09/08/2007,Nevada-Reno,31,50,204,36,22,337,1,1,Northwestern,36,26,204,45,20,227,0,0,V,-11,-5,24,0,-9,2,110,1,1
179,09/08/2007,New Mexico,44,40,158,25,18,342,0,1,New Mexico State,34,28,108,64,47,473,2,0,H,7,10,12,50,-39,-29,-131,-2,1
180,09/08/2007,New Mexico State,34,28,108,64,47,473,2,0,New Mexico,44,39,154,25,18,342,0,1,V,-7,-10,-11,-46,39,29,131,2,-1
181,09/08/2007,No Carolina State,17,24,56,54,29,351,5,2,Boston College,37,39,231,34,15,142,1,0,V,-14,-20,-15,-175,20,14,209,4,2
182,09/08/2007,North Carolina,31,30,79,32,20,344,1,1,East Carolina,34,33,64,42,31,406,0,0,V,-5.5,-3,-3,15,-10,-11,-62,1,1
183,09/08/2007,North Texas,31,21,12,64,46,601,3,1,S-M-U,45,32,181,42,30,353,1,1,V,-18.5,-14,-11,-169,22,16,248,2,0
184,09/08/2007,Northern Illinois,31,42,207,27,21,223,3,2,Southern Illinois,34,37,102,33,21,238,0,1,H, ,-3,5,105,-6,0,-15,3,1
185,09/08/2007,Northwestern,36,26,204,45,20,227,0,0,Nevada-Reno,31,50,204,36,22,337,1,1,H,11,5,-24,0,9,-2,-110,-1,-1
186,09/08/2007,Notre Dame,10,26,0,32,17,144,1,0,Penn State,31,46,164,22,12,131,1,2,V,-18,-21,-20,-164,10,5,13,0,-2
187,09/08/2007,Ohio,31,44,152,28,17,264,1,0,UL-Lafayette,23,51,274,28,17,256,0,2,V,1,8,-7,-122,0,0,8,1,-2
188,09/08/2007,Ohio State,20,41,196,31,20,167,2,3,Akron,2,19,3,32,17,66,0,1,H,28,18,22,193,-1,3,101,2,2
189,09/08/2007,Oklahoma,51,45,116,28,22,295,0,2,Miami-Florida,13,35,52,24,11,87,0,1,H,11,38,10,64,4,11,208,0,1
190,09/08/2007,Oklahoma State,42,39,233,25,16,255,1,1,Florida Atlantic,6,34,28,32,19,175,2,0,H,24,36,5,205,-7,-3,80,-1,1
191,09/08/2007,Oregon,39,51,331,26,17,293,0,1,Michigan,7,44,144,40,18,221,2,2,V,-7.5,32,7,187,-14,-1,72,-2,-1
192,09/08/2007,Penn State,31,46,164,22,12,131,1,2,Notre Dame,10,26,0,32,17,144,1,0,H,18,21,20,164,-10,-5,-13,0,2
193,09/08/2007,Pittsburgh,34,35,119,23,15,202,2,1,Grambling,10,31,84,40,19,155,3,0,H, ,24,4,35,-17,-4,47,-1,1
194,09/08/2007,Purdue,52,38,178,51,39,355,0,0,Eastern Illinois,6,22,83,38,19,153,0,1,H, ,46,16,95,13,20,202,0,-1
195,09/08/2007,Rice,17,38,110,30,23,239,1,0,Baylor,42,26,98,51,30,423,0,1,V,-7.5,-25,12,12,-21,-7,-184,1,-1
196,09/08/2007,S-M-U,45,32,181,42,30,353,1,1,North Texas,31,21,12,64,46,601,3,1,H,18.5,14,11,169,-22,-16,-248,-2,0
197,09/08/2007,San Diego State,17,23,114,47,30,285,1,0,Washington State,45,35,185,47,38,469,1,0,N,-13.5,-28,-12,-71,0,-8,-184,0,0
198,09/08/2007,San Jose State,14,31,73,41,28,220,0,0,Kansas State,34,27,153,36,25,272,2,0,V,-20,-20,4,-80,5,3,-52,-2,0
199,09/08/2007,South Carolina,16,34,140,31,20,174,0,0,Georgia,12,31,128,45,19,213,1,0,V,-3.5,4,3,12,-14,1,-39,-1,0
200,09/08/2007,South Florida,26,52,135,27,18,184,0,0,Auburn,23,35,125,35,16,165,2,3,V,-6.5,3,17,10,-8,2,19,-2,-3
201,09/08/2007,Southern Miss,19,32,90,41,21,264,1,2,Tennessee,39,39,193,36,23,276,0,2,V,-11.5,-20,-7,-103,5,-2,-12,1,0
202,09/08/2007,Syracuse,0,30,24,20,7,79,1,0,Iowa,35,41,118,37,24,290,2,1,V,-24,-35,-11,-94,-17,-17,-211,-1,-1
203,09/08/2007,Temple,7,25,-36,27,15,177,2,1,Buffalo,42,45,224,22,20,190,1,2,H,3.5,-35,-20,-260,5,-5,-13,1,-1
204,09/08/2007,Tennessee,39,39,193,36,23,276,0,2,Southern Miss,19,32,90,41,21,264,1,2,H,11.5,20,7,103,-5,2,12,-1,0
205,09/08/2007,Texas,34,36,176,38,25,239,2,0,Texas Christian,13,32,43,37,23,208,1,3,H,7.5,21,4,133,1,2,31,1,-3
206,09/08/2007,Texas A+M,47,63,318,24,13,79,0,1,Fresno State,45,48,139,31,21,260,1,2,H,17.5,2,15,179,-7,-8,-181,-1,-1
207,09/08/2007,Texas Christian,13,32,43,37,23,208,1,3,Texas,34,36,176,38,25,239,2,0,V,-7.5,-21,-4,-133,-1,-2,-31,-1,3
208,09/08/2007,Texas Tech,45,21,77,64,48,484,1,2,UTEP,31,46,215,28,14,216,0,1,H,24.5,14,-25,-138,36,34,268,1,1
209,09/08/2007,Toledo,31,36,101,42,26,381,0,1,Central Michigan,52,42,218,32,22,244,0,0,V,-3,-21,-6,-117,10,4,137,0,1
210,09/08/2007,Troy,31,26,53,52,29,283,1,1,Florida,59,46,264,25,18,236,0,2,V,-26,-28,-20,-211,27,11,47,1,-1
211,09/08/2007,Tulane,17,17,44,29,16,199,1,2,Mississippi State,38,54,266,31,20,223,1,1,H,-6,-21,-37,-222,-2,-4,-24,0,1
212,09/08/2007,U-A-B,24,28,119,36,17,226,0,2,Florida State,34,46,188,35,22,332,1,2,V,-37,-10,-18,-69,1,-5,-106,-1,0
213,09/08/2007,U.C.L.A.,27,37,110,28,13,126,1,0,Brigham Young,17,25,44,53,30,391,1,2,H,8.5,10,12,66,-25,-17,-265,0,-2
214,09/08/2007,UL-Lafayette,23,51,277,28,17,257,0,2,Ohio,31,44,152,28,17,264,1,0,H,-1,-8,7,125,0,0,-7,-1,2
215,09/08/2007,UL-Monroe,26,53,271,30,13,148,0,0,Clemson,49,28,184,34,26,319,0,0,V,-25,-23,25,87,-4,-13,-171,0,0
216,09/08/2007,UTEP,31,46,215,28,14,216,0,1,Texas Tech,45,22,81,64,48,484,1,2,V,-24.5,-14,24,134,-36,-34,-268,-1,-1
217,09/08/2007,Utah,12,33,73,39,20,240,2,0,Air Force,20,63,334,14,8,56,0,1,H,7.5,-8,-30,-261,25,12,184,2,-1
218,09/08/2007,Utah State,18,42,133,25,17,147,0,1,Wyoming,32,42,189,32,19,180,2,0,V,-25,-14,0,-56,-7,-2,-33,-2,1
219,09/08/2007,Vanderbilt,10,26,57,41,18,175,1,0,Alabama,24,48,221,28,14,150,1,0,H,-4,-14,-22,-164,13,4,25,0,0
220,09/08/2007,Virginia Tech,7,28,71,29,9,78,1,0,Louisiana State,48,41,297,32,22,301,0,0,V,-11.5,-41,-13,-226,-3,-13,-223,1,0
221,09/08/2007,Wake Forest,17,53,236,24,12,140,2,0,Nebraska,20,34,115,41,24,258,2,1,H,-9,-3,19,121,-17,-12,-118,0,-1
222,09/08/2007,Washington,24,40,133,26,14,209,1,1,Boise State,10,32,103,47,29,285,3,1,H,-3,14,8,30,-21,-15,-76,-2,0
223,09/08/2007,Washington State,45,35,185,47,38,469,1,0,San Diego State,17,23,114,47,30,285,1,0,N,13.5,28,12,71,0,8,184,0,0
224,09/08/2007,West Virginia,48,52,362,18,13,149,0,0,Marshall,23,32,121,32,20,266,0,1,V,25.5,25,20,241,-14,-7,-117,0,-1
225,09/08/2007,Western Kentucky,87,53,331,12,7,100,1,0,West Virginia Tech,0,34,-27,13,5,42,3,4,H, ,87,19,358,-1,2,58,-2,-4
226,09/08/2007,Western Michigan,27,30,30,54,29,354,2,3,Indiana,37,53,221,40,20,221,1,0,H,1.5,-10,-23,-191,14,9,133,1,3
227,09/08/2007,Wisconsin,20,41,210,26,14,138,0,0,Nevada-Las Vegas,13,27,48,36,23,258,1,0,V,25,7,14,162,-10,-9,-120,-1,0
228,09/08/2007,Wyoming,32,-12,-29,-2,-6,-73,1,-1,Utah State,18,25,126,-4,3,44,-2,1,H,25,14,-37,-155,2,-9,-117,3,-2
229,09/13/2007,Air Force,20,42,146,28,17,193,1,0,Texas Christian,17,32,89,45,29,320,2,1,H,-8.5,3,10,57,-17,-12,-127,-1,-1
230,09/13/2007,Maryland,14,39,89,24,16,180,2,1,West Virginia,31,48,353,13,8,95,0,2,H,-16,-17,-9,-264,11,8,85,2,-1
231,09/13/2007,Texas Christian,17,32,89,45,29,320,2,1,Air Force,20,42,146,28,17,193,1,0,V,8.5,-3,-10,-57,17,12,127,1,1
232,09/13/2007,West Virginia,31,47,353,13,8,95,0,2,Maryland,14,39,89,24,16,180,2,1,V,16,17,8,264,-11,-8,-85,-2,1
233,09/14/2007,Oklahoma State,23,38,241,37,18,191,2,3,Troy,41,48,174,49,34,388,1,1,V,10,-18,-10,67,-12,-16,-197,1,2
234,09/14/2007,Troy,41,48,174,49,34,388,1,1,Oklahoma State,23,38,241,37,18,191,2,3,H,-10,18,10,-67,12,16,197,-1,-2
235,09/15/2007,Akron,24,41,120,27,19,250,1,1,Indiana,41,49,338,24,19,137,1,0,V,-13.5,-17,-8,-218,3,0,113,0,1
236,09/15/2007,Alabama,41,34,123,45,24,327,2,1,Arkansas,38,53,301,25,12,149,1,2,H,3,3,-19,-178,20,12,178,1,-1
237,09/15/2007,Arizona,27,21,38,53,30,446,1,2,New Mexico,29,39,94,42,29,327,1,1,H,9.5,-2,-18,-56,11,1,119,0,1
238,09/15/2007,Arizona State,34,40,268,22,16,211,1,0,San Diego State,13,30,136,39,23,187,1,0,H,29,21,10,132,-17,-7,24,0,0
239,09/15/2007,Arkansas,38,53,301,25,12,149,1,2,Alabama,41,34,123,45,24,327,2,1,V,-3,-3,19,178,-20,-12,-178,-1,1
240,09/15/2007,Arkansas State,45,50,250,34,22,266,1,0,S-M-U,28,23,96,40,21,251,2,1,H,3.5,17,27,154,-6,1,15,-1,-1
241,09/15/2007,Army,10,38,91,34,14,165,2,1,Wake Forest,21,45,164,12,9,49,0,3,V,-19.5,-11,-7,-73,22,5,116,2,-2
242,09/15/2007,Auburn,14,46,216,22,12,107,3,2,Mississippi State,19,43,172,18,5,41,0,1,H,12.5,-5,3,44,4,7,66,3,1
243,09/15/2007,Ball State,34,42,262,33,19,277,1,0,Navy,31,65,521,8,4,64,0,2,V,-7,3,-23,-259,25,15,213,1,-2
244,09/15/2007,Baylor,34,19,28,50,30,411,2,0,Texas State,27,34,84,56,31,334,0,1,H, ,7,-15,-56,-6,-1,77,2,-1
245,09/15/2007,Boise State,24,50,121,30,15,182,0,1,Wyoming,14,24,35,48,26,227,1,0,H,12,10,26,86,-18,-11,-45,-1,1
246,09/15/2007,Boston College,24,33,92,44,30,435,0,1,Georgia Tech,10,28,63,39,20,204,0,0,V,-7,14,5,29,5,10,231,0,1
247,09/15/2007,Brigham Young,47,36,157,58,34,537,2,2,Tulsa,55,33,105,37,22,490,1,0,V,7,-8,3,52,21,12,47,1,2
248,09/15/2007,Buffalo,24,35,56,41,29,339,1,1,Penn State,45,39,191,27,20,202,0,2,V,-33,-21,-4,-135,14,9,137,1,-1
249,09/15/2007,California,42,36,217,36,22,230,1,0,Louisiana Tech,12,38,121,33,19,153,2,1,H,33.5,30,-2,96,3,3,77,-1,-1
250,09/15/2007,Central Michigan,22,33,101,56,35,364,1,2,Purdue,45,37,223,40,29,360,1,4,V,-21.5,-23,-4,-122,16,6,4,0,-2
251,09/15/2007,Cincinnati,47,42,141,37,26,297,0,0,Miami-Ohio,10,24,56,54,27,267,3,1,V,7,37,18,85,-17,-1,30,-3,-1
252,09/15/2007,Clemson,38,33,60,22,18,317,0,2,Furman,10,36,142,43,28,242,3,2,H, ,28,-3,-82,-21,-10,75,-3,0
253,09/15/2007,Colorado,6,24,-34,55,35,313,2,0,Florida State,16,37,95,18,8,126,0,0,H,-4.5,-10,-13,-129,37,27,187,2,0
254,09/15/2007,Connecticut,22,49,156,29,19,222,0,1,Temple,17,39,189,19,9,143,1,1,H,31.5,5,10,-33,10,10,79,-1,0
255,09/15/2007,Duke,20,32,63,23,19,246,0,1,Northwestern,14,34,138,51,30,368,2,0,V,-16.5,6,-2,-75,-28,-11,-122,-2,1
256,09/15/2007,East Carolina,21,37,97,35,20,203,1,0,Southern Miss,28,43,146,28,18,237,1,2,H,-2,-7,-6,-49,7,2,-34,0,-2
257,09/15/2007,Eastern Michigan,21,41,189,24,16,189,0,0,Northern Illinois,19,36,184,28,20,160,1,0,V,-12.5,2,5,5,-4,-4,29,-1,0
258,09/15/2007,Florida,59,46,255,19,14,299,1,0,Tennessee,20,21,37,46,28,261,2,1,H,7,39,25,218,-27,-14,38,-1,-1
259,09/15/2007,Florida Atlantic,42,41,117,44,27,463,0,0,Minnesota,39,28,135,47,31,335,4,3,H,-6.5,3,13,-18,-3,-4,128,-4,-3
260,09/15/2007,Florida Intl,9,37,159,14,6,105,2,0,Miami-Florida,23,40,204,19,10,224,2,1,V,-32.5,-14,-3,-45,-5,-4,-119,0,-1
261,09/15/2007,Florida State,16,37,95,18,8,126,0,0,Colorado,6,25,-27,54,34,306,2,0,V,4.5,10,12,122,-36,-26,-180,-2,0
262,09/15/2007,Fresno State,21,36,60,35,21,267,1,1,Oregon,52,47,307,23,15,154,0,1,V,-16.5,-31,-11,-247,12,6,113,1,0
263,09/15/2007,Georgia,45,34,140,26,17,222,0,1,Western Carolina,16,33,63,24,16,138,0,0,H, ,29,1,77,2,1,84,0,1
264,09/15/2007,Georgia Tech,10,28,57,39,20,204,0,0,Boston College,24,33,92,44,30,435,0,1,H,7,-14,-5,-35,-5,-10,-231,0,-1
265,09/15/2007,Hawaii,49,29,96,39,29,396,0,0,Nevada-Las Vegas,14,30,143,44,22,206,2,0,V,17,35,-1,-47,-5,7,190,-2,0
266,09/15/2007,Houston,34,35,201,34,24,304,2,1,Tulane,10,29,85,43,18,228,2,0,V,14.5,24,6,116,-9,6,76,0,1
267,09/15/2007,Idaho,28,38,120,35,17,205,4,1,Washington State,45,39,138,36,26,307,1,2,V,-24.5,-17,-1,-18,-1,-9,-102,3,-1
268,09/15/2007,Illinois,41,51,378,20,15,130,0,0,Syracuse,20,34,63,29,19,223,0,0,V,11,21,17,315,-9,-4,-93,0,0
269,09/15/2007,Indiana,41,49,338,24,19,137,1,0,Akron,24,41,120,27,19,250,1,1,H,13.5,17,8,218,-3,0,-113,0,-1
270,09/15/2007,Iowa,13,34,115,23,12,118,0,0,Iowa State,15,39,143,29,21,157,0,1,V,17.5,-2,-5,-28,-6,-9,-39,0,-1
271,09/15/2007,Iowa State,15,39,143,29,21,157,0,1,Iowa,13,34,115,23,12,118,0,0,H,-17.5,2,5,28,6,9,39,0,1
272,09/15/2007,Kansas,45,46,232,39,18,325,0,3,Toledo,13,37,174,27,14,77,3,1,H,27,32,9,58,12,4,248,-3,2
273,09/15/2007,Kansas State,61,38,221,42,29,325,0,1,Missouri State,10,40,69,23,12,122,0,1,H, ,51,-2,152,19,17,203,0,0
274,09/15/2007,Kent State,38,36,201,33,18,267,1,2,Delaware State,7,41,117,21,11,74,1,0,H, ,31,-5,84,12,7,193,0,2
275,09/15/2007,Kentucky,40,35,185,46,30,275,0,0,Louisville,34,27,101,43,28,366,1,1,H,-5,6,8,84,3,2,-91,-1,-1
276,09/15/2007,Louisiana State,44,40,198,28,21,307,1,1,Middle Tennessee,0,37,9,15,8,81,0,1,H,41,44,3,189,13,13,226,1,0
277,09/15/2007,Louisiana Tech,12,38,121,33,19,153,2,1,California,42,36,217,36,22,230,1,0,V,-33.5,-30,2,-96,-3,-3,-77,1,1
278,09/15/2007,Louisville,34,27,101,43,28,366,1,1,Kentucky,40,35,185,46,30,275,0,0,V,5,-6,-8,-84,-3,-2,91,1,1
279,09/15/2007,Marshall,35,23,87,58,38,475,1,0,New Hampshire,48,48,213,33,23,289,0,1,H, ,-13,-25,-126,25,15,186,1,-1
280,09/15/2007,Memphis,35,35,184,27,17,301,1,1,Jacksonville St,14,45,164,43,24,228,1,1,H, ,21,-10,20,-16,-7,73,0,0
281,09/15/2007,Miami-Florida,23,40,204,19,10,224,2,1,Florida Intl,9,37,159,14,6,105,2,0,H,32.5,14,3,45,5,4,119,0,1
282,09/15/2007,Miami-Ohio,10,24,56,54,27,267,3,1,Cincinnati,47,42,141,37,26,297,0,0,H,-7,-37,-18,-85,17,1,-30,3,1
283,09/15/2007,Michigan,38,61,289,16,7,90,0,2,Notre Dame,0,33,-6,22,13,85,2,2,H,9.5,38,28,295,-6,-6,5,-2,0
284,09/15/2007,Michigan State,17,51,144,28,14,183,0,0,Pittsburgh,13,38,207,20,9,85,2,1,H,11.5,4,13,-63,8,5,98,-2,-1
285,09/15/2007,Middle Tennessee,0,37,9,15,8,81,0,1,Louisiana State,44,40,198,28,21,307,1,1,V,-41,-44,-3,-189,-13,-13,-226,-1,0
286,09/15/2007,Minnesota,39,28,135,47,31,335,4,3,Florida Atlantic,42,41,117,44,27,463,0,0,V,6.5,-3,-13,18,3,4,-128,4,3
287,09/15/2007,Mississippi,17,32,54,22,11,208,1,0,Vanderbilt,31,49,183,26,18,200,0,1,V,-7,-14,-17,-129,-4,-7,8,1,-1
288,09/15/2007,Mississippi State,19,43,172,18,5,41,0,1,Auburn,14,46,216,22,12,107,3,2,V,-12.5,5,-3,-44,-4,-7,-66,-3,-1
289,09/15/2007,Missouri,52,36,272,51,30,347,2,0,Western Michigan,24,38,132,43,30,240,2,1,H,20,28,-2,140,8,0,107,0,-1
290,09/15/2007,Navy,31,65,521,8,4,64,0,2,Ball State,34,42,262,33,19,277,1,0,H,7,-3,23,259,-25,-15,-213,-1,2
291,09/15/2007,Nebraska,31,28,31,54,36,389,2,0,Southern Cal,49,38,313,30,19,144,0,1,H,-9.5,-18,-10,-282,24,17,245,2,-1
292,09/15/2007,Nevada-Las Vegas,14,30,143,44,22,206,1,0,Hawaii,49,29,96,39,29,396,0,0,H,-17,-35,1,47,5,-7,-190,1,0
293,09/15/2007,Nevada-Reno,52,51,333,26,12,248,3,0,Nicholls State,17,58,211,1,0,0,0,1,H, ,35,-7,122,25,12,248,3,-1
294,09/15/2007,New Mexico,29,39,94,41,28,327,1,1,Arizona,27,21,38,53,30,446,1,2,V,-9.5,2,18,56,-12,-2,-119,0,-1
295,09/15/2007,New Mexico State,29,32,113,48,36,434,1,1,UTEP,24,29,79,27,15,266,1,1,H,5,5,3,34,21,21,168,0,0
296,09/15/2007,No Carolina State,38,45,217,32,16,113,0,1,Wofford,17,57,211,23,11,142,0,3,H, ,21,-12,6,9,5,-29,0,-2
297,09/15/2007,North Carolina,20,23,60,38,25,339,1,2,Virginia,22,51,197,27,18,153,0,0,H,3,-2,-28,-137,11,7,186,1,2
298,09/15/2007,Northern Illinois,19,36,184,28,20,160,1,0,Eastern Michigan,21,41,189,24,16,189,0,0,H,12.5,-2,-5,-5,4,4,-29,1,0
299,09/15/2007,Northwestern,14,34,138,51,30,368,2,0,Duke,20,32,63,23,19,246,0,1,H,16.5,-6,2,75,28,11,122,2,-1
300,09/15/2007,Notre Dame,0,33,-6,22,13,85,2,2,Michigan,38,61,283,16,7,90,0,2,V,-9.5,-38,-28,-289,6,6,-5,2,0
301,09/15/2007,Ohio,7,36,38,20,10,76,0,0,Virginia Tech,28,40,181,33,20,292,0,2,V,-22.5,-21,-4,-143,-13,-10,-216,0,-2
302,09/15/2007,Ohio State,33,46,263,25,14,218,0,0,Washington,14,34,142,37,18,204,3,1,V,3,19,12,121,-12,-4,14,-3,-1
303,09/15/2007,Oklahoma,54,39,343,33,21,274,1,1,Utah State,3,34,66,24,15,87,2,2,H,47,51,5,277,9,6,187,-1,-1
304,09/15/2007,Oregon,52,47,307,23,15,154,0,1,Fresno State,21,36,60,35,21,267,1,1,H,16.5,31,11,247,-12,-6,-113,-1,0
305,09/15/2007,Oregon State,61,40,175,42,29,432,0,1,Idaho State,10,28,35,40,24,300,4,0,H, ,51,12,140,2,5,132,-4,1
306,09/15/2007,Penn State,45,39,191,27,20,202,0,2,Buffalo,24,35,56,41,29,339,1,1,H,33,21,4,135,-14,-9,-137,-1,1
307,09/15/2007,Pittsburgh,13,38,207,20,9,85,2,1,Michigan State,17,51,144,28,14,183,0,0,V,-11.5,-4,-13,63,-8,-5,-98,2,1
308,09/15/2007,Purdue,45,37,223,40,29,360,1,4,Central Michigan,22,33,101,56,35,364,1,2,H,21.5,23,4,122,-16,-6,-4,0,2
309,09/15/2007,Rice,24,42,99,38,20,212,1,2,Texas Tech,59,27,111,48,34,481,1,1,H,-28,-35,15,-12,-10,-14,-269,0,1
310,09/15/2007,Rutgers,59,38,240,18,10,297,0,0,Norfolk State,0,37,10,29,13,112,1,0,H, ,59,1,230,-11,-3,185,-1,0
311,09/15/2007,S-M-U,28,23,96,40,21,251,2,1,Arkansas State,45,50,250,34,22,266,1,0,V,-3.5,-17,-27,-154,6,-1,-15,1,1
312,09/15/2007,San Diego State,13,31,143,38,22,180,1,0,Arizona State,34,40,268,22,16,211,1,0,V,-29,-21,-9,-125,16,6,-31,0,0
313,09/15/2007,San Jose State,0,25,32,28,13,131,1,0,Stanford,37,48,276,30,19,230,1,0,V,-7,-37,-23,-244,-2,-6,-99,0,0
314,09/15/2007,South Carolina,38,37,223,29,17,185,4,2,So Carolina State,3,47,196,21,10,68,3,1,H, ,35,-10,27,8,7,117,1,1
315,09/15/2007,Southern Cal,49,38,313,30,19,144,0,1,Nebraska,31,28,31,54,36,389,2,0,V,9.5,18,10,282,-24,-17,-245,-2,1
316,09/15/2007,Southern Miss,28,43,146,28,18,237,1,2,East Carolina,21,37,97,35,20,203,1,0,V,2,7,6,49,-7,-2,34,0,2
317,09/15/2007,Stanford,37,48,276,30,19,245,1,0,San Jose State,0,25,32,28,13,131,1,0,H,7,37,23,244,2,6,114,0,0
318,09/15/2007,Syracuse,20,34,63,29,19,223,0,0,Illinois,41,51,378,20,15,130,0,0,H,-11,-21,-17,-315,9,4,93,0,0
319,09/15/2007,Temple,17,39,189,19,9,143,1,1,Connecticut,22,49,156,29,19,222,0,1,V,-31.5,-5,-10,33,-10,-10,-79,1,0
320,09/15/2007,Tennessee,20,21,37,46,28,261,2,1,Florida,59,46,255,19,14,299,1,0,V,-7,-39,-25,-218,27,14,-38,1,1
321,09/15/2007,Texas,35,43,229,47,32,259,1,2,U-C-F,32,41,192,26,9,134,1,2,V,16.5,3,2,37,21,23,125,0,0
322,09/15/2007,Texas A+M,54,42,310,35,19,237,1,0,UL-Monroe,14,44,215,27,15,133,2,0,H,22,40,-2,95,8,4,104,-1,0
323,09/15/2007,Texas Tech,59,27,111,48,34,481,1,1,Rice,24,42,99,38,20,212,1,2,V,28,35,-15,12,10,14,269,0,-1
324,09/15/2007,Toledo,13,37,174,27,14,77,3,1,Kansas,45,46,232,39,18,325,0,3,V,-27,-32,-9,-58,-12,-4,-248,3,-2
325,09/15/2007,Tulane,10,29,85,43,18,228,2,0,Houston,34,35,201,34,24,304,2,1,H,-14.5,-24,-6,-116,9,-6,-76,0,-1
326,09/15/2007,Tulsa,55,33,105,37,22,490,1,0,Brigham Young,47,36,157,58,34,537,2,2,H,-7,8,-3,-52,-21,-12,-47,-1,-2
327,09/15/2007,U-A-B,22,45,211,22,9,121,1,0,Alcorn State,0,29,96,26,14,137,2,0,H, ,22,16,115,-4,-5,-16,-1,0
328,09/15/2007,U-C-F,32,41,192,26,9,134,1,2,Texas,35,43,229,47,32,259,1,2,H,-16.5,-3,-2,-37,-21,-23,-125,0,0
329,09/15/2007,U.C.L.A.,6,31,83,40,20,290,3,2,Utah,44,37,122,33,19,279,0,1,V,15.5,-38,-6,-39,7,1,11,3,1
330,09/15/2007,UL-Lafayette,17,46,156,24,11,162,4,1,McNeese State,38,49,276,21,12,151,2,1,H, ,-21,-3,-120,3,-1,11,2,0
331,09/15/2007,UL-Monroe,14,44,215,27,15,133,2,0,Texas A+M,54,42,310,35,19,237,1,0,V,-22,-40,2,-95,-8,-4,-104,1,0
332,09/15/2007,UTEP,24,29,79,28,16,266,1,1,New Mexico State,29,32,113,48,36,434,1,1,V,-5,-5,-3,-34,-20,-20,-168,0,0
333,09/15/2007,Utah,44,37,122,33,19,264,0,1,U.C.L.A.,6,31,83,40,20,290,3,2,H,-15.5,38,6,39,-7,-1,-26,-3,-1
334,09/15/2007,Utah State,3,34,66,24,15,87,2,2,Oklahoma,54,39,343,33,21,274,1,1,V,-47,-51,-5,-277,-9,-6,-187,1,1
335,09/15/2007,Vanderbilt,31,49,183,26,18,200,0,1,Mississippi,17,32,54,22,11,208,1,0,H,7,14,17,129,4,7,-8,-1,1
336,09/15/2007,Virginia,22,69,194,56,32,256,2,0,North Carolina,20,78,259,72,50,592,2,3,V,-3,2,-9,-65,-16,-18,-336,0,-3
337,09/15/2007,Virginia Tech,28,40,181,33,20,292,0,2,Ohio,7,36,38,20,10,76,0,0,H,22.5,21,4,143,13,10,216,0,2
338,09/15/2007,Wake Forest,21,45,164,12,9,49,0,3,Army,10,38,91,34,14,165,2,1,H,19.5,11,7,73,-22,-5,-116,-2,2
339,09/15/2007,Washington,14,34,142,37,18,204,3,1,Ohio State,33,46,263,25,14,218,0,0,H,-3,-19,-12,-121,12,4,-14,3,1
340,09/15/2007,Washington State,45,39,138,36,26,307,1,2,Idaho,28,38,120,35,17,205,4,1,H,24.5,17,1,18,1,9,102,-3,1
341,09/15/2007,Western Kentucky,26,48,136,41,25,286,1,2,Eastern Kentucky,6,36,132,24,13,83,1,0,H, ,20,12,4,17,12,203,0,2
342,09/15/2007,Western Michigan,24,38,132,43,30,240,2,1,Missouri,52,36,272,51,30,347,2,0,V,-20,-28,2,-140,-8,0,-107,0,1
343,09/15/2007,Wisconsin,45,46,253,21,15,210,0,1,The Citadel,31,36,123,35,23,254,1,0,H, ,14,10,130,-14,-8,-44,-1,1
344,09/15/2007,Wyoming,14,79,234,82,51,480,2,1,Boise State,24,68,118,59,29,285,2,1,V,-12,-10,11,116,23,22,195,0,0
345,09/20/2007,Miami-Florida,34,40,127,26,21,275,0,3,Texas A+M,17,33,98,22,12,142,1,2,H,1.5,17,7,29,4,9,133,-1,1
346,09/20/2007,Middle Tennessee,17,37,119,24,14,169,0,0,Western Kentucky,20,49,234,15,9,112,1,2,H, ,-3,-12,-115,9,5,57,-1,-2
347,09/20/2007,Texas A+M,17,33,98,22,12,142,1,2,Miami-Florida,34,40,127,26,21,275,0,3,V,-1.5,-17,-7,-29,-4,-9,-133,1,-1
348,09/20/2007,Western Kentucky,20,49,234,15,9,112,1,2,Middle Tennessee,17,37,119,24,14,169,0,0,V, ,3,12,115,-9,-5,-57,1,2
349,09/21/2007,Oklahoma,62,46,285,23,17,268,1,0,Tulsa,21,36,44,37,23,354,2,0,V,23.5,41,10,241,-14,-6,-86,-1,0
350,09/21/2007,Tulsa,21,36,44,37,23,354,2,0,Oklahoma,62,46,285,23,17,268,1,0,H,-23.5,-41,-10,-241,14,6,86,1,0
351,09/22/2007,Air Force,6,32,133,21,10,98,1,0,Brigham Young,31,44,159,33,23,293,1,1,V,-14.5,-25,-12,-26,-12,-13,-195,0,-1
352,09/22/2007,Akron,27,50,133,23,9,112,1,1,Kent State,20,49,220,21,8,155,2,2,H,-2.5,7,1,-87,2,1,-43,-1,-1
353,09/22/2007,Alabama,23,35,164,35,17,185,0,1,Georgia,26,40,153,36,19,224,2,0,H,3.5,-3,-5,11,-1,-2,-39,-2,1
354,09/22/2007,Arizona,27,20,21,62,42,309,2,2,California,45,38,186,30,16,235,1,1,V,-14,-18,-18,-165,32,26,74,1,1
355,09/22/2007,Arizona State,44,36,35,36,25,361,1,1,Oregon State,32,32,190,48,28,324,5,1,H,11,12,4,-155,-12,-3,37,-4,0
356,09/22/2007,Arkansas,29,51,338,28,13,157,2,1,Kentucky,42,36,170,39,21,265,0,3,H,7.5,-13,15,168,-11,-8,-108,2,-2
357,09/22/2007,Arkansas State,27,31,178,36,18,199,2,1,Tennessee,48,38,174,40,28,335,1,0,V,-19.5,-21,-7,4,-4,-10,-136,1,1
358,09/22/2007,Army,17,29,44,33,16,215,1,1,Boston College,37,37,202,53,36,371,2,1,V,-27,-20,-8,-158,-20,-20,-156,-1,0
359,09/22/2007,Auburn,55,47,229,24,14,193,0,1,New Mexico State,20,35,120,46,30,259,3,3,H,16,35,12,109,-22,-16,-66,-3,-2
360,09/22/2007,Ball State,40,36,188,43,26,422,1,1,Nebraska,41,36,114,37,29,438,1,2,V,-24,-1,0,74,6,-3,-16,0,-1
361,09/22/2007,Baylor,34,42,229,46,22,172,1,1,Buffalo,21,27,87,46,29,276,3,2,V,2.5,13,15,142,0,-7,-104,-2,-1
362,09/22/2007,Boston College,37,37,202,53,36,371,2,1,Army,17,29,44,33,16,215,1,1,H,27,20,8,158,20,20,156,1,0
363,09/22/2007,Bowling Green,48,27,96,47,30,351,2,1,Temple,35,43,102,41,27,299,0,3,H,21.5,13,-16,-6,6,3,52,2,-2
364,09/22/2007,Brigham Young,31,44,159,33,23,293,1,1,Air Force,6,32,133,21,10,98,1,0,H,14.5,25,12,26,12,13,195,0,1
365,09/22/2007,Buffalo,21,27,87,46,29,276,3,2,Baylor,34,42,229,45,21,172,1,1,H,-2.5,-13,-15,-142,1,8,104,2,1
366,09/22/2007,California,45,38,186,30,16,235,1,1,Arizona,27,20,21,62,42,309,2,2,H,14,18,18,165,-32,-26,-74,-1,-1
367,09/22/2007,Central Michigan,14,26,91,48,28,220,2,1,North Dakota St,44,45,175,31,25,261,0,0,H, ,-30,-19,-84,17,3,-41,2,1
368,09/22/2007,Cincinnati,40,39,217,27,20,219,0,0,Marshall,14,35,80,32,21,257,1,1,H,24,26,4,137,-5,-1,-38,-1,-1
369,09/22/2007,Clemson,42,50,340,39,25,268,0,0,No Carolina State,20,23,55,34,19,147,3,0,V,7,22,27,285,5,6,121,-3,0
370,09/22/2007,Colorado,42,63,359,30,19,275,2,1,Miami-Ohio,0,17,44,32,11,95,0,0,H,13,42,46,315,-2,8,180,2,1
371,09/22/2007,Colorado State,27,39,115,26,16,227,1,1,Houston,38,44,153,31,22,247,1,1,V,-7,-11,-5,-38,-5,-6,-20,0,0
372,09/22/2007,Connecticut,34,46,115,25,12,174,0,1,Pittsburgh,14,23,72,51,31,277,4,2,V,-8.5,20,23,43,-26,-19,-103,-4,-1
373,09/22/2007,Duke,43,26,78,36,23,428,1,1,Navy,46,69,304,21,13,236,1,0,V,-14,-3,-43,-226,15,10,192,0,1
374,09/22/2007,East Carolina,7,33,106,18,9,54,1,0,West Virginia,48,54,397,25,22,202,0,0,V,-24,-41,-21,-291,-7,-13,-148,1,0
375,09/22/2007,Eastern Michigan,38,34,115,21,14,214,0,0,Howard,15,45,257,35,21,177,2,2,H, ,23,-11,-142,-14,-7,37,-2,-2
376,09/22/2007,Florida,30,45,246,34,20,261,0,0,Mississippi,24,21,80,32,19,310,1,0,V,24.5,6,24,166,2,1,-49,-1,0
377,09/22/2007,Florida Atlantic,30,28,84,45,21,322,0,0,North Texas,20,27,165,61,38,301,3,0,V,7,10,1,-81,-16,-17,21,-3,0
378,09/22/2007,Florida Intl,3,36,122,36,16,133,2,3,Kansas,55,36,224,39,25,391,1,2,V,-36,-52,0,-102,-3,-9,-258,1,1
379,09/22/2007,Georgia,26,40,153,36,19,224,2,0,Alabama,23,35,164,35,17,185,0,1,V,-3.5,3,5,-11,1,2,39,2,-1
380,09/22/2007,Georgia Tech,23,31,121,40,17,230,1,1,Virginia,28,42,121,35,20,233,1,2,V,3.5,-5,-11,0,5,-3,-3,0,-1
381,09/22/2007,Hawaii,66,26,147,45,28,363,2,1,Charleston Southern,10,40,72,41,19,239,3,1,H, ,56,-14,75,4,9,124,-1,0
382,09/22/2007,Houston,38,44,153,31,22,247,1,1,Colorado State,27,39,115,26,16,227,1,1,H,7,11,5,38,5,6,20,0,0
383,09/22/2007,Idaho,35,41,163,54,27,423,3,1,Northern Illinois,42,45,176,17,10,168,1,1,H,2.5,-7,-4,-13,37,17,255,2,0
384,09/22/2007,Illinois,27,55,288,28,13,98,2,1,Indiana,14,35,134,52,26,263,1,3,V,1.5,13,20,154,-24,-13,-165,1,-2
385,09/22/2007,Indiana,14,35,134,52,26,263,1,3,Illinois,27,55,288,28,13,98,2,1,H,-1.5,-13,-20,-154,24,13,165,-1,2
386,09/22/2007,Iowa,13,26,59,37,17,169,0,0,Wisconsin,17,49,166,23,12,138,1,2,V,-7.5,-4,-23,-107,14,5,31,-1,-2
387,09/22/2007,Iowa State,35,52,146,33,24,251,1,2,Toledo,36,30,98,27,19,199,1,0,V,3,-1,22,48,6,5,52,0,2
388,09/22/2007,Kansas,55,36,224,40,26,391,1,2,Florida Intl,3,36,122,36,16,133,2,3,H,36,52,0,102,4,10,258,-1,-1
389,09/22/2007,Kent State,20,49,220,21,8,155,2,2,Akron,27,50,133,23,9,112,1,1,V,2.5,-7,-1,87,-2,-1,43,1,1
390,09/22/2007,Kentucky,42,36,170,39,21,265,0,3,Arkansas,29,51,338,28,13,157,2,1,V,-7.5,13,-15,-168,11,8,108,-2,2
391,09/22/2007,Louisiana State,28,50,290,20,8,70,1,0,South Carolina,16,27,17,42,19,244,2,1,H,17.5,12,23,273,-22,-11,-174,-1,-1
392,09/22/2007,Louisville,35,28,73,65,45,555,2,2,Syracuse,38,35,42,26,17,423,0,2,H,37.5,-3,-7,31,39,28,132,2,0
393,09/22/2007,Marshall,14,35,80,32,21,257,1,1,Cincinnati,40,39,217,27,20,219,0,0,V,-24,-26,-4,-137,5,1,38,1,1
394,09/22/2007,Maryland,24,57,200,20,11,115,1,2,Wake Forest,31,41,178,35,22,219,3,1,V,-4,-7,16,22,-15,-11,-104,-2,1
395,09/22/2007,Memphis,20,36,130,33,16,173,0,0,U-C-F,56,59,313,21,17,288,0,3,V,-7,-36,-23,-183,12,-1,-115,0,-3
396,09/22/2007,Miami-Ohio,0,17,44,32,11,95,0,0,Colorado,42,63,359,30,19,275,2,1,V,-13,-42,-46,-315,2,-8,-180,-2,-1
397,09/22/2007,Michigan,14,56,166,30,16,170,1,1,Penn State,9,29,101,31,15,169,0,2,H,-3,5,27,65,-1,1,1,1,-1
398,09/22/2007,Michigan State,31,49,219,24,11,135,1,1,Notre Dame,14,35,117,20,11,86,0,1,V,10.5,17,14,102,4,0,49,1,0
399,09/22/2007,Minnesota,31,37,232,44,23,237,1,3,Purdue,45,33,166,48,33,338,1,0,H,-14,-14,4,66,-4,-10,-101,0,3
400,09/22/2007,Mississippi,24,21,80,32,19,310,1,0,Florida,30,45,246,34,20,261,0,0,H,-24.5,-6,-24,-166,-2,-1,49,1,0
401,09/22/2007,Mississippi State,31,40,213,19,12,166,1,1,Gardner-Webb,15,35,131,37,21,203,1,1,H, ,16,5,82,-18,-9,-37,0,0
402,09/22/2007,Missouri,38,35,240,40,24,341,3,0,Illinois State,17,41,155,37,22,242,1,0,H, ,21,-6,85,3,2,99,2,0
403,09/22/2007,Navy,46,69,304,21,13,236,1,0,Duke,43,26,78,36,23,428,1,1,H,14,3,43,226,-15,-10,-192,0,-1
404,09/22/2007,Nebraska,41,36,114,37,29,438,1,2,Ball State,40,36,188,43,26,422,1,1,H,24,1,0,-74,-6,3,16,0,1
405,09/22/2007,Nevada-Las Vegas,27,46,196,27,12,144,2,1,Utah,0,32,105,40,23,195,1,3,H,-8,27,14,91,-13,-11,-51,1,-2
406,09/22/2007,New Mexico,58,44,232,32,25,267,0,0,Sacramento State,0,30,77,15,5,27,2,1,H, ,58,14,155,17,20,240,-2,-1
407,09/22/2007,New Mexico State,20,35,120,46,30,259,3,3,Auburn,55,47,229,24,14,193,0,1,V,-16,-35,-12,-109,22,16,66,3,2
408,09/22/2007,No Carolina State,20,23,55,34,19,147,3,0,Clemson,42,50,340,39,25,268,0,0,H,-7,-22,-27,-285,-5,-6,-121,3,0
409,09/22/2007,North Carolina,10,35,79,27,11,85,4,0,South Florida,37,52,194,33,18,234,0,3,V,-13,-27,-17,-115,-6,-7,-149,4,-3
410,09/22/2007,North Texas,20,27,165,61,38,301,3,0,Florida Atlantic,30,28,84,45,21,322,0,0,H,-7,-10,-1,81,16,17,-21,3,0
411,09/22/2007,Northern Illinois,42,45,176,17,10,168,1,1,Idaho,35,41,163,54,27,423,3,1,V,-2.5,7,4,13,-37,-17,-255,-2,0
412,09/22/2007,Northwestern,7,33,0,33,17,120,2,1,Ohio State,58,42,191,20,14,205,1,1,V,-23.5,-51,-9,-191,13,3,-85,1,0
413,09/22/2007,Notre Dame,14,35,117,20,11,86,0,1,Michigan State,31,49,219,24,11,135,1,1,H,-10.5,-17,-14,-102,-4,0,-49,-1,0
414,09/22/2007,Ohio,33,33,37,30,15,255,2,2,Wyoming,34,47,267,37,26,174,5,2,H,-4,-1,-14,-230,-7,-11,81,-3,0
415,09/22/2007,Ohio State,58,42,191,20,14,205,1,1,Northwestern,7,33,0,33,17,120,2,1,H,23.5,51,9,191,-13,-3,85,-1,0
416,09/22/2007,Oklahoma State,49,61,366,33,17,244,1,0,Texas Tech,45,21,72,67,46,646,0,2,H,-5.5,4,40,294,-34,-29,-402,1,-2
417,09/22/2007,Oregon,55,46,222,37,27,367,0,3,Stanford,31,32,140,44,25,262,1,1,V,18.5,24,14,82,-7,2,105,-1,2
418,09/22/2007,Oregon State,32,32,190,48,28,324,5,1,Arizona State,44,36,35,36,25,361,1,1,V,-11,-12,-4,155,12,3,-37,4,0
419,09/22/2007,Penn State,9,29,101,31,15,169,0,2,Michigan,14,56,166,30,16,170,1,1,V,3,-5,-27,-65,1,-1,-1,-1,1
420,09/22/2007,Pittsburgh,14,23,72,51,31,277,4,2,Connecticut,34,46,115,25,12,174,0,1,H,8.5,-20,-23,-43,26,19,103,4,1
421,09/22/2007,Purdue,45,33,166,48,33,338,1,0,Minnesota,31,37,232,44,23,237,1,3,V,14,14,-4,-66,4,10,101,0,-3
422,09/22/2007,Rice,14,30,-11,38,23,279,2,0,Texas,58,40,227,31,20,333,0,1,V,-38.5,-44,-10,-238,7,3,-54,2,-1
423,09/22/2007,S-M-U,7,48,135,34,19,203,1,1,Texas Christian,21,34,142,26,11,108,0,2,V,-23.5,-14,14,-7,8,8,95,1,-1
424,09/22/2007,San Diego State,52,33,122,34,22,474,0,0,Portland State,17,18,13,61,42,445,3,1,H, ,35,15,109,-27,-20,29,-3,-1
425,09/22/2007,San Jose State,23,32,98,48,35,426,2,0,Utah State,20,39,175,21,11,78,2,0,V,-2.5,3,-7,-77,27,24,348,0,0
426,09/22/2007,South Carolina,16,27,17,42,19,244,2,1,Louisiana State,28,50,290,20,8,70,1,0,V,-17.5,-12,-23,-273,22,11,174,1,1
427,09/22/2007,South Florida,37,52,194,33,18,234,0,3,North Carolina,10,35,79,27,11,85,4,0,H,13,27,17,115,6,7,149,-4,3
428,09/22/2007,Southern Cal,47,35,207,38,30,302,2,0,Washington State,14,27,64,43,21,183,1,0,H,25,33,8,143,-5,9,119,1,0
429,09/22/2007,Stanford,31,32,140,44,25,262,1,1,Oregon,55,46,222,37,27,367,0,3,H,-18.5,-24,-14,-82,7,-2,-105,1,-2
430,09/22/2007,Syracuse,38,35,42,26,17,423,0,2,Louisville,35,28,73,65,45,555,2,2,V,-37.5,3,7,-31,-39,-28,-132,-2,0
431,09/22/2007,Temple,35,43,102,41,27,299,0,3,Bowling Green,48,27,96,47,30,351,2,1,V,-21.5,-13,16,6,-6,-3,-52,-2,2
432,09/22/2007,Tennessee,48,37,188,40,28,335,1,0,Arkansas State,27,31,178,36,18,199,2,1,H,19.5,21,6,10,4,10,136,-1,-1
433,09/22/2007,Texas,58,40,227,31,20,333,0,1,Rice,14,30,-11,38,23,279,2,0,H,38.5,44,10,238,-7,-3,54,-2,1
434,09/22/2007,Texas Christian,21,34,142,26,11,108,0,2,S-M-U,7,47,149,34,19,203,1,1,H,23.5,14,-13,-7,-8,-8,-95,-1,1
435,09/22/2007,Texas Tech,45,21,72,67,46,646,0,2,Oklahoma State,49,61,366,33,17,244,1,0,V,5.5,-4,-40,-294,34,29,402,-1,2
436,09/22/2007,Toledo,36,30,98,27,19,199,1,0,Iowa State,35,52,146,34,25,251,1,2,H,-3,1,-22,-48,-7,-6,-52,0,-2
437,09/22/2007,Troy,48,43,271,43,30,297,1,2,UL-Lafayette,31,46,345,41,21,159,2,0,V,9,17,-3,-74,2,9,138,-1,2
438,09/22/2007,Tulane,35,43,300,30,12,110,2,2,S E Louisiana,27,29,63,48,31,278,0,2,H, ,8,14,237,-18,-19,-168,2,0
439,09/22/2007,U-C-F,56,59,313,21,17,288,0,3,Memphis,20,36,130,33,16,173,0,0,H,7,36,23,183,-12,1,115,0,3
440,09/22/2007,U.C.L.A.,44,51,333,33,18,204,1,1,Washington,31,32,124,37,17,216,2,0,H,6,13,19,209,-4,1,-12,-1,1
441,09/22/2007,UL-Lafayette,31,46,345,41,21,159,2,0,Troy,48,43,271,43,30,297,1,2,H,-9,-17,3,74,-2,-9,-138,1,-2
442,09/22/2007,UTEP,52,36,206,30,15,243,0,1,Texas Southern,12,27,95,43,21,189,4,1,H, ,40,9,111,-13,-6,54,-4,0
443,09/22/2007,Utah,0,32,105,40,23,195,1,3,Nevada-Las Vegas,27,46,196,27,12,144,2,1,V,8,-27,-14,-91,13,11,51,-1,2
444,09/22/2007,Utah State,20,39,175,21,11,78,2,0,San Jose State,23,32,98,48,35,426,2,0,H,2.5,-3,7,77,-27,-24,-348,0,0
445,09/22/2007,Virginia,28,42,121,35,20,233,1,2,Georgia Tech,23,31,121,40,17,230,1,1,H,-3.5,5,11,0,-5,3,3,0,1
446,09/22/2007,Virginia Tech,44,38,133,27,15,154,0,0,William + Mary,3,28,5,46,19,257,3,0,H, ,41,10,128,-19,-4,-103,-3,0
447,09/22/2007,Wake Forest,31,41,178,35,22,219,3,1,Maryland,24,57,200,20,11,115,1,2,H,4,7,-16,-22,15,11,104,2,-1
448,09/22/2007,Washington,31,32,124,37,17,216,2,0,U.C.L.A.,44,51,333,33,18,204,1,1,V,-6,-13,-19,-209,4,-1,12,1,-1
449,09/22/2007,Washington State,14,27,64,43,21,183,1,0,Southern Cal,47,35,207,38,30,302,2,0,V,-25,-33,-8,-143,5,-9,-119,-1,0
450,09/22/2007,West Virginia,48,54,397,25,22,202,0,0,East Carolina,7,33,106,18,9,54,1,0,H,24,41,21,291,7,13,148,-1,0
451,09/22/2007,Western Michigan,51,36,184,34,24,205,1,0,Central Conn State,14,55,196,8,3,27,1,4,H, ,37,-19,-12,26,21,178,0,-4
452,09/22/2007,Wisconsin,17,49,166,23,12,138,1,2,Iowa,13,26,59,37,17,169,0,0,H,7.5,4,23,107,-14,-5,-31,1,2
453,09/22/2007,Wyoming,34,47,267,37,26,174,5,2,Ohio,33,33,37,30,15,255,2,2,V,4,1,14,230,7,11,-81,3,0
454,09/27/2007,Arkansas State,35,39,134,37,16,255,0,2,Memphis,31,45,177,25,12,218,0,0,H,6,4,-6,-43,12,4,37,0,2
455,09/27/2007,Boise State,38,41,199,28,19,307,1,1,Southern Miss,16,36,116,31,16,202,0,1,H,10.5,22,5,83,-3,3,105,1,0
456,09/27/2007,Memphis,31,45,177,25,12,218,0,0,Arkansas State,35,39,134,37,16,255,0,2,V,-6,-4,6,43,-12,-4,-37,0,-2
457,09/27/2007,Southern Miss,16,36,116,31,16,202,0,1,Boise State,38,41,199,28,19,307,1,1,V,-10.5,-22,-5,-83,3,-3,-105,-1,0
458,09/28/2007,South Florida,21,38,139,20,11,135,2,2,West Virginia,13,48,188,38,23,249,3,3,H,-7,8,-10,-49,-18,-12,-114,-1,-1
459,09/28/2007,West Virginia,13,48,188,38,23,249,3,3,South Florida,21,38,139,20,11,135,2,2,V,7,-8,10,49,18,12,114,1,1
460,09/29/2007,Air Force,20,52,237,23,18,237,0,1,Navy,31,56,302,7,4,79,0,0,V,-2.5,-11,-4,-65,16,14,158,0,1
461,09/29/2007,Akron,10,38,106,31,19,145,1,0,Connecticut,44,42,262,26,17,203,1,0,V,-15.5,-34,-4,-156,5,2,-58,0,0
462,09/29/2007,Alabama,14,27,89,53,28,240,0,1,Florida State,21,35,82,30,19,266,1,0,N,-2.5,-7,-8,7,23,9,-26,-1,1
463,09/29/2007,Arizona,48,45,221,31,22,346,0,1,Washington State,20,25,71,58,35,347,2,0,H,3,28,20,150,-27,-13,-1,-2,1
464,09/29/2007,Arizona State,41,41,174,28,21,266,1,0,Stanford,3,26,-2,35,20,237,1,2,V,14,38,15,176,-7,1,29,0,-2
465,09/29/2007,Arkansas,66,55,446,25,15,267,0,2,North Texas,7,35,140,41,15,189,2,0,H,35,59,20,306,-16,0,78,-2,2
466,09/29/2007,Army,37,39,154,26,11,175,1,2,Temple,21,40,104,43,24,359,2,3,H,6.5,16,-1,50,-17,-13,-184,-1,-1
467,09/29/2007,Auburn,20,44,99,26,17,227,0,1,Florida,17,28,111,27,20,201,1,1,V,-18,3,16,-12,-1,-3,26,-1,0
468,09/29/2007,Ball State,49,48,274,30,21,233,0,0,Buffalo,14,27,83,19,14,136,1,1,H,13.5,35,21,191,11,7,97,-1,-1
469,09/29/2007,Baylor,10,16,60,36,12,194,2,1,Texas A+M,34,65,352,29,16,200,1,0,V,-16.5,-24,-49,-292,7,-4,-6,1,1
470,09/29/2007,Boston College,24,37,119,42,24,204,0,0,Massachusetts,14,30,69,32,17,208,0,0,H, ,10,7,50,10,7,-4,0,0
471,09/29/2007,Bowling Green,41,32,124,50,35,301,0,0,Western Kentucky,21,46,311,23,14,102,4,1,H, ,20,-14,-187,27,21,199,-4,-1
472,09/29/2007,Brigham Young,31,43,112,40,18,251,1,1,New Mexico,24,36,115,38,20,231,2,3,V,3.5,7,7,-3,2,-2,20,-1,-2
473,09/29/2007,Buffalo,14,27,83,19,14,136,1,1,Ball State,49,48,274,30,21,233,0,0,V,-13.5,-35,-21,-191,-11,-7,-97,1,1
474,09/29/2007,California,31,33,115,43,28,285,0,0,Oregon,24,39,191,44,31,306,2,2,V,-7,7,-6,-76,-1,-3,-21,-2,-2
475,09/29/2007,Central Michigan,35,38,177,28,19,204,0,1,Northern Illinois,10,39,203,49,24,318,4,2,H,3.5,25,-1,-26,-21,-5,-114,-4,-1
476,09/29/2007,Cincinnati,52,50,263,32,21,284,3,0,San Diego State,23,24,65,33,24,312,1,1,V,14,29,26,198,-1,-3,-28,2,-1
477,09/29/2007,Clemson,3,32,34,39,17,194,1,1,Georgia Tech,13,46,189,16,7,67,1,1,V,3,-10,-14,-155,23,10,127,0,0
478,09/29/2007,Colorado,27,46,161,36,22,220,2,0,Oklahoma,24,27,118,19,8,112,2,1,H,-23.5,3,19,43,17,14,108,0,-1
479,09/29/2007,Colorado State,12,28,55,39,21,216,3,0,Texas Christian,24,48,201,32,16,197,0,2,V,-9.5,-12,-20,-146,7,5,19,3,-2
480,09/29/2007,Connecticut,44,42,262,26,17,203,1,0,Akron,10,38,106,31,19,145,1,0,H,15.5,34,4,156,-5,-2,58,0,0
481,09/29/2007,Duke,14,37,61,27,18,241,0,2,Miami-Florida,24,37,185,25,20,245,2,0,V,-24,-10,0,-124,2,-2,-4,-2,2
482,09/29/2007,East Carolina,37,40,173,26,11,156,1,1,Houston,35,46,139,41,30,345,2,1,V,-13.5,2,-6,34,-15,-19,-189,-1,0
483,09/29/2007,Eastern Michigan,7,30,62,26,13,111,5,1,Vanderbilt,30,44,173,28,14,168,4,0,V,-22,-23,-14,-111,-2,-1,-57,1,1
484,09/29/2007,Florida,17,28,111,27,20,201,1,1,Auburn,20,44,99,26,17,227,0,1,H,18,-3,-16,12,1,3,-26,1,0
485,09/29/2007,Florida Atlantic,17,35,123,28,15,184,2,1,Kentucky,45,40,209,35,27,305,1,1,V,-24.5,-28,-5,-86,-7,-12,-121,1,0
486,09/29/2007,Florida Intl,6,28,72,35,13,73,2,2,Middle Tennessee,47,45,147,25,12,258,0,3,V,-9.5,-41,-17,-75,10,1,-185,2,-1
487,09/29/2007,Florida State,21,35,82,30,19,266,1,0,Alabama,14,27,89,53,28,240,0,1,N,2.5,7,8,-7,-23,-9,26,1,-1
488,09/29/2007,Fresno State,17,43,170,22,8,92,1,0,Louisiana Tech,6,38,100,49,23,182,0,0,H,12,11,5,70,-27,-15,-90,1,0
489,09/29/2007,Georgia,45,45,328,22,13,144,0,0,Mississippi,17,33,158,35,24,228,1,1,H,14.5,28,12,170,-13,-11,-84,-1,-1
490,09/29/2007,Georgia Tech,13,46,189,16,7,67,1,1,Clemson,3,32,34,39,17,194,1,1,H,-3,10,14,155,-23,-10,-127,0,0
491,09/29/2007,Hawaii,48,25,91,51,32,394,5,1,Idaho,20,34,90,41,19,213,5,0,V,24.5,28,-9,1,10,13,181,0,1
492,09/29/2007,Houston,35,46,139,41,30,345,2,1,East Carolina,37,40,173,26,11,156,1,1,H,13.5,-2,6,-34,15,19,189,1,0
493,09/29/2007,Idaho,20,34,90,41,19,213,5,0,Hawaii,48,25,103,51,32,394,5,1,H,-24.5,-28,9,-13,-10,-13,-181,0,-1
494,09/29/2007,Illinois,27,38,216,27,11,120,2,0,Penn State,20,36,129,38,21,298,3,1,H,-3,7,2,87,-11,-10,-178,-1,-1
495,09/29/2007,Indiana,38,35,73,26,19,322,1,1,Iowa,20,37,120,42,24,308,1,1,V,-10,18,-2,-47,-16,-5,14,0,0
496,09/29/2007,Iowa,20,37,120,42,24,308,1,1,Indiana,38,35,73,26,19,322,1,1,H,10,-18,2,47,16,5,-14,0,0
497,09/29/2007,Iowa State,17,51,134,51,26,281,3,1,Nebraska,35,30,130,29,19,239,1,2,V,-21.5,-18,21,4,22,7,42,2,-1
498,09/29/2007,Kansas State,41,35,95,38,22,177,0,0,Texas,21,32,113,43,20,217,4,0,V,-15,20,3,-18,-5,2,-40,-4,0
499,09/29/2007,Kent State,33,50,233,25,12,169,0,0,Ohio,25,30,88,40,22,271,2,0,V,2,8,20,145,-15,-10,-102,-2,0
500,09/29/2007,Kentucky,45,40,209,35,27,305,1,1,Florida Atlantic,17,35,123,28,15,184,2,1,H,24.5,28,5,86,7,12,121,-1,0
501,09/29/2007,Louisiana State,34,38,134,32,17,257,1,0,Tulane,9,33,88,32,12,139,1,2,V,41.5,25,5,46,0,5,118,0,-2
502,09/29/2007,Louisiana Tech,6,38,100,49,23,182,0,0,Fresno State,17,43,170,22,8,92,1,0,V,-12,-11,-5,-70,27,15,90,-1,0
503,09/29/2007,Louisville,29,47,247,35,20,251,1,0,No Carolina State,10,24,85,39,24,249,2,3,V,9,19,23,162,-4,-4,2,-1,-3
504,09/29/2007,Maryland,34,59,239,28,18,219,0,0,Rutgers,24,23,82,44,25,310,1,2,V,-17.5,10,36,157,-16,-7,-91,-1,-2
505,09/29/2007,Miami-Florida,24,37,185,25,20,245,2,0,Duke,14,37,61,27,18,241,0,2,H,24,10,0,124,-2,2,4,2,-2
506,09/29/2007,Miami-Ohio,17,50,286,26,13,150,3,0,Syracuse,14,26,66,36,17,236,0,1,H,-2,3,24,220,-10,-4,-86,3,-1
507,09/29/2007,Michigan,28,38,120,38,23,260,0,0,Northwestern,16,34,128,42,22,289,3,2,V,16.5,12,4,-8,-4,1,-29,-3,-2
508,09/29/2007,Michigan State,34,37,241,36,22,323,0,1,Wisconsin,37,52,214,25,17,247,2,0,V,-7,-3,-15,27,11,5,76,-2,1
509,09/29/2007,Middle Tennessee,47,45,147,25,12,258,0,3,Florida Intl,6,28,72,35,13,73,2,2,H,9.5,41,17,75,-10,-1,185,-2,1
510,09/29/2007,Minnesota,7,29,45,44,27,232,2,0,Ohio State,30,47,250,29,18,209,0,1,H,-24.5,-23,-18,-205,15,9,23,2,-1
511,09/29/2007,Mississippi,17,33,158,35,24,228,1,1,Georgia,45,45,328,22,13,144,0,0,V,-14.5,-28,-12,-170,13,11,84,1,1
512,09/29/2007,Mississippi State,21,41,142,27,12,118,1,0,South Carolina,38,35,123,37,19,279,1,0,V,-14,-17,6,19,-10,-7,-161,0,0
513,09/29/2007,Navy,31,56,302,7,4,79,0,0,Air Force,20,52,237,23,18,237,0,1,H,2.5,11,4,65,-16,-14,-158,0,-1
514,09/29/2007,Nebraska,35,30,130,29,19,239,1,2,Iowa State,17,51,134,51,26,281,3,1,H,21.5,18,-21,-4,-22,-7,-42,-2,1
515,09/29/2007,Nevada-Las Vegas,20,39,205,40,18,249,1,0,Nevada-Reno,27,35,128,38,20,330,1,0,V,-4,-7,4,77,2,-2,-81,0,0
516,09/29/2007,Nevada-Reno,27,35,128,38,20,330,1,0,Nevada-Las Vegas,20,39,205,40,18,249,1,0,H,4,7,-4,-77,-2,2,81,0,0
517,09/29/2007,New Mexico,24,35,105,39,21,241,2,3,Brigham Young,31,43,112,40,18,251,1,1,H,-3.5,-7,-8,-7,-1,3,-10,1,2
518,09/29/2007,New Mexico State,20,31,118,43,32,249,1,1,Arkansas-Pine Bluff,17,31,63,35,16,234,1,0,H, ,3,0,55,8,16,15,0,1
519,09/29/2007,No Carolina State,10,24,85,39,24,249,2,3,Louisville,29,47,247,35,20,251,1,0,H,-9,-19,-23,-162,4,4,-2,1,3
520,09/29/2007,North Carolina,10,45,124,25,16,182,1,1,Virginia Tech,17,36,165,20,11,76,1,0,V,-19.5,-7,9,-41,5,5,106,0,1
521,09/29/2007,North Texas,7,35,140,41,15,189,2,0,Arkansas,66,55,446,25,15,267,0,2,V,-35,-59,-20,-306,16,0,-78,2,-2
522,09/29/2007,Northern Illinois,10,39,215,49,24,318,4,2,Central Michigan,35,38,177,28,19,204,0,1,V,-3.5,-25,1,38,21,5,114,4,1
523,09/29/2007,Northwestern,16,34,128,42,22,289,3,2,Michigan,28,38,120,38,23,260,0,0,H,-16.5,-12,-4,8,4,-1,29,3,2
524,09/29/2007,Notre Dame,19,26,49,52,34,377,2,1,Purdue,33,42,119,37,22,252,2,0,V,-21.5,-14,-16,-70,15,12,125,0,1
525,09/29/2007,Ohio,25,31,91,40,22,291,2,0,Kent State,33,50,235,25,12,169,0,0,H,-2,-8,-19,-144,15,10,122,2,0
526,09/29/2007,Ohio State,30,47,250,29,18,209,0,1,Minnesota,7,29,45,44,27,232,2,0,V,24.5,23,18,205,-15,-9,-23,-2,1
527,09/29/2007,Oklahoma,24,27,118,19,8,112,2,1,Colorado,27,46,161,36,22,220,2,0,V,23.5,-3,-19,-43,-17,-14,-108,0,1
528,09/29/2007,Oklahoma State,39,48,297,30,20,287,2,1,Sam Houston State,3,29,85,50,22,270,1,0,H, ,36,19,212,-20,-2,17,1,1
529,09/29/2007,Oregon,24,39,191,44,31,306,2,2,California,31,33,115,43,28,285,0,0,H,7,-7,6,76,1,3,21,2,2
530,09/29/2007,Oregon State,14,38,102,35,22,146,2,3,U.C.L.A.,40,50,133,25,14,220,1,2,H,3,-26,-12,-31,10,8,-74,1,1
531,09/29/2007,Penn State,20,36,129,38,21,298,3,1,Illinois,27,38,216,27,11,120,2,0,V,3,-7,-2,-87,11,10,178,1,1
532,09/29/2007,Pittsburgh,14,34,107,31,18,181,1,1,Virginia,44,42,173,31,16,169,0,1,V,-7,-30,-8,-66,0,2,12,1,0
533,09/29/2007,Purdue,33,42,119,37,22,252,2,0,Notre Dame,19,26,49,52,34,377,2,1,H,21.5,14,16,70,-15,-12,-125,0,-1
534,09/29/2007,Rutgers,24,23,82,44,25,310,1,2,Maryland,34,59,239,28,18,219,0,0,H,17.5,-10,-36,-157,16,7,91,1,2
535,09/29/2007,S-M-U,45,45,257,29,15,259,1,1,UTEP,48,52,308,36,18,250,2,0,H,1.5,-3,-7,-51,-7,-3,9,-1,1
536,09/29/2007,San Diego State,23,24,65,33,24,312,1,1,Cincinnati,52,50,263,32,21,284,3,0,H,-14,-29,-26,-198,1,3,28,-2,1
537,09/29/2007,San Jose State,34,26,15,34,25,330,0,0,UC-Davis,14,29,91,45,27,195,4,0,H, ,20,-3,-76,-11,-2,135,-4,0
538,09/29/2007,South Carolina,38,35,123,37,19,279,1,0,Mississippi State,21,42,140,27,12,118,1,0,H,14,17,-7,-17,10,7,161,0,0
539,09/29/2007,Southern Cal,27,38,214,38,21,246,2,1,Washington,24,33,100,28,13,90,1,1,V,19,3,5,114,10,8,156,1,0
540,09/29/2007,Stanford,3,26,-2,35,20,237,1,2,Arizona State,41,41,174,28,21,266,1,0,H,-14,-38,-15,-176,7,-1,-29,0,2
541,09/29/2007,Syracuse,14,26,66,36,17,236,0,1,Miami-Ohio,17,50,286,26,13,150,3,0,V,2,-3,-24,-220,10,4,86,-3,1
542,09/29/2007,Temple,21,40,104,43,24,359,2,3,Army,37,39,154,26,11,175,1,2,V,-6.5,-16,1,-50,17,13,184,1,1
543,09/29/2007,Texas,21,32,113,43,20,217,4,0,Kansas State,41,35,95,38,22,177,0,0,H,15,-20,-3,18,5,-2,40,4,0
544,09/29/2007,Texas A+M,34,65,352,29,16,200,1,0,Baylor,10,16,60,36,12,194,2,1,H,16.5,24,49,292,-7,4,6,-1,-1
545,09/29/2007,Texas Christian,24,48,201,32,16,197,0,2,Colorado State,12,28,55,39,21,216,3,0,H,9.5,12,20,146,-7,-5,-19,-3,2
546,09/29/2007,Texas Tech,75,25,94,52,35,534,0,1,Northwestern St(LA),7,36,15,20,8,103,1,0,H, ,68,-11,79,32,27,431,-1,1
547,09/29/2007,Toledo,28,36,224,23,9,158,1,1,Western Michigan,42,58,261,29,21,229,1,1,H,1,-14,-22,-37,-6,-12,-71,0,0
548,09/29/2007,Troy,24,26,101,49,29,288,2,0,UL-Monroe,7,40,189,26,18,114,1,2,H,11.5,17,-14,-88,23,11,174,1,-2
549,09/29/2007,Tulane,9,33,88,32,12,139,1,2,Louisiana State,34,38,134,32,17,257,1,0,H,-41.5,-25,-5,-46,0,-5,-118,0,2
550,09/29/2007,Tulsa,38,49,362,37,19,333,2,1,U-A-B,30,36,161,46,22,242,1,1,H,24.5,8,13,201,-9,-3,91,1,0
551,09/29/2007,U-A-B,30,36,161,46,22,242,1,1,Tulsa,38,49,362,37,19,333,2,1,V,-24.5,-8,-13,-201,9,3,-91,-1,0
552,09/29/2007,U-C-F,37,50,300,24,13,166,0,2,UL-Lafayette,19,39,160,29,14,154,0,0,H,22.5,18,11,140,-5,-1,12,0,2
553,09/29/2007,U.C.L.A.,40,50,133,25,14,220,1,2,Oregon State,14,38,102,35,22,146,2,3,V,-3,26,12,31,-10,-8,74,-1,-1
554,09/29/2007,UL-Lafayette,19,39,160,29,14,154,0,0,U-C-F,37,50,300,24,13,166,0,2,V,-22.5,-18,-11,-140,5,1,-12,0,-2
555,09/29/2007,UL-Monroe,7,40,189,26,18,114,1,2,Troy,24,26,101,49,29,288,2,0,V,-11.5,-17,14,88,-23,-11,-174,-1,2
556,09/29/2007,UTEP,48,52,308,36,18,250,2,0,S-M-U,45,45,257,29,15,259,1,1,V,-1.5,3,7,51,7,3,-9,1,-1
557,09/29/2007,Utah,34,36,144,29,18,181,2,0,Utah State,18,46,136,24,17,139,0,1,H,21.5,16,-10,8,5,1,42,2,-1
558,09/29/2007,Utah State,18,46,136,24,17,139,0,1,Utah,34,36,144,29,18,181,2,0,V,-21.5,-16,10,-8,-5,-1,-42,-2,1
559,09/29/2007,Vanderbilt,30,44,173,28,14,168,4,0,Eastern Michigan,7,30,62,26,13,111,5,1,H,22,23,14,111,2,1,57,-1,-1
560,09/29/2007,Virginia,44,42,173,31,16,169,0,1,Pittsburgh,14,34,107,31,18,181,1,1,H,7,30,8,66,0,-2,-12,-1,0
561,09/29/2007,Virginia Tech,17,36,165,20,11,76,1,0,North Carolina,10,45,124,25,16,182,1,1,H,19.5,7,-9,41,-5,-5,-106,0,-1
562,09/29/2007,Washington,24,33,100,28,13,90,1,1,Southern Cal,27,39,224,37,20,236,2,1,H,-19,-3,-6,-124,-9,-7,-146,-1,0
563,09/29/2007,Washington State,20,25,71,58,35,347,2,0,Arizona,48,44,211,32,23,356,0,1,V,-3,-28,-19,-140,26,12,-9,2,-1
564,09/29/2007,Western Kentucky,21,46,311,23,14,102,4,1,Bowling Green,41,32,124,50,35,301,0,0,V, ,-20,14,187,-27,-21,-199,4,1
565,09/29/2007,Western Michigan,42,58,261,29,21,229,1,1,Toledo,28,36,224,23,9,158,1,1,V,-1,14,22,37,6,12,71,0,0
566,09/29/2007,Wisconsin,37,52,214,25,17,247,2,0,Michigan State,34,37,241,36,22,323,0,1,H,7,3,15,-27,-11,-5,-76,2,-1
567,10/02/2007,Marshall,21,34,185,32,23,220,1,1,Memphis,24,35,99,46,30,346,0,0,V,-3,-3,-1,86,-14,-7,-126,1,1
568,10/02/2007,Memphis,24,35,99,46,30,346,0,0,Marshall,21,34,185,32,23,220,1,1,H,3,3,1,-86,14,7,126,-1,-1
569,10/03/2007,Rice,31,41,169,21,9,67,1,1,Southern Miss,29,37,189,45,25,233,4,3,V,-20.5,2,4,-20,-24,-16,-166,-3,-2
570,10/03/2007,Southern Miss,29,37,189,45,25,233,4,3,Rice,31,41,169,21,9,67,1,1,H,20.5,-2,-4,20,24,16,166,3,2
571,10/04/2007,Kentucky,23,38,157,40,23,227,1,3,South Carolina,38,36,86,30,17,256,0,1,V,-3.5,-15,2,71,10,6,-29,1,2
572,10/04/2007,South Carolina,38,36,86,30,17,256,0,1,Kentucky,23,38,157,40,23,227,1,3,H,3.5,15,-2,-71,-10,-6,29,-1,-2
573,10/05/2007,Louisville,35,16,26,58,39,467,0,0,Utah,44,49,260,33,25,322,0,1,H,14.5,-9,-33,-234,25,14,145,0,-1
574,10/05/2007,Utah,44,49,260,33,25,322,0,1,Louisville,35,16,26,58,39,467,0,0,V,-14.5,9,33,234,-25,-14,-145,0,1
575,10/06/2007,Air Force,31,42,309,14,9,123,0,2,Nevada-Las Vegas,14,47,184,39,24,287,0,1,H,5.5,17,-5,125,-25,-15,-164,0,1
576,10/06/2007,Akron,39,31,112,41,23,389,1,2,Western Michigan,38,44,116,40,27,375,0,2,V,-9.5,1,-13,-4,1,-4,14,1,0
577,10/06/2007,Alabama,30,46,190,27,15,157,1,0,Houston,24,38,143,38,21,261,2,1,H,11,6,8,47,-11,-6,-104,-1,-1
578,10/06/2007,Arizona,16,27,9,38,18,222,3,0,Oregon State,31,41,187,35,20,164,2,0,V,-3,-15,-14,-178,3,-2,58,1,0
579,10/06/2007,Arizona State,23,45,79,27,19,217,2,0,Washington State,20,25,82,51,27,369,1,0,V,9.5,3,20,-3,-24,-8,-152,1,0
580,10/06/2007,Arkansas,34,53,257,22,13,116,1,2,Chattanooga,15,41,161,22,4,11,1,0,H, ,19,12,96,0,9,105,0,2
581,10/06/2007,Arkansas State,13,28,170,35,14,206,2,1,UL-Monroe,30,52,235,23,15,195,0,0,V,2.5,-17,-24,-65,12,-1,11,2,1
582,10/06/2007,Army,20,37,47,29,21,193,0,0,Tulane,17,45,247,25,16,154,0,1,H,5.5,3,-8,-200,4,5,39,0,-1
583,10/06/2007,Auburn,35,39,239,18,14,165,1,0,Vanderbilt,7,38,133,31,12,88,1,0,H,7,28,1,106,-13,2,77,0,0
584,10/06/2007,Ball State,38,39,141,38,18,228,0,1,Central Michigan,58,45,298,38,30,360,1,0,H,13,-20,-6,-157,0,-12,-132,-1,1
585,10/06/2007,Baylor,23,18,55,60,36,410,2,1,Colorado,43,42,157,27,17,293,1,1,H,-8.5,-20,-24,-102,33,19,117,1,0
586,10/06/2007,Boston College,55,35,146,34,25,325,0,1,Bowling Green,24,23,64,58,37,401,6,0,H,19,31,12,82,-24,-12,-76,-6,1
587,10/06/2007,Bowling Green,24,23,64,58,37,401,6,0,Boston College,55,35,146,34,25,325,0,1,V,-19,-31,-12,-82,24,12,76,6,-1
588,10/06/2007,Buffalo,31,56,251,20,11,146,0,0,Ohio,10,32,90,41,23,186,2,0,H,-4,21,24,161,-21,-12,-40,-2,0
589,10/06/2007,Central Michigan,58,45,298,38,30,360,1,0,Ball State,38,39,141,38,18,228,0,1,V,-13,20,6,157,0,12,132,1,-1
590,10/06/2007,Cincinnati,28,40,150,37,20,257,1,2,Rutgers,23,43,98,38,22,334,3,1,V,-3,5,-3,52,-1,-2,-77,-2,1
591,10/06/2007,Clemson,23,23,8,67,38,372,2,1,Virginia Tech,41,41,154,14,7,65,0,0,H,6,-18,-18,-146,53,31,307,2,1
592,10/06/2007,Colorado,43,42,157,27,17,293,1,1,Baylor,23,18,55,60,36,410,2,1,V,8.5,20,24,102,-33,-19,-117,-1,0
593,10/06/2007,Colorado State,20,39,139,27,14,188,1,1,San Diego State,24,44,148,27,14,230,0,1,H,13,-4,-5,-9,0,0,-42,1,0
594,10/06/2007,Duke,36,31,95,47,21,291,2,0,Wake Forest,41,42,115,30,22,221,1,0,H,-7.5,-5,-11,-20,17,-1,70,1,0
595,10/06/2007,East Carolina,52,37,160,27,15,210,0,0,U-C-F,38,42,187,48,28,308,3,2,H,-3.5,14,-5,-27,-21,-13,-98,-3,-2
596,10/06/2007,Eastern Michigan,22,36,135,36,18,169,2,2,Michigan,33,37,255,28,18,204,2,0,V,-29,-11,-1,-120,8,0,-35,0,2
597,10/06/2007,Florida,24,32,156,26,12,158,1,1,Louisiana State,28,52,247,28,14,144,1,0,V,-8,-4,-20,-91,-2,-2,14,0,1
598,10/06/2007,Florida Atlantic,23,35,152,47,23,259,1,0,South Florida,35,44,302,27,17,122,1,3,H,-17.5,-12,-9,-150,20,6,137,0,-3
599,10/06/2007,Florida Intl,16,34,81,41,19,248,2,0,Troy,34,38,305,39,24,195,0,-1,H,-19,-18,-4,-224,2,-5,53,2,1
600,10/06/2007,Florida State,27,35,124,28,16,257,0,0,No Carolina State,10,34,96,32,19,172,3,1,H,18,17,1,28,-4,-3,85,-3,-1
601,10/06/2007,Fresno State,49,35,307,16,10,168,0,2,Nevada-Reno,41,39,211,50,30,491,0,2,V,-3,8,-4,96,-34,-20,-323,0,0
602,10/06/2007,Georgia,14,25,69,34,16,174,1,0,Tennessee,35,44,190,23,18,221,0,0,V,1.5,-21,-19,-121,11,-2,-47,1,0
603,10/06/2007,Georgia Tech,26,43,175,34,22,309,0,1,Maryland,28,35,88,17,10,255,0,1,V,3,-2,8,87,17,12,54,0,0
604,10/06/2007,Hawaii,52,19,47,38,28,465,1,0,Utah State,37,44,123,29,21,247,0,1,H,40.5,15,-25,-76,9,7,218,1,-1
605,10/06/2007,Houston,24,38,143,38,21,261,2,1,Alabama,30,46,190,27,15,157,1,0,V,-11,-6,-8,-47,11,6,104,1,1
606,10/06/2007,Idaho,20,43,183,15,8,68,2,0,San Jose State,28,48,134,30,22,302,1,0,V,-7,-8,-5,49,-15,-14,-234,1,0
607,10/06/2007,Illinois,31,44,289,19,12,121,0,0,Wisconsin,26,31,127,49,27,392,2,0,H,3,5,13,162,-30,-15,-271,-2,0
608,10/06/2007,Indiana,40,42,228,36,24,235,1,0,Minnesota,20,29,112,44,24,280,2,0,H,13.5,20,13,116,-8,0,-45,-1,0
609,10/06/2007,Iowa,7,28,48,29,16,146,0,0,Penn State,27,50,256,32,18,233,2,1,V,-9.5,-20,-22,-208,-3,-2,-87,-2,-1
610,10/06/2007,Iowa State,17,46,100,26,15,187,0,2,Texas Tech,42,17,29,49,40,460,2,1,V,-24.5,-25,29,71,-23,-25,-273,-2,1
611,10/06/2007,Kansas,30,39,170,36,22,267,3,0,Kansas State,24,21,53,49,32,310,3,0,V,-4,6,18,117,-13,-10,-43,0,0
612,10/06/2007,Kansas State,24,21,53,49,32,310,3,0,Kansas,30,39,170,36,22,267,3,0,H,4,-6,-18,-117,13,10,43,0,0
613,10/06/2007,Kent State,13,45,203,33,19,260,2,1,Miami-Ohio,20,36,101,22,16,310,0,2,H,8,-7,9,102,11,3,-50,2,-1
614,10/06/2007,Louisiana State,28,52,247,28,14,144,1,0,Florida,24,32,156,26,12,158,1,1,H,8,4,20,91,2,2,-14,0,-1
615,10/06/2007,Louisiana Tech,0,48,150,31,17,151,0,2,Mississippi,24,23,65,32,16,167,3,0,V,-13,-24,25,85,-1,1,-16,-3,2
616,10/06/2007,Maryland,28,35,88,17,10,255,0,1,Georgia Tech,26,43,175,34,22,309,0,1,H,-3,2,-8,-87,-17,-12,-54,0,0
617,10/06/2007,Miami-Florida,27,36,109,33,17,302,4,0,North Carolina,33,46,183,23,15,218,0,1,V,7.5,-6,-10,-74,10,2,84,4,-1
618,10/06/2007,Miami-Ohio,20,36,101,22,16,310,0,2,Kent State,13,45,203,33,19,260,2,1,V,-8,7,-9,-102,-11,-3,50,-2,1
619,10/06/2007,Michigan,33,37,255,28,18,204,2,0,Eastern Michigan,22,36,135,36,18,169,2,2,H,29,11,1,120,-8,0,35,0,-2
620,10/06/2007,Michigan State,41,32,287,31,17,194,0,0,Northwestern,48,34,91,49,38,520,0,0,H,15.5,-7,-2,196,-18,-21,-326,0,0
621,10/06/2007,Middle Tennessee,21,38,133,34,17,181,0,-1,Virginia,23,37,151,38,22,223,1,0,H,-10,-2,1,-18,-4,-5,-42,-1,-1
622,10/06/2007,Minnesota,20,29,112,44,24,280,2,0,Indiana,40,42,228,36,24,235,1,0,V,-13.5,-20,-13,-116,8,0,45,1,0
623,10/06/2007,Mississippi,24,23,65,32,16,167,3,0,Louisiana Tech,0,48,150,31,17,151,0,2,H,13,24,-25,-85,1,-1,16,3,-2
624,10/06/2007,Mississippi State,30,45,165,20,11,119,2,0,U-A-B,13,23,71,35,16,217,1,0,H,17.5,17,22,94,-15,-5,-98,1,0
625,10/06/2007,Missouri,41,36,195,49,34,411,0,0,Nebraska,6,25,74,43,25,223,1,0,H,6.5,35,11,121,6,9,188,-1,0
626,10/06/2007,Nebraska,6,25,74,43,25,223,1,0,Missouri,41,36,195,49,34,411,0,0,V,-6.5,-35,-11,-121,-6,-9,-188,1,0
627,10/06/2007,Nevada-Las Vegas,14,47,184,39,24,287,0,1,Air Force,31,42,309,14,9,123,0,2,V,-5.5,-17,5,-125,25,15,164,0,-1
628,10/06/2007,Nevada-Reno,41,40,199,50,30,491,0,2,Fresno State,49,35,307,16,10,168,0,2,H,3,-8,5,-108,34,20,323,0,0
629,10/06/2007,No Carolina State,10,34,96,32,19,172,3,1,Florida State,27,35,124,28,16,257,0,0,V,-18,-17,-1,-28,4,3,-85,3,1
630,10/06/2007,North Carolina,33,46,183,23,15,218,0,1,Miami-Florida,27,36,109,33,17,302,4,0,H,-7.5,6,10,74,-10,-2,-84,-4,1
631,10/06/2007,North Texas,29,40,144,57,35,383,3,1,UL-Lafayette,38,36,300,20,10,114,0,2,V,-9.5,-9,4,-156,37,25,269,3,-1
632,10/06/2007,Northern Illinois,15,36,146,28,13,113,0,2,Temple,16,41,150,33,18,202,1,1,V,3.5,-1,-5,-4,-5,-5,-89,-1,1
633,10/06/2007,Northwestern,48,34,91,49,38,520,0,0,Michigan State,41,33,275,31,17,194,0,0,V,-15.5,7,1,-184,18,21,326,0,0
634,10/06/2007,Notre Dame,20,38,46,28,18,94,0,0,U.C.L.A.,6,37,89,38,16,193,4,3,V,-21,14,1,-43,-10,2,-99,-4,-3
635,10/06/2007,Ohio,10,32,90,41,23,186,2,0,Buffalo,31,56,251,20,11,146,0,0,V,4,-21,-24,-161,21,12,40,2,0
636,10/06/2007,Ohio State,23,45,181,29,17,200,3,0,Purdue,7,17,4,60,31,268,0,1,V,7,16,28,177,-31,-14,-68,3,-1
637,10/06/2007,Oklahoma,28,41,170,32,21,244,0,0,Texas,21,29,61,26,19,324,1,1,N,12.5,7,12,109,6,2,-80,-1,-1
638,10/06/2007,Oklahoma State,23,41,200,27,17,259,0,1,Texas A+M,24,43,150,21,12,218,0,0,V,-7,-1,-2,50,6,5,41,0,1
639,10/06/2007,Oregon State,31,41,187,35,20,164,2,0,Arizona,16,27,9,38,18,222,3,0,H,3,15,14,178,-3,2,-58,-1,0
640,10/06/2007,Penn State,27,50,256,32,18,233,2,1,Iowa,7,28,48,29,16,146,0,0,H,9.5,20,22,208,3,2,87,2,1
641,10/06/2007,Purdue,7,17,4,60,31,268,0,1,Ohio State,23,45,181,29,17,200,3,0,H,-7,-16,-28,-177,31,14,68,-3,1
642,10/06/2007,Rutgers,23,43,98,38,22,334,3,1,Cincinnati,28,40,150,37,20,257,1,2,H,3,-5,3,-52,1,2,77,2,-1
643,10/06/2007,San Diego State,24,44,148,27,14,230,0,1,Colorado State,20,39,139,27,14,188,1,1,V,-13,4,5,9,0,0,42,-1,0
644,10/06/2007,San Jose State,28,48,134,30,22,302,1,0,Idaho,20,43,183,15,8,68,2,0,H,7,8,5,-49,15,14,234,-1,0
645,10/06/2007,South Florida,35,44,302,27,17,122,1,3,Florida Atlantic,23,35,152,47,23,259,1,0,V,17.5,12,9,150,-20,-6,-137,0,3
646,10/06/2007,Southern Cal,23,38,95,41,24,364,4,1,Stanford,24,39,86,30,11,149,1,0,H,39,-1,-1,9,11,13,215,3,1
647,10/06/2007,Stanford,24,39,86,30,11,149,1,0,Southern Cal,23,38,88,42,25,371,4,1,V,-39,1,1,-2,-12,-14,-222,-3,-1
648,10/06/2007,Syracuse,14,37,94,16,6,108,2,1,West Virginia,55,54,251,21,18,235,0,0,H,-27,-41,-17,-157,-5,-12,-127,2,1
649,10/06/2007,Temple,16,41,150,33,18,202,1,1,Northern Illinois,15,36,146,28,13,113,0,2,H,-3.5,1,5,4,5,5,89,1,-1
650,10/06/2007,Tennessee,35,44,190,23,18,221,0,0,Georgia,14,25,69,34,16,174,1,0,H,-1.5,21,19,121,-11,2,47,-1,0
651,10/06/2007,Texas,21,29,61,26,19,324,1,1,Oklahoma,28,41,170,32,21,244,0,0,N,-12.5,-7,-12,-109,-6,-2,80,1,1
652,10/06/2007,Texas A+M,24,43,150,21,12,218,0,0,Oklahoma State,23,41,200,27,17,259,0,1,H,7,1,2,-50,-6,-5,-41,0,-1
653,10/06/2007,Texas Christian,21,43,134,39,22,210,1,2,Wyoming,24,51,232,26,12,134,1,1,V,-3,-3,-8,-98,13,10,76,0,1
654,10/06/2007,Texas Tech,42,17,29,49,40,460,2,1,Iowa State,17,46,100,26,15,187,0,2,H,24.5,25,-29,-71,23,25,273,2,-1
655,10/06/2007,Toledo,35,55,267,23,19,226,2,0,Liberty,34,31,181,19,10,101,0,0,H, ,1,24,86,4,9,125,2,0
656,10/06/2007,Troy,34,39,299,39,24,195,0,0,Florida Intl,16,34,81,41,19,248,2,0,V,19,18,5,218,-2,5,-53,-2,0
657,10/06/2007,Tulane,17,45,247,25,16,154,0,1,Army,20,37,47,29,21,193,0,0,V,-5.5,-3,8,200,-4,-5,-39,0,1
658,10/06/2007,Tulsa,47,43,239,45,27,409,2,1,UTEP,48,48,219,29,23,351,0,1,V,3,-1,-5,20,16,4,58,2,0
659,10/06/2007,U-A-B,13,23,71,35,16,217,1,0,Mississippi State,30,45,165,20,11,119,2,0,V,-17.5,-17,-22,-94,15,5,98,-1,0
660,10/06/2007,U-C-F,38,42,187,48,28,308,3,2,East Carolina,52,37,160,27,15,210,0,0,V,3.5,-14,5,27,21,13,98,3,2
661,10/06/2007,U.C.L.A.,6,37,89,38,16,193,4,3,Notre Dame,20,38,46,28,18,94,0,0,H,21,-14,-1,43,10,-2,99,4,3
662,10/06/2007,UL-Lafayette,38,36,300,20,10,114,0,2,North Texas,29,40,144,57,35,383,3,1,H,9.5,9,-4,156,-37,-25,-269,-3,1
663,10/06/2007,UL-Monroe,30,52,235,23,15,195,0,0,Arkansas State,13,28,170,35,14,206,2,1,H,-2.5,17,24,65,-12,1,-11,-2,-1
664,10/06/2007,UTEP,48,48,219,29,23,351,0,1,Tulsa,47,43,239,45,27,409,2,1,H,-3,1,5,-20,-16,-4,-58,-2,0
665,10/06/2007,Utah State,37,44,123,29,21,247,0,1,Hawaii,52,19,47,38,28,465,1,0,V,-40.5,-15,25,76,-9,-7,-218,-1,1
666,10/06/2007,Vanderbilt,7,38,133,31,12,88,1,0,Auburn,35,39,239,18,14,165,1,0,V,-7,-28,-1,-106,13,-2,-77,0,0
667,10/06/2007,Virginia,23,37,151,38,22,223,1,0,Middle Tennessee,21,39,127,34,17,181,0,0,V,10,2,-2,24,4,5,42,1,0
668,10/06/2007,Virginia Tech,41,41,154,14,7,65,0,0,Clemson,23,23,8,67,38,372,2,1,V,-6,18,18,146,-53,-31,-307,-2,-1
669,10/06/2007,Wake Forest,41,42,115,30,22,221,1,0,Duke,36,31,95,47,21,291,2,0,V,7.5,5,11,20,-17,1,-70,-1,0
670,10/06/2007,Washington State,20,25,82,51,27,369,1,0,Arizona State,23,45,79,27,19,217,2,0,H,-9.5,-3,-20,3,24,8,152,-1,0
671,10/06/2007,West Virginia,55,54,251,21,18,235,0,0,Syracuse,14,37,94,16,6,108,2,1,V,27,41,17,157,5,12,127,-2,-1
672,10/06/2007,Western Michigan,38,44,116,40,27,375,0,2,Akron,39,31,112,41,23,389,1,2,H,9.5,-1,13,4,-1,4,-14,-1,0
673,10/06/2007,Wisconsin,26,31,127,49,27,392,2,0,Illinois,31,44,289,19,12,121,0,0,V,-3,-5,-13,-162,30,15,271,2,0
674,10/06/2007,Wyoming,24,51,232,26,12,134,1,1,Texas Christian,21,43,134,39,22,210,1,2,H,3,3,8,98,-13,-10,-76,0,-1
675,10/07/2007,Boise State,58,43,233,36,24,371,0,0,New Mexico State,0,26,-19,28,15,108,3,0,H,24.5,58,17,252,8,9,263,-3,0
676,10/07/2007,New Mexico State,0,26,-19,28,15,108,3,0,Boise State,58,43,233,36,24,371,0,0,V,-24.5,-58,-17,-252,-8,-9,-263,3,0
677,10/10/2007,Navy,48,70,331,14,9,166,0,0,Pittsburgh,45,48,227,28,20,191,1,0,V,-3.5,3,22,104,-14,-11,-25,-1,0
678,10/10/2007,Pittsburgh,45,48,227,28,20,191,1,0,Navy,48,70,331,14,9,166,0,0,H,3.5,-3,-22,-104,14,11,25,1,0
679,10/11/2007,Florida State,21,24,47,48,24,283,2,2,Wake Forest,24,48,180,27,19,215,2,1,V,5,-3,-24,-133,21,5,68,0,1
680,10/11/2007,Wake Forest,24,48,180,27,19,215,2,1,Florida State,21,24,47,48,24,283,2,2,H,-5,3,24,133,-21,-5,-68,0,-1
681,10/12/2007,Hawaii,42,26,56,75,44,545,4,0,San Jose State,35,25,42,47,27,302,3,1,V,17,7,1,14,28,17,243,1,-1
682,10/12/2007,San Jose State,35,25,42,47,27,302,3,1,Hawaii,42,26,56,75,44,545,4,0,H,-17,-7,-1,-14,-28,-17,-243,-1,1
683,10/13/2007,Air Force,45,69,385,5,3,52,0,1,Colorado State,21,43,224,29,16,156,4,0,V,-3.5,24,26,161,-24,-13,-104,-4,1
684,10/13/2007,Akron,20,37,152,21,12,145,2,0,Temple,24,39,136,34,23,242,2,0,H,12,-4,-2,16,-13,-11,-97,0,0
685,10/13/2007,Alabama,27,40,113,40,26,265,1,1,Mississippi,24,31,136,40,22,284,3,0,V,6.5,3,9,-23,0,4,-19,-2,1
686,10/13/2007,Arizona,13,16,22,43,30,233,0,3,Southern Cal,20,43,146,31,19,130,2,0,V,-21,-7,-27,-124,12,11,103,-2,3
687,10/13/2007,Arizona State,44,49,296,31,20,227,1,0,Washington,20,32,146,30,10,142,1,1,H,11,24,17,150,1,10,85,0,-1
688,10/13/2007,Arkansas,7,25,67,27,13,126,1,0,Auburn,9,53,189,23,13,101,0,1,H,3.5,-2,-28,-122,4,0,25,1,-1
689,10/13/2007,Arkansas State,52,62,406,23,17,275,0,1,UL-Lafayette,21,27,133,20,7,137,0,0,H,10.5,31,35,273,3,10,138,0,1
690,10/13/2007,Army,23,38,114,35,24,283,5,2,Central Michigan,47,36,177,39,30,251,1,0,V,-14,-24,2,-63,-4,-6,32,4,2
691,10/13/2007,Auburn,9,53,189,23,13,101,0,1,Arkansas,7,25,67,27,13,126,1,0,V,-3.5,2,28,122,-4,0,-25,-1,1
692,10/13/2007,Ball State,35,29,75,31,21,288,1,2,Western Kentucky,12,54,222,33,22,189,3,0,H, ,23,-25,-147,-2,-1,99,-2,2
693,10/13/2007,Baylor,10,19,48,43,22,154,4,1,Kansas,48,50,236,37,18,211,0,0,V,-26,-38,-31,-188,6,4,-57,4,1
694,10/13/2007,Boston College,27,34,168,49,32,291,1,0,Notre Dame,14,21,27,49,18,195,2,0,V,14,13,13,141,0,14,96,-1,0
695,10/13/2007,Bowling Green,14,26,25,32,19,207,1,2,Miami-Ohio,47,53,262,24,16,237,0,1,V,1,-33,-27,-237,8,3,-30,1,1
696,10/13/2007,Brigham Young,24,45,227,33,21,214,3,1,Nevada-Las Vegas,14,25,96,26,16,121,1,0,V,12,10,20,131,7,5,93,2,1
697,10/13/2007,Buffalo,43,43,263,16,8,172,0,2,Toledo,33,49,211,52,32,307,2,0,H,3.5,10,-6,52,-36,-24,-135,-2,2
698,10/13/2007,California,28,39,184,37,20,294,1,2,Oregon State,31,42,153,33,18,186,0,1,H,14,-3,-3,31,4,2,108,1,1
699,10/13/2007,Central Michigan,47,36,177,39,30,251,1,0,Army,23,38,114,35,24,283,5,2,H,14,24,-2,63,4,6,-32,-4,-2
700,10/13/2007,Cincinnati,24,33,136,46,26,324,2,2,Louisville,28,38,97,38,28,350,0,0,H,8,-4,-5,39,8,-2,-26,2,2
701,10/13/2007,Colorado,20,36,188,41,19,223,3,1,Kansas State,47,39,249,28,15,214,0,0,V,-4,-27,-3,-61,13,4,9,3,1
702,10/13/2007,Colorado State,21,43,224,29,16,156,4,0,Air Force,45,69,393,5,3,52,0,1,H,3.5,-24,-26,-169,24,13,104,4,-1
703,10/13/2007,Connecticut,16,33,78,33,17,176,0,2,Virginia,17,44,148,25,15,184,2,1,V,-3.5,-1,-11,-70,8,2,-8,-2,1
704,10/13/2007,Duke,14,36,72,28,14,122,1,2,Virginia Tech,43,38,99,30,21,346,1,1,H,-14.5,-29,-2,-27,-2,-7,-224,0,1
705,10/13/2007,East Carolina,45,32,208,34,19,299,4,0,UTEP,42,37,128,57,40,461,1,2,V,-3,3,-5,80,-23,-21,-162,3,-2
706,10/13/2007,Eastern Michigan,42,40,177,35,23,248,0,0,Ohio,48,40,241,32,21,269,1,3,V,-4,-6,0,-64,3,2,-21,-1,-3
707,10/13/2007,Fresno State,37,47,238,22,17,178,0,2,Idaho,24,45,279,26,9,144,0,2,V,9.5,13,2,-41,-4,8,34,0,0
708,10/13/2007,Georgia,20,35,167,31,16,201,0,0,Vanderbilt,17,38,179,15,9,131,0,2,V,7,3,-3,-12,16,7,70,0,-2
709,10/13/2007,Georgia Tech,17,50,264,29,11,114,1,0,Miami-Florida,14,38,167,18,8,56,0,0,V,-3,3,12,97,11,3,58,1,0
710,10/13/2007,Houston,56,45,274,36,26,474,2,3,Rice,48,34,86,44,24,355,1,1,H,22.5,8,11,188,-8,2,119,1,2
711,10/13/2007,Idaho,24,45,279,26,9,144,0,2,Fresno State,37,47,238,22,17,178,0,2,H,-9.5,-13,-2,41,4,-8,-34,0,0
712,10/13/2007,Illinois,6,35,137,20,12,150,1,1,Iowa,10,47,141,25,17,182,0,1,V,4,-4,-12,-4,-5,-5,-32,1,0
713,10/13/2007,Indiana,27,17,22,19,13,171,0,2,Michigan State,52,67,368,23,20,190,0,1,V,-3.5,-25,-50,-346,-4,-7,-19,0,1
714,10/13/2007,Iowa,10,47,141,25,17,182,0,1,Illinois,6,35,137,20,12,150,1,1,H,-4,4,12,4,5,5,32,-1,0
715,10/13/2007,Iowa State,3,29,93,37,19,135,2,1,Texas,56,39,216,31,23,298,0,0,H,-17,-53,-10,-123,6,-4,-163,2,1
716,10/13/2007,Kansas,48,50,236,37,18,211,0,0,Baylor,10,19,48,43,22,154,4,1,H,26,38,31,188,-6,-4,57,-4,-1
717,10/13/2007,Kansas State,47,39,249,28,15,214,0,0,Colorado,20,36,188,41,19,223,3,1,H,4,27,3,61,-13,-4,-9,-3,-1
718,10/13/2007,Kent State,3,48,161,15,6,62,1,1,Ohio State,48,36,138,25,20,263,0,0,V,-30.5,-45,12,23,-10,-14,-201,1,1
719,10/13/2007,Kentucky,43,41,125,38,21,250,2,0,Louisiana State,37,50,261,37,18,142,1,0,H,-9.5,6,-9,-136,1,3,108,1,0
720,10/13/2007,Louisiana State,37,50,261,37,18,142,1,0,Kentucky,43,41,125,38,21,250,2,0,V,9.5,-6,9,136,-1,-3,-108,-1,0
721,10/13/2007,Louisiana Tech,22,26,98,47,27,269,0,0,New Mexico State,21,36,65,40,29,319,0,0,H,7.5,1,-10,33,7,-2,-50,0,0
722,10/13/2007,Louisville,28,38,97,38,28,350,0,0,Cincinnati,24,33,136,46,26,324,2,2,V,-8,4,5,-39,-8,2,26,-2,-2
723,10/13/2007,Marshall,31,38,184,37,21,260,0,0,Tulsa,38,42,193,39,24,385,0,1,V,-14,-7,-4,-9,-2,-3,-125,0,-1
724,10/13/2007,Memphis,7,28,91,36,14,157,0,1,Middle Tennessee,21,47,260,27,16,230,1,2,H,3,-14,-19,-169,9,-2,-73,-1,-1
725,10/13/2007,Miami-Florida,14,38,167,18,8,56,0,0,Georgia Tech,17,50,264,29,11,114,1,0,H,3,-3,-12,-97,-11,-3,-58,-1,0
726,10/13/2007,Miami-Ohio,47,53,262,24,16,237,0,1,Bowling Green,14,26,25,32,19,207,1,2,H,-1,33,27,237,-8,-3,30,-1,-1
727,10/13/2007,Michigan,48,43,189,30,22,269,0,2,Purdue,21,25,39,47,29,253,2,2,H,5,27,18,150,-17,-7,16,-2,0
728,10/13/2007,Michigan State,52,67,368,23,20,190,0,1,Indiana,27,17,22,19,13,171,0,2,H,3.5,25,50,346,4,7,19,0,-1
729,10/13/2007,Middle Tennessee,21,47,260,27,16,230,1,2,Memphis,7,28,91,36,14,157,0,1,V,-3,14,19,169,-9,2,73,1,1
730,10/13/2007,Minnesota,48,44,239,38,25,341,2,0,Northwestern,49,28,119,59,41,470,0,1,V,-6.5,-1,16,120,-21,-16,-129,2,-1
731,10/13/2007,Mississippi,24,31,136,40,22,284,3,0,Alabama,27,40,113,40,26,265,1,1,H,-6.5,-3,-9,23,0,-4,19,2,-1
732,10/13/2007,Mississippi State,21,36,135,33,18,203,0,0,Tennessee,33,42,211,36,22,259,1,0,H,-7,-12,-6,-76,-3,-4,-56,-1,0
733,10/13/2007,Missouri,31,30,57,49,38,361,3,1,Oklahoma,41,33,118,34,24,266,0,2,V,-13.5,-10,-3,-61,15,14,95,3,-1
734,10/13/2007,Nebraska,14,50,206,18,10,129,2,1,Oklahoma State,45,51,317,20,12,234,0,0,H,4,-31,-1,-111,-2,-2,-105,2,1
735,10/13/2007,Nevada-Las Vegas,14,25,96,26,16,121,1,0,Brigham Young,24,45,227,33,21,214,3,1,H,-12,-10,-20,-131,-7,-5,-93,-2,-1
736,10/13/2007,New Mexico,20,46,153,21,12,191,0,0,Wyoming,3,30,48,35,21,190,0,1,V,-3.5,17,16,105,-14,-9,1,0,-1
737,10/13/2007,New Mexico State,21,62,46,68,44,427,3,0,Louisiana Tech,22,69,331,83,51,640,0,0,V,-7.5,-1,-7,-285,-15,-7,-213,3,0
738,10/13/2007,North Carolina,15,36,113,43,22,285,3,0,South Carolina,21,32,110,26,17,172,1,1,H,-7.5,-6,4,3,17,5,113,2,-1
739,10/13/2007,North Texas,31,39,171,30,16,202,1,1,UL-Monroe,21,40,130,45,21,291,3,0,H,-7.5,10,-1,41,-15,-5,-89,-2,1
740,10/13/2007,Northern Illinois,13,33,130,26,14,203,0,2,Western Michigan,17,48,170,29,20,226,1,1,H,-4.5,-4,-15,-40,-3,-6,-23,-1,1
741,10/13/2007,Northwestern,49,28,119,59,41,470,0,1,Minnesota,48,44,239,38,25,341,2,0,H,6.5,1,-16,-120,21,16,129,-2,1
742,10/13/2007,Notre Dame,14,21,27,49,18,195,2,0,Boston College,27,34,168,49,32,291,1,0,H,-14,-13,-13,-141,0,-14,-96,1,0
743,10/13/2007,Ohio,48,40,241,32,21,269,1,3,Eastern Michigan,42,40,177,35,23,248,0,0,H,4,6,0,64,-3,-2,21,1,3
744,10/13/2007,Ohio State,48,36,138,25,20,263,0,0,Kent State,3,48,161,15,6,62,1,1,H,30.5,45,-12,-23,10,14,201,-1,-1
745,10/13/2007,Oklahoma,41,33,118,34,24,266,0,2,Missouri,31,30,57,49,38,361,3,1,H,13.5,10,3,61,-15,-14,-95,-3,1
746,10/13/2007,Oklahoma State,45,51,317,20,12,234,0,0,Nebraska,14,50,206,18,10,129,2,1,V,-4,31,1,111,2,2,105,-2,-1
747,10/13/2007,Oregon,53,51,213,35,26,338,0,1,Washington State,7,30,63,36,15,251,2,1,H,20,46,21,150,-1,11,87,-2,0
748,10/13/2007,Oregon State,31,42,153,33,18,186,0,1,California,28,39,184,37,20,294,1,2,V,-14,3,3,-31,-4,-2,-108,-1,-1
749,10/13/2007,Penn State,38,47,221,29,16,216,0,1,Wisconsin,7,34,87,34,17,244,2,1,H,7,31,13,134,-5,-1,-28,-2,0
750,10/13/2007,Purdue,21,25,39,47,29,253,2,2,Michigan,48,43,189,30,22,269,0,2,V,-5,-27,-18,-150,17,7,-16,2,0
751,10/13/2007,Rice,48,34,86,44,24,355,1,1,Houston,56,45,274,36,26,474,2,3,V,-22.5,-8,-11,-188,8,-2,-119,-1,-2
752,10/13/2007,Rutgers,38,45,228,30,20,310,1,0,Syracuse,14,28,112,32,15,158,1,1,V,17,24,17,116,-2,5,152,0,-1
753,10/13/2007,S-M-U,7,38,170,31,19,191,2,2,Southern Miss,28,40,209,27,18,206,1,0,V,-9,-21,-2,-39,4,1,-15,1,2
754,10/13/2007,San Diego State,7,29,70,32,15,149,1,1,Utah,23,46,282,32,24,232,1,1,V,-14,-16,-17,-212,0,-9,-83,0,0
755,10/13/2007,South Carolina,21,32,110,26,17,172,1,1,North Carolina,15,36,113,43,22,285,3,0,V,7.5,6,-4,-3,-17,-5,-113,-2,1
756,10/13/2007,South Florida,64,44,178,36,20,365,0,0,U-C-F,12,40,61,27,11,84,1,2,H,10,52,4,117,9,9,281,-1,-2
757,10/13/2007,Southern Cal,20,43,146,31,19,130,2,0,Arizona,13,16,22,43,30,233,0,3,H,21,7,27,124,-12,-11,-103,2,-3
758,10/13/2007,Southern Miss,28,40,209,27,18,206,1,0,S-M-U,7,38,170,31,19,191,2,2,H,9,21,2,39,-4,-1,15,-1,-2
759,10/13/2007,Stanford,36,49,170,30,15,194,0,0,Texas Christian,38,48,150,34,23,344,0,1,H,-6,-2,1,20,-4,-8,-150,0,-1
760,10/13/2007,Syracuse,14,28,112,32,15,158,1,1,Rutgers,38,45,228,30,20,310,1,0,H,-17,-24,-17,-116,2,-5,-152,0,1
761,10/13/2007,Temple,24,39,136,34,23,242,2,0,Akron,20,37,152,21,12,145,2,0,V,-12,4,2,-16,13,11,97,0,0
762,10/13/2007,Tennessee,33,42,211,36,22,259,1,0,Mississippi State,21,36,135,33,18,203,0,0,V,7,12,6,76,3,4,56,1,0
763,10/13/2007,Texas,56,39,216,31,23,298,0,0,Iowa State,3,29,93,37,19,135,2,1,V,17,53,10,123,-6,4,163,-2,-1
764,10/13/2007,Texas A+M,7,43,233,30,17,133,1,0,Texas Tech,35,29,108,37,30,425,0,1,V,-10,-28,14,125,-7,-13,-292,1,-1
765,10/13/2007,Texas Christian,38,48,150,34,23,344,0,1,Stanford,36,49,170,30,15,194,0,0,V,6,2,-1,-20,4,8,150,0,1
766,10/13/2007,Texas Tech,35,29,108,37,30,425,0,1,Texas A+M,7,43,233,30,17,133,1,0,H,10,28,-14,-125,7,13,292,-1,1
767,10/13/2007,Toledo,33,49,211,52,32,307,2,0,Buffalo,43,43,263,16,8,172,0,2,V,-3.5,-10,6,-52,36,24,135,2,-2
768,10/13/2007,Tulane,21,45,240,39,19,264,2,0,U-A-B,26,25,110,32,17,262,0,1,V,-2.5,-5,20,130,7,2,2,2,-1
769,10/13/2007,Tulsa,38,42,193,39,24,385,0,1,Marshall,31,38,184,37,21,260,0,0,H,14,7,4,9,2,3,125,0,1
770,10/13/2007,U-A-B,26,25,110,32,17,262,0,1,Tulane,21,45,240,39,19,264,2,0,H,2.5,5,-20,-130,-7,-2,-2,-2,1
771,10/13/2007,U-C-F,12,40,56,27,11,89,1,2,South Florida,64,44,178,36,20,365,0,0,V,-10,-52,-4,-122,-9,-9,-276,1,2
772,10/13/2007,UL-Lafayette,21,27,133,20,7,137,0,0,Arkansas State,52,62,406,23,17,275,0,1,V,-10.5,-31,-35,-273,-3,-10,-138,0,-1
773,10/13/2007,UL-Monroe,21,40,130,45,21,291,3,0,North Texas,31,39,171,30,16,202,1,1,V,7.5,-10,1,-41,15,5,89,2,-1
774,10/13/2007,UTEP,42,37,133,57,40,456,1,2,East Carolina,45,32,208,34,19,299,4,0,H,3,-3,5,-75,23,21,157,-3,2
775,10/13/2007,Utah,23,46,282,32,24,232,1,1,San Diego State,7,29,62,32,15,149,1,1,H,14,16,17,220,0,9,83,0,0
776,10/13/2007,Vanderbilt,17,38,179,15,9,131,0,2,Georgia,20,35,167,31,16,201,0,0,H,-7,-3,3,12,-16,-7,-70,0,2
777,10/13/2007,Virginia,17,44,148,25,15,184,2,1,Connecticut,16,33,78,33,17,176,0,2,H,3.5,1,11,70,-8,-2,8,2,-1
778,10/13/2007,Virginia Tech,43,38,99,30,21,346,1,1,Duke,14,36,72,28,14,122,1,2,V,14.5,29,2,27,2,7,224,0,-1
779,10/13/2007,Washington,20,32,146,30,10,142,1,1,Arizona State,44,49,296,31,20,227,1,0,V,-11,-24,-17,-150,-1,-10,-85,0,1
780,10/13/2007,Washington State,7,30,63,36,15,251,2,1,Oregon,53,51,213,35,26,338,0,1,V,-20,-46,-21,-150,1,-11,-87,2,0
781,10/13/2007,Western Kentucky,12,54,222,33,22,189,3,0,Ball State,35,29,75,31,21,288,1,2,V, ,-23,25,147,2,1,-99,2,-2
782,10/13/2007,Western Michigan,17,48,170,29,20,226,1,1,Northern Illinois,13,33,130,26,14,203,0,2,V,4.5,4,15,40,3,6,23,1,-1
783,10/13/2007,Wisconsin,7,34,87,34,17,244,2,1,Penn State,38,47,221,29,16,216,0,1,V,-7,-31,-13,-134,5,1,28,2,0
784,10/13/2007,Wyoming,3,30,48,35,21,190,0,1,New Mexico,20,46,153,21,12,191,0,0,H,3.5,-17,-16,-105,14,9,-1,0,1
785,10/14/2007,Boise State,69,43,233,36,24,371,0,0,Nevada-Reno,67,26,-19,28,15,108,3,0,H,25,2,17,252,8,9,263,-3,0
786,10/14/2007,Nevada-Reno,67,52,396,26,11,243,0,0,Boise State,69,48,274,36,27,353,1,1,V,-25,-2,4,122,-10,-16,-110,-1,-1
787,10/18/2007,Rutgers,30,42,170,32,13,230,0,3,South Florida,27,38,115,35,17,247,1,0,H,-2.5,3,4,55,-3,-4,-17,-1,3
788,10/18/2007,South Florida,27,38,115,35,17,247,1,0,Rutgers,30,42,170,32,13,230,0,3,V,2.5,-3,-4,-55,3,4,17,1,-3
789,10/18/2007,Texas Christian,20,27,94,46,21,191,4,0,Utah,27,50,107,20,13,120,1,0,H,3.5,-7,-23,-13,26,8,71,3,0
790,10/18/2007,Utah,27,50,107,20,13,120,1,0,Texas Christian,20,27,94,46,21,191,4,0,V,-3.5,7,23,13,-26,-8,-71,-3,0
791,10/19/2007,Connecticut,21,39,175,18,9,130,0,2,Louisville,17,31,93,43,29,228,3,0,H,-3,4,8,82,-25,-20,-98,-3,2
792,10/19/2007,Eastern Michigan,14,29,99,48,28,282,3,1,Northwestern,26,34,155,42,25,361,1,1,H,-10,-12,-5,-56,6,3,-79,2,0
793,10/19/2007,Louisville,17,31,93,43,29,228,3,0,Connecticut,21,39,175,18,9,130,0,2,V,3,-4,-8,-82,25,20,98,3,-2
794,10/19/2007,Northwestern,26,34,155,42,25,361,1,1,Eastern Michigan,14,29,99,48,28,282,3,1,V,10,12,5,56,-6,-3,79,-2,0
795,10/20/2007,Air Force,20,57,256,11,7,74,0,1,Wyoming,12,44,144,31,20,260,3,2,H,2.5,8,13,112,-20,-13,-186,-3,-1
796,10/20/2007,Alabama,41,38,147,46,32,363,0,0,Tennessee,17,19,103,38,23,259,2,0,H,-1.5,24,19,44,8,9,104,-2,0
797,10/20/2007,Arizona,20,32,130,41,28,238,1,1,Stanford,21,45,96,27,19,181,2,1,H,13.5,-1,-13,34,14,9,57,-1,0
798,10/20/2007,Arkansas,44,54,293,18,12,144,1,0,Mississippi,8,34,112,34,14,182,4,0,V,4.5,36,20,181,-16,-2,-38,-3,0
799,10/20/2007,Arkansas State,7,33,22,19,9,116,3,1,Middle Tennessee,24,49,205,24,11,179,1,0,V,-2.5,-17,-16,-183,-5,-2,-63,2,1
800,10/20/2007,Army,10,33,118,28,12,148,3,0,Georgia Tech,34,51,292,25,14,218,0,2,V,-24,-24,-18,-174,3,-2,-70,3,-2
801,10/20/2007,Auburn,24,35,97,28,18,199,0,0,Louisiana State,30,33,169,35,22,319,1,1,V,-11,-6,2,-72,-7,-4,-120,-1,-1
802,10/20/2007,Ball State,27,24,72,48,25,358,0,0,Western Michigan,23,44,196,38,21,237,3,0,V,-1,4,-20,-124,10,4,121,-3,0
803,10/20/2007,Baylor,10,18,8,56,32,284,4,0,Texas,31,46,177,36,25,293,2,1,H,-26.5,-21,-28,-169,20,7,-9,2,-1
804,10/20/2007,Boise State,45,83,411,71,48,681,3,1,Louisiana Tech,31,95,604,68,35,498,3,1,V,16.5,14,-12,-193,3,13,183,0,0
805,10/20/2007,Bowling Green,31,37,197,25,14,184,0,0,Kent State,20,56,254,13,8,128,0,1,V,-5.5,11,-19,-57,12,6,56,0,-1
806,10/20/2007,Brigham Young,42,47,221,30,15,156,1,0,Eastern Washington,7,29,42,35,21,224,3,0,H, ,35,18,179,-5,-6,-68,-2,0
807,10/20/2007,Buffalo,12,26,60,49,33,299,0,1,Syracuse,20,42,187,28,15,265,2,0,V,-4,-8,-16,-127,21,18,34,-2,1
808,10/20/2007,California,21,30,67,34,22,232,3,1,U.C.L.A.,30,45,183,28,19,190,0,2,V,3,-9,-15,-116,6,3,42,3,-1
809,10/20/2007,Central Michigan,14,24,76,37,21,216,2,2,Clemson,70,61,341,27,23,315,1,0,V,-17,-56,-37,-265,10,-2,-99,1,2
810,10/20/2007,Cincinnati,17,28,121,32,21,237,1,2,Pittsburgh,24,46,260,29,18,167,1,0,V,10,-7,-18,-139,3,3,70,0,2
811,10/20/2007,Clemson,70,61,341,27,23,315,1,0,Central Michigan,14,24,76,37,21,216,2,2,H,17,56,37,265,-10,2,99,-1,-2
812,10/20/2007,Colorado,14,33,66,45,27,287,2,1,Kansas,19,33,180,29,20,153,0,2,H,-3,-5,0,-114,16,7,134,2,-1
813,10/20/2007,Colorado State,48,49,279,19,13,218,0,1,Nevada-Las Vegas,23,38,222,39,25,337,3,2,V,-2.5,25,11,57,-20,-12,-119,-3,-1
814,10/20/2007,East Carolina,20,34,72,53,28,254,1,1,No Carolina State,34,28,49,44,29,335,1,1,H,5.5,-14,6,23,9,-1,-81,0,0
815,10/20/2007,Florida,45,37,171,26,18,256,0,0,Kentucky,37,35,97,50,35,415,0,0,V,7,8,2,74,-24,-17,-159,0,0
816,10/20/2007,Florida Atlantic,39,42,126,45,26,308,0,0,UL-Lafayette,32,53,317,24,14,121,2,1,V,5.5,7,-11,-191,21,12,187,-2,-1
817,10/20/2007,Florida Intl,14,38,125,36,15,198,1,0,UL-Monroe,23,40,160,24,17,270,0,1,V,-13,-9,-2,-35,12,-2,-72,1,-1
818,10/20/2007,Florida State,29,47,158,33,14,208,2,3,Miami-Florida,37,45,153,22,11,173,3,1,H,6,-8,2,5,11,3,35,-1,2
819,10/20/2007,Fresno State,30,43,251,26,16,132,0,1,San Jose State,0,30,140,44,22,254,1,0,H,12.5,30,13,111,-18,-6,-122,-1,1
820,10/20/2007,Georgia Tech,34,51,292,25,14,218,0,2,Army,10,33,118,28,12,148,3,0,H,24,24,18,174,-3,2,70,-3,2
821,10/20/2007,Houston,49,59,335,34,21,205,0,1,U-A-B,10,18,26,34,12,198,4,0,V,13,39,41,309,0,9,7,-4,1
822,10/20/2007,Idaho,31,43,234,35,19,212,2,1,New Mexico State,45,24,88,49,36,404,0,0,V,-8,-14,19,146,-14,-17,-192,2,1
823,10/20/2007,Illinois,17,31,137,26,14,116,1,1,Michigan,27,46,115,33,21,228,2,1,H,-2,-10,-15,22,-7,-7,-112,-1,0
824,10/20/2007,Indiana,31,30,68,48,30,318,0,4,Penn State,36,47,192,32,22,195,1,1,H,-7,-5,-17,-124,16,8,123,-1,3
825,10/20/2007,Iowa,6,29,77,40,17,177,1,1,Purdue,31,42,116,49,29,315,1,0,V,-7,-25,-13,-39,-9,-12,-138,0,1
826,10/20/2007,Iowa State,7,34,95,32,19,174,1,0,Oklahoma,17,45,133,28,16,183,1,2,H,-30.5,-10,-11,-38,4,3,-9,0,-2
827,10/20/2007,Kansas,19,33,180,28,20,153,0,2,Colorado,14,33,66,45,27,287,2,1,V,3,5,0,114,-17,-7,-134,-2,1
828,10/20/2007,Kansas State,39,23,125,51,36,404,0,3,Oklahoma State,41,59,329,25,11,181,1,0,V,-3,-2,-36,-204,26,25,223,-1,3
829,10/20/2007,Kent State,20,56,254,13,8,128,0,1,Bowling Green,31,37,197,25,14,184,0,0,H,5.5,-11,19,57,-12,-6,-56,0,1
830,10/20/2007,Kentucky,37,35,97,50,35,415,0,0,Florida,45,37,171,26,18,256,0,0,H,-7,-8,-2,-74,24,17,159,0,0
831,10/20/2007,Louisiana State,30,33,169,35,22,319,1,1,Auburn,24,35,97,28,18,199,0,0,H,11,6,-2,72,7,4,120,1,1
832,10/20/2007,Louisiana Tech,31,43,208,42,24,255,3,1,Boise State,45,35,137,35,21,328,2,0,H,-16.5,-14,8,71,7,3,-73,1,1
833,10/20/2007,Maryland,17,38,130,19,13,103,0,0,Virginia,18,39,191,36,23,248,0,0,H,4.5,-1,-1,-61,-17,-10,-145,0,0
834,10/20/2007,Memphis,38,51,247,38,25,324,1,0,Rice,35,20,105,45,29,313,2,0,V,0,3,31,142,-7,-4,11,-1,0
835,10/20/2007,Miami-Florida,37,45,153,22,11,173,3,1,Florida State,29,47,158,33,14,208,2,3,V,-6,8,-2,-5,-11,-3,-35,1,-2
836,10/20/2007,Miami-Ohio,17,27,56,59,33,314,2,1,Temple,24,34,110,19,14,188,0,2,V,6,-7,-7,-54,40,19,126,2,-1
837,10/20/2007,Michigan,27,46,115,33,21,228,2,1,Illinois,17,31,137,26,14,116,1,1,V,2,10,15,-22,7,7,112,1,0
838,10/20/2007,Michigan State,17,28,59,24,12,126,1,0,Ohio State,24,47,229,23,15,193,1,1,V,-17,-7,-19,-170,1,-3,-67,0,-1
839,10/20/2007,Middle Tennessee,24,49,205,24,11,179,1,0,Arkansas State,7,33,22,19,9,116,3,1,H,2.5,17,16,183,5,2,63,-2,-1
840,10/20/2007,Minnesota,21,30,125,23,11,182,1,0,North Dakota St,27,49,394,25,20,191,0,1,H, ,-6,-19,-269,-2,-9,-9,1,-1
841,10/20/2007,Mississippi,8,34,112,34,14,182,4,0,Arkansas,44,54,293,18,12,144,1,0,H,-4.5,-36,-20,-181,16,2,38,3,0
842,10/20/2007,Mississippi State,13,33,45,35,18,169,0,3,West Virginia,38,42,262,20,12,84,1,0,V,-25.5,-25,-9,-217,15,6,85,-1,3
843,10/20/2007,Missouri,41,50,212,20,14,210,1,1,Texas Tech,10,15,-9,69,44,397,4,0,H,3.5,31,35,221,-49,-30,-187,-3,1
844,10/20/2007,Navy,24,67,328,12,4,39,0,3,Wake Forest,44,44,196,28,22,213,0,0,H,-3,-20,23,132,-16,-18,-174,0,3
845,10/20/2007,Nebraska,14,26,130,44,26,275,0,3,Texas A+M,36,66,359,22,13,100,0,0,H,1,-22,-40,-229,22,13,175,0,3
846,10/20/2007,Nevada-Las Vegas,23,38,222,39,25,337,3,2,Colorado State,48,49,279,19,13,218,0,1,H,2.5,-25,-11,-57,20,12,119,3,1
847,10/20/2007,Nevada-Reno,31,109,698,49,26,413,0,2,Utah State,28,82,380,55,38,459,2,2,V,7,3,27,318,-6,-12,-46,-2,0
848,10/20/2007,New Mexico,20,36,102,37,20,263,2,0,San Diego State,17,43,166,26,18,133,0,2,V,9,3,-7,-64,11,2,130,2,-2
849,10/20/2007,New Mexico State,45,24,88,49,36,404,0,0,Idaho,31,43,234,35,19,212,2,1,H,8,14,-19,-146,14,17,192,-2,-1
850,10/20/2007,No Carolina State,34,28,49,44,29,335,1,1,East Carolina,20,34,72,53,28,254,1,1,V,-5.5,14,-6,-23,-9,1,81,0,0
851,10/20/2007,North Texas,7,35,26,41,23,179,1,1,Troy,45,35,137,43,28,356,4,3,V,-23.5,-38,0,-111,-2,-5,-177,-3,-2
852,10/20/2007,Northern Illinois,3,18,-13,25,12,112,2,0,Wisconsin,44,55,331,20,12,100,1,0,V,-23,-41,-37,-344,5,0,12,1,0
853,10/20/2007,Notre Dame,0,30,48,33,17,117,1,2,Southern Cal,38,36,227,38,21,235,0,1,H,-17,-38,-6,-179,-5,-4,-118,1,1
854,10/20/2007,Ohio,40,37,271,29,15,289,4,3,Toledo,43,49,269,39,19,204,0,2,V,-1,-3,-12,2,-10,-4,85,4,1
855,10/20/2007,Ohio State,24,47,229,23,15,193,1,1,Michigan State,17,28,59,24,12,126,1,0,H,17,7,19,170,-1,3,67,0,1
856,10/20/2007,Oklahoma,17,45,133,28,16,183,1,2,Iowa State,7,34,95,32,19,174,1,0,V,30.5,10,11,38,-4,-3,9,0,2
857,10/20/2007,Oklahoma State,41,59,329,26,11,181,1,0,Kansas State,39,23,125,51,36,404,0,3,H,3,2,36,204,-25,-25,-223,1,-3
858,10/20/2007,Oregon,55,62,465,30,19,196,1,0,Washington,34,29,164,31,12,257,1,0,V,12.5,21,33,301,-1,7,-61,0,0
859,10/20/2007,Penn State,36,47,192,32,22,195,1,1,Indiana,31,30,68,48,30,318,0,4,V,7,5,17,124,-16,-8,-123,1,-3
860,10/20/2007,Pittsburgh,24,46,260,29,18,167,1,0,Cincinnati,17,28,121,32,21,237,1,2,H,-10,7,18,139,-3,-3,-70,0,-2
861,10/20/2007,Purdue,31,42,116,49,29,315,1,0,Iowa,6,29,77,40,17,177,1,1,H,7,25,13,39,9,12,138,0,-1
862,10/20/2007,Rice,35,20,105,45,29,313,2,0,Memphis,38,51,247,38,25,324,1,0,H,0,-3,-31,-142,7,4,-11,1,0
863,10/20/2007,S-M-U,34,32,84,37,28,354,1,1,Tulane,41,50,361,24,13,160,0,1,H,5.5,-7,-18,-277,13,15,194,1,0
864,10/20/2007,San Diego State,17,43,166,26,18,133,0,2,New Mexico,20,38,126,35,18,239,2,0,H,-9,-3,5,40,-9,0,-106,-2,2
865,10/20/2007,San Jose State,0,30,140,44,22,254,1,0,Fresno State,30,43,251,26,16,132,0,1,V,-12.5,-30,-13,-111,18,6,122,1,-1
866,10/20/2007,South Carolina,16,22,26,43,23,256,3,1,Vanderbilt,17,47,146,16,8,123,1,1,H,13,-1,-25,-120,27,15,133,2,0
867,10/20/2007,Southern Cal,38,36,227,38,21,235,0,1,Notre Dame,0,30,48,33,17,117,1,2,V,17,38,6,179,5,4,118,-1,-1
868,10/20/2007,Stanford,21,45,96,27,19,181,2,1,Arizona,20,32,130,41,28,238,1,1,V,-13.5,1,13,-34,-14,-9,-57,1,0
869,10/20/2007,Syracuse,20,42,179,28,15,265,2,0,Buffalo,12,27,73,48,32,286,0,1,H,4,8,15,106,-20,-17,-21,2,-1
870,10/20/2007,Temple,24,34,110,19,14,188,0,2,Miami-Ohio,17,27,56,59,33,314,2,1,H,-6,7,7,54,-40,-19,-126,-2,1
871,10/20/2007,Tennessee,17,19,103,38,23,259,2,0,Alabama,41,38,147,46,32,363,0,0,V,1.5,-24,-19,-44,-8,-9,-104,2,0
872,10/20/2007,Texas,31,46,177,36,25,293,2,1,Baylor,10,18,8,56,32,284,4,0,V,26.5,21,28,169,-20,-7,9,-2,1
873,10/20/2007,Texas A+M,36,66,359,22,13,100,0,0,Nebraska,14,26,130,44,26,275,0,3,V,-1,22,40,229,-22,-13,-175,0,-3
874,10/20/2007,Texas Tech,10,15,-9,69,44,397,4,0,Missouri,41,50,212,20,14,210,1,1,V,-3.5,-31,-35,-221,49,30,187,3,-1
875,10/20/2007,Toledo,43,49,277,39,19,204,0,2,Ohio,40,36,258,30,16,302,4,3,H,1,3,13,19,9,3,-98,-4,-1
876,10/20/2007,Troy,45,35,137,43,28,356,4,3,North Texas,7,35,26,41,23,179,1,1,H,23.5,38,0,111,2,5,177,3,2
877,10/20/2007,Tulane,41,50,361,24,13,160,0,1,S-M-U,34,32,84,37,28,354,1,1,V,-5.5,7,18,277,-13,-15,-194,-1,0
878,10/20/2007,Tulsa,23,25,59,61,35,320,4,0,U-C-F,44,48,229,29,21,224,0,1,V,-3,-21,-23,-170,32,14,96,4,-1
879,10/20/2007,U-A-B,10,18,26,34,12,198,4,0,Houston,49,59,335,34,21,205,0,1,H,-13,-39,-41,-309,0,-9,-7,4,-1
880,10/20/2007,U-C-F,44,48,229,29,21,224,0,1,Tulsa,23,25,59,61,35,320,4,0,H,3,21,23,170,-32,-14,-96,-4,1
881,10/20/2007,U.C.L.A.,30,45,183,28,19,190,0,2,California,21,30,67,34,22,232,3,1,H,-3,9,15,116,-6,-3,-42,-3,1
882,10/20/2007,UL-Lafayette,32,53,317,24,14,121,2,1,Florida Atlantic,39,42,126,45,26,308,0,0,H,-5.5,-7,11,191,-21,-12,-187,2,1
883,10/20/2007,UL-Monroe,23,40,160,24,17,270,0,1,Florida Intl,14,38,125,36,15,198,1,0,H,13,9,2,35,-12,2,72,-1,1
884,10/20/2007,Utah State,28,34,106,19,11,106,1,1,Nevada-Reno,31,57,302,23,15,170,0,2,H,-7,-3,-23,-196,-4,-4,-64,1,-1
885,10/20/2007,Vanderbilt,17,47,146,16,8,123,1,1,South Carolina,16,22,26,43,23,256,3,1,V,-13,1,25,120,-27,-15,-133,-2,0
886,10/20/2007,Virginia,18,39,191,36,23,248,0,0,Maryland,17,38,130,19,13,103,0,0,V,-4.5,1,1,61,17,10,145,0,0
887,10/20/2007,Wake Forest,44,44,196,28,22,213,0,0,Navy,24,67,328,12,4,39,0,3,V,3,20,-23,-132,16,18,174,0,-3
888,10/20/2007,Washington,34,29,164,31,12,257,1,0,Oregon,55,62,465,30,19,196,1,0,H,-12.5,-21,-33,-301,1,-7,61,0,0
889,10/20/2007,West Virginia,38,42,262,20,12,84,1,0,Mississippi State,13,33,45,35,18,169,0,3,H,25.5,25,9,217,-15,-6,-85,1,-3
890,10/20/2007,Western Kentucky,56,63,380,14,11,130,0,1,Indiana State,7,40,137,20,9,142,3,2,V, ,49,23,243,-6,2,-12,-3,-1
891,10/20/2007,Western Michigan,23,44,196,38,21,237,3,0,Ball State,27,24,72,48,25,358,0,0,H,1,-4,20,124,-10,-4,-121,3,0
892,10/20/2007,Wisconsin,44,55,331,20,12,100,1,0,Northern Illinois,3,18,-13,25,12,112,2,0,H,23,41,37,344,-5,0,-12,-1,0
893,10/20/2007,Wyoming,12,44,144,31,20,260,3,2,Air Force,20,55,232,13,9,98,0,1,V,-2.5,-8,-11,-88,18,11,162,3,1
894,10/21/2007,Marshall,24,31,99,38,20,309,3,1,Southern Miss,33,41,160,30,23,310,0,0,H,-4,-9,-10,-61,8,-3,-1,3,1
895,10/21/2007,Southern Miss,33,41,160,30,23,310,0,0,Marshall,24,31,99,38,20,309,3,1,V,4,9,10,61,-8,3,1,-3,-1
896,10/25/2007,Air Force,31,49,212,18,11,110,0,5,New Mexico,34,48,156,28,16,169,1,1,V,-6.5,-3,1,56,-10,-5,-59,-1,4
897,10/25/2007,Boston College,14,18,32,53,25,285,2,0,Virginia Tech,10,41,116,25,15,149,0,2,V,-3,4,-23,-84,28,10,136,2,-2
898,10/25/2007,New Mexico,34,48,156,28,16,169,1,1,Air Force,31,49,212,18,11,110,0,5,H,6.5,3,-1,-56,10,5,59,1,-4
899,10/25/2007,Virginia Tech,10,41,116,25,15,149,0,2,Boston College,14,18,32,53,25,285,2,0,H,3,-4,23,84,-28,-10,-136,-2,2
900,10/26/2007,Boise State,34,43,282,29,18,158,0,0,Fresno State,21,26,89,39,21,263,1,0,V,2.5,13,17,193,-10,-3,-105,-1,0
901,10/26/2007,Fresno State,21,26,89,39,21,263,1,0,Boise State,34,43,282,29,18,158,0,0,H,-2.5,-13,-17,-193,10,3,105,1,0
902,10/27/2007,Akron,10,39,142,39,19,185,2,1,Buffalo,26,51,155,14,11,125,0,0,V,0,-16,-12,-13,25,8,60,2,1
903,10/27/2007,Arizona,48,24,25,51,38,511,1,2,Washington,41,46,236,30,17,336,2,3,V,-4,7,-22,-211,21,21,175,-1,-1
904,10/27/2007,Arizona State,31,53,144,29,17,219,0,1,California,20,25,84,36,18,275,2,0,H,3,11,28,60,-7,-1,-56,-2,1
905,10/27/2007,Arkansas,58,42,249,31,17,190,1,1,Florida Intl,10,41,158,29,10,123,5,2,H,41,48,1,91,2,7,67,-4,-1
906,10/27/2007,Arkansas State,0,34,116,28,12,121,3,1,Troy,27,43,200,26,16,168,1,3,H,-5,-27,-9,-84,2,-4,-47,2,-2
907,10/27/2007,Auburn,42,48,231,26,16,189,0,1,Mississippi,28,29,70,28,14,123,1,0,H,28,14,19,161,-2,2,66,-1,1
908,10/27/2007,Ball State,17,38,170,33,16,167,1,0,Illinois,28,52,324,15,7,145,2,1,V,-13.5,-11,-14,-154,18,9,22,-1,-1
909,10/27/2007,Baylor,13,26,13,35,20,305,3,4,Kansas State,51,46,208,36,23,255,1,1,V,-26.5,-38,-20,-195,-1,-3,50,2,3
910,10/27/2007,Bowling Green,27,32,158,43,19,249,2,2,Ohio,38,53,264,17,12,166,1,0,H,7.5,-11,-21,-106,26,7,83,1,2
911,10/27/2007,Buffalo,26,51,155,14,11,125,0,0,Akron,10,39,142,39,19,185,2,1,H,0,16,12,13,-25,-8,-60,-2,-1
912,10/27/2007,California,20,25,84,36,18,275,2,0,Arizona State,31,53,144,29,17,219,0,1,V,-3,-11,-28,-60,7,1,56,2,-1
913,10/27/2007,Central Michigan,41,51,221,43,33,359,1,0,Kent State,32,40,136,28,18,247,0,0,V,3.5,9,11,85,15,15,112,1,0
914,10/27/2007,Clemson,30,56,249,26,20,179,0,1,Maryland,17,32,97,31,19,217,1,1,V,3.5,13,24,152,-5,1,-38,-1,0
915,10/27/2007,Colorado,31,44,217,27,16,132,0,0,Texas Tech,26,12,39,63,46,431,4,0,V,-13,5,32,178,-36,-30,-299,-4,0
916,10/27/2007,Colorado State,3,34,131,28,16,140,1,0,Utah,27,49,322,22,14,130,1,1,H,-5,-24,-15,-191,6,2,10,0,-1
917,10/27/2007,Connecticut,22,46,159,26,13,194,1,0,South Florida,15,44,251,30,16,189,2,0,H,-4.5,7,2,-92,-4,-3,5,-1,0
918,10/27/2007,Duke,6,19,9,31,17,213,1,0,Florida State,25,39,195,47,35,339,0,2,V,-17.5,-19,-20,-186,-16,-18,-126,1,-2
919,10/27/2007,East Carolina,41,35,216,31,20,255,0,0,U-A-B,6,35,168,37,17,128,2,0,H,14,35,0,48,-6,3,127,-2,0
920,10/27/2007,Eastern Michigan,19,52,255,28,15,137,1,0,Western Michigan,2,23,53,27,13,146,3,3,H,-5.5,17,29,202,1,2,-9,-2,-3
921,10/27/2007,Florida,30,35,107,22,14,236,0,2,Georgia,42,44,196,18,11,217,1,0,N,7.5,-12,-9,-89,4,3,19,-1,2
922,10/27/2007,Florida Atlantic,30,33,128,55,35,317,2,0,UL-Monroe,33,47,207,36,23,201,1,1,H,6.5,-3,-14,-79,19,12,116,1,-1
923,10/27/2007,Florida Intl,10,41,158,29,10,123,5,2,Arkansas,58,42,249,31,17,190,1,1,V,-41,-48,-1,-91,-2,-7,-67,4,1
924,10/27/2007,Florida State,25,39,195,47,35,339,0,2,Duke,6,19,9,31,17,213,1,0,H,17.5,19,20,186,16,18,126,-1,2
925,10/27/2007,Georgia,42,44,196,18,11,217,1,0,Florida,30,35,107,22,14,236,0,2,N,-7.5,12,9,89,-4,-3,-19,1,-2
926,10/27/2007,Hawaii,50,14,67,46,29,425,1,1,New Mexico State,13,27,77,59,41,365,3,0,H,30.5,37,-13,-10,-13,-12,60,-2,1
927,10/27/2007,Houston,34,56,306,36,23,214,0,0,UTEP,31,37,193,26,11,176,0,1,V,6,3,19,113,10,12,38,0,-1
928,10/27/2007,Idaho,21,35,56,24,12,156,1,0,Nevada-Reno,37,45,159,26,15,203,0,1,V,-18,-16,-10,-103,-2,-3,-47,1,-1
929,10/27/2007,Illinois,28,52,324,15,7,145,2,1,Ball State,17,38,170,33,16,167,1,0,H,13.5,11,14,154,-18,-9,-22,1,1
930,10/27/2007,Indiana,3,31,145,33,17,113,2,3,Wisconsin,33,55,279,21,12,144,1,1,V,-9,-30,-24,-134,12,5,-31,1,2
931,10/27/2007,Iowa,34,44,230,15,5,53,0,0,Michigan State,27,52,165,44,25,308,0,1,H,-3,7,-8,65,-29,-20,-255,0,-1
932,10/27/2007,Iowa State,3,39,152,48,33,237,0,1,Missouri,17,28,116,37,28,250,1,0,V,-17.5,-14,11,36,11,5,-13,-1,1
933,10/27/2007,Kansas,19,46,227,33,21,180,0,0,Texas A+M,11,27,74,45,24,244,0,1,V,2.5,8,19,153,-12,-3,-64,0,-1
934,10/27/2007,Kansas State,51,46,208,36,23,255,1,1,Baylor,13,26,13,35,20,305,3,4,H,26.5,38,20,195,1,3,-50,-2,-3
935,10/27/2007,Kent State,32,40,136,28,18,247,0,0,Central Michigan,41,51,221,43,33,359,1,0,H,-3.5,-9,-11,-85,-15,-15,-112,-1,0
936,10/27/2007,Kentucky,14,27,89,42,24,230,3,3,Mississippi State,31,51,200,28,17,152,0,1,H,13.5,-17,-24,-111,14,7,78,3,2
937,10/27/2007,Louisiana Tech,31,53,288,29,23,230,1,0,Utah State,21,35,106,26,17,220,1,0,V,2.5,10,18,182,3,6,10,0,0
938,10/27/2007,Louisville,24,39,120,30,21,236,1,0,Pittsburgh,17,35,107,21,11,163,0,1,H,10.5,7,4,13,9,10,73,1,-1
939,10/27/2007,Marshall,34,77,353,71,35,536,3,1,Rice,21,68,290,79,53,608,1,0,H,9,13,9,63,-8,-18,-72,2,1
940,10/27/2007,Maryland,17,32,97,31,19,219,1,1,Clemson,30,56,249,26,20,179,0,1,H,-3.5,-13,-24,-152,5,-1,40,1,0
941,10/27/2007,Memphis,28,25,59,40,27,379,1,1,Tulane,27,58,350,16,8,105,1,1,V,-1.5,1,-33,-291,24,19,274,0,0
942,10/27/2007,Miami-Ohio,13,27,26,37,18,212,0,0,Vanderbilt,24,54,290,19,11,121,1,3,V,-13.5,-11,-27,-264,18,7,91,-1,-3
943,10/27/2007,Michigan,34,49,307,21,12,254,0,2,Minnesota,10,36,132,30,14,99,0,1,H,21.5,24,13,175,-9,-2,155,0,1
944,10/27/2007,Michigan State,27,52,160,44,25,308,0,1,Iowa,34,44,230,15,5,53,0,0,V,3,-7,8,-70,29,20,255,0,1
945,10/27/2007,Middle Tennessee,48,42,132,38,22,203,0,0,North Texas,28,22,87,45,25,296,4,1,V,13,20,20,45,-7,-3,-93,-4,-1
946,10/27/2007,Minnesota,10,36,132,30,14,99,0,1,Michigan,34,49,307,21,12,254,0,2,V,-21.5,-24,-13,-175,9,2,-155,0,-1
947,10/27/2007,Mississippi,28,29,70,28,14,123,1,0,Auburn,42,48,231,26,16,189,0,1,V,-28,-14,-19,-161,2,-2,-66,1,-1
948,10/27/2007,Mississippi State,31,51,200,28,17,152,0,1,Kentucky,14,27,89,42,24,230,3,3,V,-13.5,17,24,111,-14,-7,-78,-3,-2
949,10/27/2007,Missouri,17,28,116,37,28,250,1,0,Iowa State,3,39,152,48,33,237,0,1,H,17.5,14,-11,-36,-11,-5,13,1,-1
950,10/27/2007,Navy,52,65,342,15,10,164,0,2,Delaware,59,33,147,41,30,434,0,0,H, ,-7,32,195,-26,-20,-270,0,2
951,10/27/2007,Nebraska,25,38,132,38,25,315,0,1,Texas,28,48,364,29,12,181,1,0,V,-20.5,-3,-10,-232,9,13,134,-1,1
952,10/27/2007,Nevada-Las Vegas,24,41,43,39,21,223,2,0,Wyoming,29,46,208,33,13,156,2,0,V,-10,-5,-5,-165,6,8,67,0,0
953,10/27/2007,Nevada-Reno,37,45,159,26,15,203,0,1,Idaho,21,35,56,24,12,156,1,0,H,18,16,10,103,2,3,47,-1,1
954,10/27/2007,New Mexico State,13,27,77,59,41,365,3,0,Hawaii,50,14,67,46,29,425,1,1,V,-30.5,-37,13,10,13,12,-60,2,-1
955,10/27/2007,No Carolina State,29,30,84,46,26,347,1,0,Virginia,24,36,94,51,26,275,2,0,H,-3.5,5,-6,-10,-5,0,72,-1,0
956,10/27/2007,North Carolina,10,30,77,33,26,236,2,1,Wake Forest,37,40,138,16,13,131,0,0,V,-6,-27,-10,-61,17,13,105,2,1
957,10/27/2007,North Texas,28,22,87,45,25,296,4,1,Middle Tennessee,48,42,132,38,22,203,0,0,H,-13,-20,-20,-45,7,3,93,4,1
958,10/27/2007,Northern Illinois,21,32,177,27,13,175,1,2,Toledo,70,59,382,33,26,430,0,2,V,-3.5,-49,-27,-205,-6,-13,-255,1,0
959,10/27/2007,Northwestern,17,29,89,39,20,208,3,1,Purdue,35,38,220,38,24,182,0,0,V,-13.5,-18,-9,-131,1,-4,26,3,1
960,10/27/2007,Ohio,38,53,264,18,13,166,1,0,Bowling Green,27,32,158,43,19,249,2,2,V,-7.5,11,21,106,-25,-6,-83,-1,-2
961,10/27/2007,Ohio State,37,48,200,26,19,253,1,0,Penn State,17,23,139,26,16,124,1,1,V,3.5,20,25,61,0,3,129,0,-1
962,10/27/2007,Oregon,24,47,182,25,16,157,0,2,Southern Cal,17,33,101,42,26,277,2,1,H,3,7,14,81,-17,-10,-120,-2,1
963,10/27/2007,Oregon State,23,44,173,21,14,142,0,0,Stanford,6,25,-8,32,16,189,2,2,H,14,17,19,181,-11,-2,-47,-2,-2
964,10/27/2007,Penn State,17,23,139,26,16,124,1,1,Ohio State,37,48,200,26,19,253,1,0,H,-3.5,-20,-25,-61,0,-3,-129,0,1
965,10/27/2007,Pittsburgh,17,35,107,21,11,163,0,1,Louisville,24,39,120,30,21,236,1,0,V,-10.5,-7,-4,-13,-9,-10,-73,-1,1
966,10/27/2007,Purdue,35,38,225,38,24,182,0,0,Northwestern,17,29,89,39,20,208,3,1,H,13.5,18,9,136,-1,4,-26,-3,-1
967,10/27/2007,Rice,21,27,130,49,30,298,1,0,Marshall,34,46,254,33,15,227,0,0,V,-9,-13,-19,-124,16,15,71,1,0
968,10/27/2007,Rutgers,3,40,183,31,15,131,2,2,West Virginia,31,47,254,16,10,144,0,0,H,-6,-28,-7,-71,15,5,-13,2,2
969,10/27/2007,S-M-U,23,47,158,35,17,192,1,0,Tulsa,29,33,102,45,27,336,2,3,V,-14.5,-6,14,56,-10,-10,-144,-1,-3
970,10/27/2007,South Carolina,24,39,171,50,34,330,2,2,Tennessee,27,28,101,45,26,216,1,0,V,-3,-3,11,70,5,8,114,1,2
971,10/27/2007,South Florida,15,44,251,30,16,189,2,0,Connecticut,22,46,159,26,13,194,1,0,V,4.5,-7,-2,92,4,3,-5,1,0
972,10/27/2007,Southern Cal,17,33,101,42,26,277,2,1,Oregon,24,47,182,25,16,157,0,2,V,-3,-7,-14,-81,17,10,120,2,-1
973,10/27/2007,Stanford,6,25,-8,32,16,189,2,2,Oregon State,23,44,173,21,14,143,0,1,V,-14,-17,-19,-181,11,2,46,2,1
974,10/27/2007,Tennessee,27,28,101,45,26,216,1,0,South Carolina,24,39,171,50,34,330,2,2,H,3,3,-11,-70,-5,-8,-114,-1,-2
975,10/27/2007,Texas,28,48,364,29,12,181,1,0,Nebraska,25,38,132,38,25,315,0,1,H,20.5,3,10,232,-9,-13,-134,1,-1
976,10/27/2007,Texas A+M,11,27,74,45,24,244,0,1,Kansas,19,46,227,33,21,180,0,0,H,-2.5,-8,-19,-153,12,3,64,0,1
977,10/27/2007,Texas Tech,26,12,39,63,46,431,4,0,Colorado,31,44,217,27,16,132,0,0,H,13,-5,-32,-178,36,30,299,4,0
978,10/27/2007,Toledo,70,59,382,33,26,430,0,2,Northern Illinois,21,32,177,28,14,175,1,2,H,3.5,49,27,205,5,12,255,-1,0
979,10/27/2007,Troy,27,43,200,26,16,168,1,3,Arkansas State,0,34,116,28,12,121,3,1,V,5,27,9,84,-2,4,47,-2,2
980,10/27/2007,Tulane,27,58,350,16,8,105,1,1,Memphis,28,25,59,40,27,379,1,1,H,1.5,-1,33,291,-24,-19,-274,0,0
981,10/27/2007,Tulsa,29,33,102,45,27,336,2,3,S-M-U,23,47,158,35,17,192,1,0,H,14.5,6,-14,-56,10,10,144,1,3
982,10/27/2007,U-A-B,6,35,168,37,17,128,2,0,East Carolina,41,35,216,31,20,255,0,0,V,-14,-35,0,-48,6,-3,-127,2,0
983,10/27/2007,U.C.L.A.,7,29,100,36,17,167,0,1,Washington State,27,51,274,47,28,271,1,0,V,6,-20,-22,-174,-11,-11,-104,-1,1
984,10/27/2007,UL-Monroe,33,47,207,36,23,201,1,1,Florida Atlantic,30,33,128,55,35,317,2,0,V,-6.5,3,14,79,-19,-12,-116,-1,1
985,10/27/2007,UTEP,31,37,193,26,11,176,0,1,Houston,34,56,306,36,23,214,0,0,H,-6,-3,-19,-113,-10,-12,-38,0,1
986,10/27/2007,Utah,27,49,322,22,14,130,1,1,Colorado State,3,34,131,28,16,140,1,0,V,5,24,15,191,-6,-2,-10,0,1
987,10/27/2007,Utah State,21,35,106,26,17,220,1,0,Louisiana Tech,31,53,288,29,23,230,1,0,H,-2.5,-10,-18,-182,-3,-6,-10,0,0
988,10/27/2007,Vanderbilt,24,54,290,19,11,121,1,3,Miami-Ohio,13,27,26,37,18,212,0,0,H,13.5,11,27,264,-18,-7,-91,1,3
989,10/27/2007,Virginia,24,36,94,51,26,275,2,0,No Carolina State,29,30,84,46,26,349,1,0,V,3.5,-5,6,10,5,0,-74,1,0
990,10/27/2007,Wake Forest,37,40,138,16,13,131,0,0,North Carolina,10,30,77,33,26,236,2,1,H,6,27,10,61,-17,-13,-105,-2,-1
991,10/27/2007,Washington,41,46,236,30,17,336,2,3,Arizona,48,24,25,51,38,510,1,1,H,4,-7,22,211,-21,-21,-174,1,2
992,10/27/2007,Washington State,27,51,274,47,28,271,1,0,U.C.L.A.,7,29,100,36,17,167,0,1,H,-6,20,22,174,11,11,104,1,-1
993,10/27/2007,West Virginia,31,47,254,16,10,144,0,0,Rutgers,3,40,183,31,15,131,2,2,V,6,28,7,71,-15,-5,13,-2,-2
994,10/27/2007,Western Kentucky,50,52,373,17,12,165,0,0,No Carolina Central,14,37,162,27,16,171,3,0,H, ,36,15,211,-10,-4,-6,-3,0
995,10/27/2007,Western Michigan,2,23,53,27,13,146,3,3,Eastern Michigan,19,52,255,28,15,137,1,0,V,5.5,-17,-29,-202,-1,-2,9,2,3
996,10/27/2007,Wisconsin,33,55,279,21,12,144,1,1,Indiana,3,31,145,33,17,113,2,3,H,9,30,24,134,-12,-5,31,-1,-2
997,10/27/2007,Wyoming,29,46,208,33,13,156,2,0,Nevada-Las Vegas,24,41,43,39,21,223,2,0,H,10,5,5,165,-6,-8,-67,0,0
998,10/28/2007,Southern Miss,17,72,319,59,43,454,3,1,U-C-F,34,84,318,54,32,471,3,1,H,3,-17,-12,1,5,11,-17,0,0
999,10/28/2007,U-C-F,34,53,219,16,12,162,0,0,Southern Miss,17,31,159,29,20,144,3,1,V,-3,17,22,60,-13,-8,18,-3,-1
1000,11/01/2007,Georgia Tech,3,26,105,29,12,166,5,1,Virginia Tech,27,46,185,33,22,296,0,1,H,2.5,-24,-20,-80,-4,-10,-130,5,0
1001,11/01/2007,Virginia Tech,27,46,185,33,22,296,0,1,Georgia Tech,3,26,105,29,12,166,5,1,V,-2.5,24,20,80,4,10,130,-5,0
1002,11/02/2007,Akron,20,46,243,31,14,192,2,2,Bowling Green,44,38,216,37,27,301,0,0,V,-7,-24,8,27,-6,-13,-109,2,2
1003,11/02/2007,Bowling Green,44,38,216,37,27,301,0,0,Akron,20,46,243,31,14,192,2,2,H,7,24,-8,-27,6,13,109,-2,-2
1004,11/02/2007,Nevada-Reno,40,47,285,28,15,237,1,1,New Mexico State,38,30,103,49,35,407,0,1,V,7,2,17,182,-21,-20,-170,1,0
1005,11/02/2007,New Mexico State,38,30,103,49,35,407,0,1,Nevada-Reno,40,47,285,28,15,237,1,1,H,-7,-2,-17,-182,21,20,170,-1,0
1006,11/02/2007,Ohio,23,49,219,21,14,185,0,0,Temple,7,31,48,26,17,161,1,1,H,9.5,16,18,171,-5,-3,24,-1,-1
1007,11/02/2007,Temple,7,31,48,26,17,161,1,1,Ohio,23,49,219,21,14,185,0,0,V,-9.5,-16,-18,-171,5,3,-24,1,1
1008,11/03/2007,Air Force,30,67,437,12,9,105,1,0,Army,10,26,17,33,14,164,0,0,H,17,20,41,420,-21,-5,-59,1,0
1009,11/03/2007,Alabama,34,33,20,40,14,234,1,1,Louisiana State,41,34,87,46,25,388,3,0,H,-6.5,-7,-1,-67,-6,-11,-154,-2,1
1010,11/03/2007,Arizona,34,34,128,36,21,341,0,0,U.C.L.A.,27,41,145,28,10,143,0,0,H,0,7,-7,-17,8,11,198,0,0
1011,11/03/2007,Arizona State,23,41,110,37,22,379,1,1,Oregon,35,41,200,26,15,200,0,1,V,-9,-12,0,-90,11,7,179,1,0
1012,11/03/2007,Arkansas,48,58,542,11,9,109,0,0,South Carolina,36,33,110,51,27,364,0,0,H,5.5,12,25,432,-40,-18,-255,0,0
1013,11/03/2007,Arkansas State,27,41,177,30,19,174,0,0,Florida Intl,24,42,140,19,9,110,2,0,H,17,3,-1,37,11,10,64,-2,0
1014,11/03/2007,Army,10,26,17,33,14,164,0,0,Air Force,30,67,437,12,9,105,1,0,V,-17,-20,-41,-420,21,5,59,-1,0
1015,11/03/2007,Auburn,35,36,115,29,15,259,1,0,Tennessee Tech,3,34,136,28,19,168,2,2,H, ,32,2,-21,1,-4,91,-1,-2
1016,11/03/2007,Ball State,20,32,67,49,27,345,2,0,Indiana,38,31,108,35,22,354,1,2,V,-7,-18,1,-41,14,5,-9,1,-2
1017,11/03/2007,Baylor,7,35,91,47,25,191,1,1,Texas Tech,38,17,73,59,44,490,0,1,H,-21,-31,18,18,-12,-19,-299,1,0
1018,11/03/2007,Boise State,42,31,144,41,32,290,1,1,San Jose State,7,32,50,30,16,100,0,0,H,25.5,35,-1,94,11,16,190,1,1
1019,11/03/2007,Boston College,17,21,63,53,26,415,3,1,Florida State,27,31,81,46,30,371,0,0,H,6.5,-10,-10,-18,7,-4,44,3,1
1020,11/03/2007,Brigham Young,35,38,106,31,22,355,1,1,Colorado State,16,43,150,35,18,161,1,0,H,21,19,-5,-44,-4,4,194,0,1
1021,11/03/2007,Buffalo,28,27,103,45,33,217,0,1,Miami-Ohio,31,39,216,26,20,259,0,2,V,-6,-3,-12,-113,19,13,-42,0,-1
1022,11/03/2007,California,20,41,166,40,27,179,1,2,Washington State,17,23,49,45,21,305,1,0,H,15.5,3,18,117,-5,6,-126,0,2
1023,11/03/2007,Cincinnati,38,38,137,32,14,238,1,1,South Florida,33,37,99,54,31,382,4,4,V,-5,5,1,38,-22,-17,-144,-3,-3
1024,11/03/2007,Clemson,47,32,152,29,19,198,0,0,Duke,10,30,28,29,17,170,1,1,V,17.5,37,2,124,0,2,28,-1,-1
1025,11/03/2007,Colorado,10,30,84,28,14,112,1,2,Missouri,55,42,169,45,27,429,1,0,H,-3.5,-45,-12,-85,-17,-13,-317,0,2
1026,11/03/2007,Colorado State,16,43,150,35,18,161,1,0,Brigham Young,35,38,106,31,22,355,1,1,V,-21,-19,5,44,4,-4,-194,0,-1
1027,11/03/2007,Connecticut,38,39,256,21,10,140,0,0,Rutgers,19,33,168,54,32,343,1,0,H,0,19,6,88,-33,-22,-203,-1,0
1028,11/03/2007,Duke,10,30,28,29,17,170,1,1,Clemson,47,32,152,29,19,198,0,0,H,-17.5,-37,-2,-124,0,-2,-28,1,1
1029,11/03/2007,East Carolina,56,44,491,26,12,150,0,0,Memphis,40,28,77,61,34,416,2,0,V,5,16,16,414,-35,-22,-266,-2,0
1030,11/03/2007,Eastern Michigan,28,44,217,34,18,200,2,0,Toledo,52,44,324,29,17,276,0,1,V,-8,-24,0,-107,5,1,-76,2,-1
1031,11/03/2007,Florida,49,36,210,29,23,288,1,1,Vanderbilt,22,33,93,35,18,162,2,1,H,14.5,27,3,117,-6,5,126,-1,0
1032,11/03/2007,Florida Intl,24,42,140,19,9,110,2,0,Arkansas State,27,41,177,30,19,174,0,0,V,-17,-3,1,-37,-11,-10,-64,2,0
1033,11/03/2007,Florida State,27,31,81,46,30,371,0,0,Boston College,17,21,63,53,26,415,3,1,V,-6.5,10,10,18,-7,4,-44,-3,-1
1034,11/03/2007,Fresno State,38,47,255,18,13,131,1,1,Utah State,27,38,155,26,18,214,0,1,H,20.5,11,9,100,-8,-5,-83,1,0
1035,11/03/2007,Georgia,44,37,240,32,19,225,1,2,Troy,34,32,115,52,34,373,2,2,H,14,10,5,125,-20,-15,-148,-1,0
1036,11/03/2007,Idaho,16,26,67,49,17,218,3,1,Louisiana Tech,28,53,211,26,16,227,1,2,H,-3.5,-12,-27,-144,23,1,-9,2,-1
1037,11/03/2007,Illinois,44,50,448,21,14,207,1,1,Minnesota,17,31,95,35,21,242,1,0,V,11.5,27,19,353,-14,-7,-35,0,1
1038,11/03/2007,Indiana,38,31,108,35,22,354,1,2,Ball State,20,32,67,49,27,345,2,0,H,7,18,-1,41,-14,-5,9,-1,2
1039,11/03/2007,Iowa,28,34,70,36,21,299,0,1,Northwestern,17,33,116,55,28,277,3,0,V,-2,11,1,-46,-19,-7,22,-3,1
1040,11/03/2007,Iowa State,31,40,120,26,17,228,1,0,Kansas State,20,29,78,45,28,347,2,1,H,-14.5,11,11,42,-19,-11,-119,-1,-1
1041,11/03/2007,Kansas,76,49,218,41,30,354,0,0,Nebraska,39,23,79,50,25,405,4,1,H,18.5,37,26,139,-9,5,-51,-4,-1
1042,11/03/2007,Kansas State,20,29,78,45,28,347,2,1,Iowa State,31,40,120,26,17,228,1,0,V,14.5,-11,-11,-42,19,11,119,1,1
1043,11/03/2007,Louisiana State,41,34,87,46,25,388,3,0,Alabama,34,33,20,40,14,234,1,1,V,6.5,7,1,67,6,11,154,2,-1
1044,11/03/2007,Louisiana Tech,28,53,211,26,16,227,1,2,Idaho,16,26,67,49,17,218,3,1,V,3.5,12,27,144,-23,-1,9,-2,1
1045,11/03/2007,Marshall,13,26,88,35,19,249,3,0,U-C-F,47,52,269,22,14,203,1,0,V,-13.5,-34,-26,-181,13,5,46,2,0
1046,11/03/2007,Maryland,13,33,93,36,20,209,1,1,North Carolina,16,36,110,26,16,149,2,1,V,-2,-3,-3,-17,10,4,60,-1,0
1047,11/03/2007,Memphis,40,28,77,61,34,416,2,0,East Carolina,56,44,491,26,12,150,1,0,H,-5,-16,-16,-414,35,22,266,1,0
1048,11/03/2007,Miami-Florida,16,60,314,14,1,84,3,0,No Carolina State,19,35,110,40,19,207,0,0,H,10,-3,25,204,-26,-18,-123,3,0
1049,11/03/2007,Miami-Ohio,31,39,216,26,20,259,0,2,Buffalo,28,27,103,45,33,217,0,1,H,6,3,12,113,-19,-13,42,0,1
1050,11/03/2007,Michigan,28,30,100,33,18,211,1,0,Michigan State,24,43,191,35,19,161,1,0,V,4,4,-13,-91,-2,-1,50,0,0
1051,11/03/2007,Michigan State,24,43,191,35,19,161,1,0,Michigan,28,30,100,33,18,211,1,0,H,-4,-4,13,91,2,1,-50,0,0
1052,11/03/2007,Middle Tennessee,43,35,98,29,22,401,1,0,UL-Monroe,40,47,360,38,24,264,2,2,V,3,3,-12,-262,-9,-2,137,-1,-2
1053,11/03/2007,Minnesota,17,31,95,35,21,242,1,0,Illinois,44,50,448,21,14,207,1,1,H,-11.5,-27,-19,-353,14,7,35,0,-1
1054,11/03/2007,Mississippi,38,31,195,28,10,177,1,0,Northwestern St(LA),31,43,194,34,24,305,1,2,H, ,7,-12,1,-6,-14,-128,0,-2
1055,11/03/2007,Missouri,55,42,169,45,27,429,1,0,Colorado,10,30,84,28,14,112,1,2,V,3.5,45,12,85,17,13,317,0,-2
1056,11/03/2007,Navy,46,66,257,9,6,81,0,1,Notre Dame,44,63,235,27,17,140,0,1,V,-3.5,2,3,22,-18,-11,-59,0,0
1057,11/03/2007,Nebraska,39,23,79,50,25,405,4,1,Kansas,76,49,218,41,30,354,0,0,V,-18.5,-37,-26,-139,9,-5,51,4,1
1058,11/03/2007,New Mexico,0,26,28,32,9,91,1,1,Texas Christian,37,60,238,22,13,183,1,0,V,-3.5,-37,-34,-210,10,-4,-92,0,1
1059,11/03/2007,No Carolina State,19,35,110,40,19,207,0,0,Miami-Florida,16,60,314,14,1,84,3,0,V,-10,3,-25,-204,26,18,123,-3,0
1060,11/03/2007,North Carolina,16,36,110,26,16,149,2,1,Maryland,13,33,93,36,20,209,1,1,H,2,3,3,17,-10,-4,-60,1,0
1061,11/03/2007,Northwestern,17,33,116,55,28,277,3,0,Iowa,28,34,70,36,21,299,0,1,H,2,-11,-1,46,19,7,-22,3,-1
1062,11/03/2007,Notre Dame,44,63,235,27,17,140,0,1,Navy,46,66,257,9,6,81,0,1,H,3.5,-2,-3,-22,18,11,59,0,0
1063,11/03/2007,Ohio State,38,36,211,28,17,166,0,0,Wisconsin,17,37,12,30,18,269,0,2,H,16,21,-1,199,-2,-1,-103,0,-2
1064,11/03/2007,Oklahoma,42,43,186,30,21,284,0,0,Texas A+M,14,34,128,28,15,155,0,2,H,21,28,9,58,2,6,129,0,-2
1065,11/03/2007,Oklahoma State,35,45,164,42,30,430,0,1,Texas,38,42,307,28,20,282,3,0,H,-1.5,-3,3,-143,14,10,148,-3,1
1066,11/03/2007,Oregon,35,41,200,26,15,200,0,1,Arizona State,23,41,110,37,22,379,1,1,H,9,12,0,90,-11,-7,-179,-1,0
1067,11/03/2007,Oregon State,3,37,91,28,11,85,1,0,Southern Cal,24,36,100,34,20,187,0,1,V,-17,-21,1,-9,-6,-9,-102,1,-1
1068,11/03/2007,Penn State,26,41,251,36,22,210,0,1,Purdue,19,23,68,48,27,255,0,1,H,8,7,18,183,-12,-5,-45,0,0
1069,11/03/2007,Pittsburgh,20,41,141,30,21,153,0,0,Syracuse,17,31,30,37,19,235,0,0,H,13,3,10,111,-7,2,-82,0,0
1070,11/03/2007,Purdue,19,23,68,48,27,255,0,1,Penn State,26,41,251,36,22,210,0,1,V,-8,-7,-18,-183,12,5,45,0,0
1071,11/03/2007,Rice,56,34,163,58,32,395,3,4,UTEP,48,33,49,57,30,373,0,3,H,-7.5,8,1,114,1,2,22,3,1
1072,11/03/2007,Rutgers,19,33,168,54,32,343,1,0,Connecticut,38,39,256,21,10,140,0,0,V,0,-19,-6,-88,33,22,203,1,0
1073,11/03/2007,San Diego State,27,24,58,45,20,249,2,0,Wyoming,24,47,91,30,22,159,1,0,H,-4,3,-23,-33,15,-2,90,1,0
1074,11/03/2007,San Jose State,7,32,50,30,16,100,0,0,Boise State,42,31,144,41,32,290,1,1,V,-25.5,-35,1,-94,-11,-16,-190,-1,-1
1075,11/03/2007,South Carolina,36,32,125,51,27,364,0,0,Arkansas,48,58,542,11,9,109,0,0,V,-5.5,-12,-26,-417,40,18,255,0,0
1076,11/03/2007,South Florida,33,37,99,54,31,382,4,4,Cincinnati,38,38,137,32,14,238,1,1,H,5,-5,-1,-38,22,17,144,3,3
1077,11/03/2007,Southern Cal,24,36,100,34,20,187,0,1,Oregon State,3,37,91,28,11,85,1,0,H,17,21,-1,9,6,9,102,-1,1
1078,11/03/2007,Southern Miss,37,56,338,24,11,118,0,1,U-A-B,7,26,65,37,17,179,1,1,V,11,30,30,273,-13,-6,-61,-1,0
1079,11/03/2007,Stanford,9,26,116,31,17,137,0,1,Washington,27,63,388,32,16,151,1,1,H,-3,-18,-37,-272,-1,1,-14,-1,0
1080,11/03/2007,Syracuse,17,31,30,37,19,235,0,0,Pittsburgh,20,41,141,30,21,153,0,0,V,-13,-3,-10,-111,7,-2,82,0,0
1081,11/03/2007,Tennessee,59,39,273,27,19,193,0,0,UL-Lafayette,7,48,234,29,16,130,2,0,H,27.5,52,-9,39,-2,3,63,-2,0
1082,11/03/2007,Texas,38,42,307,28,20,282,3,0,Oklahoma State,35,45,164,42,30,430,0,1,V,1.5,3,-3,143,-14,-10,-148,3,-1
1083,11/03/2007,Texas A+M,14,34,128,28,15,155,0,2,Oklahoma,42,43,186,30,21,284,0,0,V,-21,-28,-9,-58,-2,-6,-129,0,2
1084,11/03/2007,Texas Christian,37,60,238,22,13,183,1,0,New Mexico,0,26,28,32,9,91,1,1,H,3.5,37,34,210,-10,4,92,0,-1
1085,11/03/2007,Texas Tech,38,17,73,59,44,490,0,1,Baylor,7,35,91,47,25,191,1,1,V,21,31,-18,-18,12,19,299,-1,0
1086,11/03/2007,Toledo,52,44,324,29,17,276,0,1,Eastern Michigan,28,44,217,34,18,200,2,0,H,8,24,0,107,-5,-1,76,-2,1
1087,11/03/2007,Troy,34,32,115,52,34,373,2,2,Georgia,44,37,240,32,19,225,1,2,V,-14,-10,-5,-125,20,15,148,1,0
1088,11/03/2007,Tulane,25,38,114,39,23,287,1,0,Tulsa,49,49,281,27,18,319,1,2,H,-7,-24,-11,-167,12,5,-32,0,-2
1089,11/03/2007,Tulsa,49,49,281,27,18,319,1,2,Tulane,25,38,114,39,23,287,1,0,V,7,24,11,167,-12,-5,32,0,2
1090,11/03/2007,U-A-B,7,26,65,37,17,179,1,1,Southern Miss,37,56,338,24,11,118,0,1,H,-11,-30,-30,-273,13,6,61,1,0
1091,11/03/2007,U-C-F,47,52,269,22,14,203,1,0,Marshall,13,26,88,35,19,249,3,0,H,13.5,34,26,181,-13,-5,-46,-2,0
1092,11/03/2007,U.C.L.A.,27,41,145,28,10,143,0,0,Arizona,34,34,128,36,21,341,0,0,V,0,-7,7,17,-8,-11,-198,0,0
1093,11/03/2007,UL-Lafayette,7,48,234,29,16,130,2,0,Tennessee,59,39,273,27,19,193,0,0,V,-27.5,-52,9,-39,2,-3,-63,2,0
1094,11/03/2007,UL-Monroe,40,47,360,38,24,264,2,2,Middle Tennessee,43,35,98,29,22,401,0,0,H,-3,-3,12,262,9,2,-137,2,2
1095,11/03/2007,UTEP,48,33,49,57,30,373,0,3,Rice,56,34,163,58,32,395,3,4,V,7.5,-8,-1,-114,-1,-2,-22,-3,-1
1096,11/03/2007,Utah State,27,38,155,26,18,214,0,1,Fresno State,38,47,255,18,13,131,1,1,V,-20.5,-11,-9,-100,8,5,83,-1,0
1097,11/03/2007,Vanderbilt,22,33,93,35,18,162,2,1,Florida,49,36,210,29,23,288,1,1,V,-14.5,-27,-3,-117,6,-5,-126,1,0
1098,11/03/2007,Virginia,17,25,82,43,20,225,0,1,Wake Forest,16,50,140,26,20,175,1,0,H,1.5,1,-25,-58,17,0,50,-1,1
1099,11/03/2007,Wake Forest,16,50,140,26,20,175,1,0,Virginia,17,25,82,43,20,225,0,1,V,-1.5,-1,25,58,-17,0,-50,1,-1
1100,11/03/2007,Washington,27,63,388,32,16,151,1,1,Stanford,9,26,116,31,17,137,0,1,V,3,18,37,272,1,-1,14,1,0
1101,11/03/2007,Washington State,17,23,49,45,21,305,1,0,California,20,41,166,40,27,179,1,2,V,-15.5,-3,-18,-117,5,-6,126,0,-2
1102,11/03/2007,Western Kentucky,28,46,259,25,14,225,2,2,Chattanooga,21,47,238,28,16,163,2,0,V, ,7,-1,21,-3,-2,62,0,2
1103,11/03/2007,Wisconsin,17,37,12,30,18,269,0,2,Ohio State,38,36,211,28,17,166,0,0,V,-16,-21,1,-199,2,1,103,0,2
1104,11/03/2007,Wyoming,24,47,91,30,22,159,1,0,San Diego State,27,24,58,45,20,249,2,0,V,4,-3,23,33,-15,2,-90,-1,0
1105,11/04/2007,Houston,38,60,264,30,20,288,0,1,S-M-U,28,29,109,33,19,351,1,3,H,20.5,10,31,155,-3,1,-63,-1,-2
1106,11/04/2007,S-M-U,28,29,109,33,19,351,1,3,Houston,38,60,264,30,20,288,0,1,V,-20.5,-10,-31,-155,3,-1,63,1,2
1107,11/06/2007,Central Michigan,34,43,149,38,23,235,1,1,Western Michigan,31,35,107,37,27,311,1,0,V,3.5,3,8,42,1,-4,-76,0,1
1108,11/06/2007,Western Michigan,31,35,107,37,27,311,1,0,Central Michigan,34,43,149,38,23,235,1,1,H,-3.5,-3,-8,-42,-1,4,76,0,-1
1109,11/07/2007,Akron,48,35,177,28,17,242,1,1,Ohio,37,33,120,37,17,239,0,0,H,-3,11,2,57,-9,0,3,1,1
1110,11/07/2007,Ohio,37,33,120,37,17,239,0,0,Akron,48,35,177,28,17,242,1,1,V,3,-11,-2,-57,9,0,-3,-1,-1
1111,11/08/2007,Brigham Young,27,34,112,44,26,305,1,1,Texas Christian,22,39,130,37,24,222,1,0,H,7,5,-5,-18,7,2,83,0,1
1112,11/08/2007,Louisville,31,27,37,46,27,345,2,2,West Virginia,38,46,216,25,16,181,0,3,V,-17,-7,-19,-179,21,11,164,2,-1
1113,11/08/2007,Texas Christian,22,39,130,37,24,222,1,0,Brigham Young,27,34,112,44,26,305,1,1,V,-7,-5,5,18,-7,-2,-83,0,-1
1114,11/08/2007,West Virginia,38,46,216,25,16,181,0,3,Louisville,31,27,37,46,27,345,2,2,H,17,7,19,179,-21,-11,-164,-2,1
1115,11/09/2007,Army,6,20,97,24,7,55,1,4,Rutgers,41,72,404,12,3,42,1,1,H,-20,-35,-52,-307,12,4,13,0,3
1116,11/09/2007,Bowling Green,39,39,193,33,21,226,1,1,Eastern Michigan,32,52,269,18,12,134,0,0,V,3.5,7,-13,-76,15,9,92,1,1
1117,11/09/2007,Eastern Michigan,32,52,269,18,12,134,0,0,Bowling Green,39,39,193,33,21,226,1,1,H,-3.5,-7,13,76,-15,-9,-92,-1,-1
1118,11/09/2007,Rutgers,41,72,404,12,3,42,1,1,Army,6,20,97,24,7,55,1,4,V,20,35,52,307,-12,-4,-13,0,-3
1119,11/10/2007,Air Force,41,63,285,16,10,120,0,2,Notre Dame,24,38,58,40,22,246,0,2,V,3,17,25,227,-24,-12,-126,0,0
1120,11/10/2007,Alabama,12,37,153,35,16,121,2,0,Mississippi State,17,42,115,21,9,100,1,0,V,3.5,-5,-5,38,14,7,21,1,0
1121,11/10/2007,Arizona State,24,45,152,31,16,200,0,2,U.C.L.A.,20,33,119,29,14,181,1,1,V,7,4,12,33,2,2,19,-1,1
1122,11/10/2007,Arkansas,13,36,127,29,15,162,3,0,Tennessee,34,43,151,25,12,128,0,0,V,1.5,-21,-7,-24,4,3,34,3,0
1123,11/10/2007,Arkansas State,31,35,125,33,19,131,1,0,Florida Atlantic,34,39,105,42,22,268,2,1,V,-6.5,-3,-4,20,-9,-3,-137,-1,-1
1124,11/10/2007,Auburn,20,35,83,30,14,133,4,0,Georgia,45,43,180,19,11,237,1,1,V,-2.5,-25,-8,-97,11,3,-104,3,-1
1125,11/10/2007,Baylor,21,26,170,42,25,280,2,0,Oklahoma,52,37,180,25,20,353,1,0,V,-39,-31,-11,-10,17,5,-73,1,0
1126,11/10/2007,Boise State,52,45,190,32,28,294,0,1,Utah State,0,30,82,24,12,154,3,1,V,24,52,15,108,8,16,140,-3,0
1127,11/10/2007,Boston College,35,27,45,56,33,421,2,0,Maryland,42,40,135,27,21,337,0,0,V,7,-7,-13,-90,29,12,84,2,0
1128,11/10/2007,California,17,45,200,29,13,199,2,1,Southern Cal,24,48,239,20,11,129,0,2,H,-4.5,-7,-3,-39,9,2,70,2,-1
1129,11/10/2007,Cincinnati,27,39,144,33,21,276,0,0,Connecticut,3,22,22,37,18,182,1,0,H,7,24,17,122,-4,3,94,-1,0
1130,11/10/2007,Clemson,44,34,145,36,27,266,0,0,Wake Forest,10,37,83,35,24,204,1,0,H,9,34,-3,62,1,3,62,-1,0
1131,11/10/2007,Colorado,28,32,157,40,23,262,0,1,Iowa State,31,42,162,27,13,189,1,0,V,4,-3,-10,-5,13,10,73,-1,1
1132,11/10/2007,Colorado State,23,53,178,19,13,221,0,0,New Mexico,26,31,120,29,21,211,0,1,V,-9,-3,22,58,-10,-8,10,0,-1
1133,11/10/2007,Connecticut,3,22,22,37,18,182,1,0,Cincinnati,27,39,144,33,21,276,0,0,V,-7,-24,-17,-122,4,-3,-94,1,0
1134,11/10/2007,Duke,24,28,24,29,12,122,0,1,Georgia Tech,41,52,259,25,11,218,1,1,H,-14,-17,-24,-235,4,1,-96,-1,0
1135,11/10/2007,East Carolina,7,28,108,29,16,151,0,0,Marshall,26,42,239,32,24,238,0,0,V,7,-19,-14,-131,-3,-8,-87,0,0
1136,11/10/2007,Florida,51,48,233,32,22,304,1,2,South Carolina,31,26,68,44,26,316,1,2,V,6.5,20,22,165,-12,-4,-12,0,0
1137,11/10/2007,Florida Atlantic,34,39,105,42,22,268,2,1,Arkansas State,31,35,125,33,19,131,1,0,H,6.5,3,4,-20,9,3,137,1,1
1138,11/10/2007,Florida State,21,28,116,33,13,151,2,1,Virginia Tech,40,54,188,19,11,207,1,0,V,-7,-19,-26,-72,14,2,-56,1,1
1139,11/10/2007,Fresno State,30,44,182,26,15,209,0,1,Hawaii,37,24,137,40,29,410,1,1,V,-19.5,-7,20,45,-14,-14,-201,-1,0
1140,11/10/2007,Georgia,45,43,180,19,11,237,1,1,Auburn,20,35,83,30,14,133,4,0,H,2.5,25,8,97,-11,-3,104,-3,1
1141,11/10/2007,Georgia Tech,41,52,259,25,11,218,1,1,Duke,24,28,24,29,12,122,0,1,V,14,17,24,235,-4,-1,96,1,0
1142,11/10/2007,Hawaii,37,24,137,40,29,410,1,1,Fresno State,30,44,182,26,15,209,0,1,H,19.5,7,-20,-45,14,14,201,1,0
1143,11/10/2007,Houston,7,43,198,24,15,126,3,2,Tulsa,56,46,202,28,15,313,0,1,V,0,-49,-3,-4,-4,0,-187,3,1
1144,11/10/2007,Illinois,28,51,260,22,12,140,0,0,Ohio State,21,36,180,23,13,156,3,0,V,-15,7,15,80,-1,-1,-16,-3,0
1145,11/10/2007,Indiana,28,27,94,28,18,204,1,1,Northwestern,31,46,165,34,27,291,3,0,V,2,-3,-19,-71,-6,-9,-87,-2,1
1146,11/10/2007,Iowa,21,40,139,25,14,157,1,0,Minnesota,16,33,125,41,24,190,1,0,H,14.5,5,7,14,-16,-10,-33,0,0
1147,11/10/2007,Iowa State,31,42,162,27,13,189,1,0,Colorado,28,32,157,40,23,262,0,1,H,-4,3,10,5,-13,-10,-73,1,-1
1148,11/10/2007,Kansas,43,36,177,41,28,352,0,0,Oklahoma State,28,37,195,37,22,276,1,3,V,5,15,-1,-18,4,6,76,-1,-3
1149,11/10/2007,Kansas State,31,28,108,44,26,320,0,0,Nebraska,73,37,183,43,31,519,0,0,V,7.5,-42,-9,-75,1,-5,-199,0,0
1150,11/10/2007,Kent State,20,39,204,42,21,159,1,1,Northern Illinois,27,54,235,29,21,275,2,1,V,3.5,-7,-15,-31,13,0,-116,-1,0
1151,11/10/2007,Kentucky,27,37,129,29,17,222,0,1,Vanderbilt,20,48,239,34,20,193,0,1,V,4,7,-11,-110,-5,-3,29,0,0
1152,11/10/2007,Louisiana State,58,40,321,30,16,274,2,0,Louisiana Tech,10,35,67,39,20,189,2,3,H,36.5,48,5,254,-9,-4,85,0,-3
1153,11/10/2007,Louisiana Tech,10,35,67,39,20,189,2,3,Louisiana State,58,40,321,30,16,274,2,0,V,-36.5,-48,-5,-254,9,4,-85,0,3
1154,11/10/2007,Marshall,26,42,239,32,24,238,0,0,East Carolina,7,28,108,29,16,151,0,0,H,-7,19,14,131,3,8,87,0,0
1155,11/10/2007,Maryland,42,40,135,27,21,337,0,0,Boston College,35,27,45,56,33,421,2,0,H,-7,7,13,90,-29,-12,-84,-2,0
1156,11/10/2007,Memphis,29,26,26,49,35,396,2,0,Southern Miss,26,38,147,18,12,159,1,0,V,-16.5,3,-12,-121,31,23,237,1,0
1157,11/10/2007,Miami-Florida,0,39,95,21,9,94,3,2,Virginia,48,39,130,25,20,288,1,0,H,3.5,-48,0,-35,-4,-11,-194,2,2
1158,11/10/2007,Michigan,21,25,47,41,14,273,3,0,Wisconsin,37,52,232,28,14,245,0,1,V,2.5,-16,-27,-185,13,0,28,3,-1
1159,11/10/2007,Michigan State,48,54,150,31,22,266,0,0,Purdue,31,25,173,45,29,344,2,1,V,-4,17,29,-23,-14,-7,-78,-2,-1
1160,11/10/2007,Middle Tennessee,24,40,138,22,13,118,1,0,UL-Lafayette,34,58,376,20,13,152,2,0,H,13.5,-10,-18,-238,2,0,-34,-1,0
1161,11/10/2007,Minnesota,16,33,125,41,24,190,1,0,Iowa,21,40,139,25,14,157,1,0,V,-14.5,-5,-7,-14,16,10,33,0,0
1162,11/10/2007,Mississippi State,17,42,115,21,9,100,1,0,Alabama,12,37,153,35,16,121,2,0,H,-3.5,5,5,-38,-14,-7,-21,-1,0
1163,11/10/2007,Missouri,40,49,203,35,27,352,0,1,Texas A+M,26,39,133,28,18,247,1,0,H,18.5,14,10,70,7,9,105,-1,1
1164,11/10/2007,Navy,74,57,572,6,4,108,0,1,North Texas,62,28,157,50,40,478,2,0,V,16,12,29,415,-44,-36,-370,-2,1
1165,11/10/2007,Nebraska,73,37,183,43,31,519,0,0,Kansas State,31,28,108,44,26,320,0,0,H,-7.5,42,9,75,-1,5,199,0,0
1166,11/10/2007,Nevada-Las Vegas,30,49,275,29,18,207,1,0,San Diego State,38,26,122,23,17,196,1,0,H,3,-8,23,153,6,1,11,0,0
1167,11/10/2007,New Mexico,26,31,120,29,21,211,0,1,Colorado State,23,53,178,19,13,221,0,0,H,9,3,-22,-58,10,8,-10,0,1
1168,11/10/2007,New Mexico State,17,25,80,49,30,318,3,1,San Jose State,51,44,190,31,19,317,0,0,V,-5,-34,-19,-110,18,11,1,3,1
1169,11/10/2007,No Carolina State,31,43,167,42,26,229,2,0,North Carolina,27,20,12,43,23,291,2,0,H,3.5,4,23,155,-1,3,-62,0,0
1170,11/10/2007,North Carolina,27,20,12,43,23,291,2,0,No Carolina State,31,43,167,42,26,229,2,0,V,-3.5,-4,-23,-155,1,-3,62,0,0
1171,11/10/2007,North Texas,62,28,157,50,40,478,2,0,Navy,74,57,572,6,4,108,0,1,H,-16,-12,-29,-415,44,36,370,2,-1
1172,11/10/2007,Northern Illinois,27,54,235,29,21,275,2,1,Kent State,20,39,204,42,21,159,1,1,H,-3.5,7,15,31,-13,0,116,1,0
1173,11/10/2007,Northwestern,31,46,165,34,27,291,3,0,Indiana,28,27,94,28,18,204,1,1,H,-2,3,19,71,6,9,87,2,-1
1174,11/10/2007,Notre Dame,24,38,58,40,22,246,0,2,Air Force,41,63,285,16,10,120,0,2,H,-3,-17,-25,-227,24,12,126,0,0
1175,11/10/2007,Ohio State,21,36,180,23,13,156,3,0,Illinois,28,51,260,22,12,140,0,0,H,15,-7,-15,-80,1,1,16,3,0
1176,11/10/2007,Oklahoma,52,37,180,25,20,353,1,0,Baylor,21,26,170,42,25,280,2,0,H,39,31,11,10,-17,-5,73,-1,0
1177,11/10/2007,Oklahoma State,28,37,195,37,22,276,1,3,Kansas,43,36,177,41,28,352,0,0,H,-5,-15,1,18,-4,-6,-76,1,3
1178,11/10/2007,Oregon State,29,55,219,22,10,109,1,2,Washington,23,31,85,39,16,249,0,1,H,3.5,6,24,134,-17,-6,-140,1,1
1179,11/10/2007,Penn State,31,41,202,33,22,260,1,1,Temple,0,23,4,43,26,238,0,1,V,25.5,31,18,198,-10,-4,22,1,0
1180,11/10/2007,Purdue,31,25,173,45,29,344,2,1,Michigan State,48,54,150,31,22,266,0,0,H,4,-17,-29,23,14,7,78,2,1
1181,11/10/2007,Rice,43,26,181,53,35,364,1,1,S-M-U,42,50,320,31,13,165,2,0,V,-6,1,-24,-139,22,22,199,-1,1
1182,11/10/2007,S-M-U,42,50,320,31,13,165,2,0,Rice,43,26,181,53,35,364,1,1,H,6,-1,24,139,-22,-22,-199,1,-1
1183,11/10/2007,San Diego State,38,26,122,23,17,196,1,0,Nevada-Las Vegas,30,49,275,29,18,207,1,0,V,-3,8,-23,-153,-6,-1,-11,0,0
1184,11/10/2007,San Jose State,51,44,190,31,19,317,0,0,New Mexico State,17,25,80,49,30,318,3,1,H,5,34,19,110,-18,-11,-1,-3,-1
1185,11/10/2007,South Carolina,31,26,68,44,26,316,1,2,Florida,51,48,233,32,22,304,1,2,H,-6.5,-20,-22,-165,12,4,12,0,0
1186,11/10/2007,South Florida,41,56,346,28,19,236,1,0,Syracuse,10,17,15,38,21,276,2,2,V,19,31,39,331,-10,-2,-40,-1,-2
1187,11/10/2007,Southern Cal,24,48,239,20,11,129,0,2,California,17,45,200,29,13,199,2,1,V,4.5,7,3,39,-9,-2,-70,-2,1
1188,11/10/2007,Southern Miss,26,38,147,18,12,159,1,0,Memphis,29,26,26,49,35,396,2,0,H,16.5,-3,12,121,-31,-23,-237,-1,0
1189,11/10/2007,Stanford,17,47,113,40,22,263,2,1,Washington State,33,31,112,47,32,449,0,3,V,-12,-16,16,1,-7,-10,-186,2,-2
1190,11/10/2007,Syracuse,10,17,15,38,21,276,2,2,South Florida,41,56,346,28,19,236,1,0,H,-19,-31,-39,-331,10,2,40,1,2
1191,11/10/2007,Temple,0,23,4,43,26,238,0,1,Penn State,31,41,202,33,22,260,1,1,H,-25.5,-31,-18,-198,10,4,-22,-1,0
1192,11/10/2007,Tennessee,34,43,151,25,12,128,0,0,Arkansas,13,36,127,29,15,162,3,0,H,-1.5,21,7,24,-4,-3,-34,-3,0
1193,11/10/2007,Texas,59,62,283,30,21,268,1,0,Texas Tech,43,7,10,48,36,466,1,0,H,6.5,16,55,273,-18,-15,-198,0,0
1194,11/10/2007,Texas A+M,26,39,133,28,18,247,1,0,Missouri,40,49,203,35,27,352,0,1,V,-18.5,-14,-10,-70,-7,-9,-105,1,-1
1195,11/10/2007,Texas Tech,43,7,10,48,36,466,1,0,Texas,59,62,283,30,21,268,1,0,V,-6.5,-16,-55,-273,18,15,198,0,0
1196,11/10/2007,Troy,21,44,241,26,13,122,1,0,Western Kentucky,17,49,256,23,12,160,2,1,V, ,4,-5,-15,3,1,-38,-1,-1
1197,11/10/2007,Tulane,34,45,208,23,16,277,0,0,UTEP,19,24,104,45,28,308,1,0,H,-3.5,15,21,104,-22,-12,-31,-1,0
1198,11/10/2007,Tulsa,56,46,202,28,15,313,0,1,Houston,7,43,198,24,15,126,3,2,H,0,49,3,4,4,0,187,-3,-1
1199,11/10/2007,U-A-B,31,35,168,41,20,175,2,0,U-C-F,45,52,402,20,12,104,1,0,H,-20,-14,-17,-234,21,8,71,1,0
1200,11/10/2007,U-C-F,45,52,402,20,12,104,1,0,U-A-B,31,35,168,41,20,175,2,0,V,20,14,17,234,-21,-8,-71,-1,0
1201,11/10/2007,U.C.L.A.,20,33,119,29,14,181,1,1,Arizona State,24,45,152,30,16,200,0,2,H,-7,-4,-12,-33,-1,-2,-19,1,-1
1202,11/10/2007,UL-Lafayette,34,58,376,20,13,152,2,0,Middle Tennessee,24,40,138,22,13,118,1,0,V,-13.5,10,18,238,-2,0,34,1,0
1203,11/10/2007,UL-Monroe,28,53,212,23,16,178,2,2,Grambling,14,24,-4,33,14,169,2,0,H, ,14,29,216,-10,2,9,0,2
1204,11/10/2007,UTEP,19,24,104,45,28,308,1,0,Tulane,34,45,208,23,16,277,0,0,V,3.5,-15,-21,-104,22,12,31,1,0
1205,11/10/2007,Utah,50,51,278,32,19,227,1,0,Wyoming,0,30,37,32,13,85,2,3,H,13.5,50,21,241,0,6,142,-1,-3
1206,11/10/2007,Utah State,0,30,82,24,12,154,3,1,Boise State,52,45,190,32,28,294,0,1,H,-24,-52,-15,-108,-8,-16,-140,3,0
1207,11/10/2007,Vanderbilt,20,48,239,34,20,193,0,1,Kentucky,27,37,129,29,17,222,0,1,H,-4,-7,11,110,5,3,-29,0,0
1208,11/10/2007,Virginia,48,39,130,25,20,288,1,0,Miami-Florida,0,39,95,21,9,94,3,2,V,-3.5,48,0,35,4,11,194,-2,-2
1209,11/10/2007,Virginia Tech,40,54,188,19,11,207,1,0,Florida State,21,28,116,33,13,151,2,1,H,7,19,26,72,-14,-2,56,-1,-1
1210,11/10/2007,Wake Forest,10,37,83,35,24,204,1,0,Clemson,44,34,145,36,27,266,0,0,V,-9,-34,3,-62,-1,-3,-62,1,0
1211,11/10/2007,Washington,23,31,85,39,16,249,0,1,Oregon State,29,55,219,22,10,109,1,2,V,-3.5,-6,-24,-134,17,6,140,-1,-1
1212,11/10/2007,Washington State,33,31,112,47,32,449,0,3,Stanford,17,47,113,40,22,263,2,1,H,12,16,-16,-1,7,10,186,-2,2
1213,11/10/2007,Western Kentucky,17,49,256,23,12,160,2,1,Troy,21,44,241,26,13,122,1,0,H, ,-4,5,15,-3,-1,38,1,1
1214,11/10/2007,Wisconsin,37,52,232,28,14,245,0,1,Michigan,21,25,47,41,14,273,3,0,H,-2.5,16,27,185,-13,0,-28,-3,1
1215,11/10/2007,Wyoming,0,30,37,32,13,85,2,3,Utah,50,51,278,32,19,227,1,0,V,-13.5,-50,-21,-241,0,-6,-142,1,3
1216,11/13/2007,Ball State,41,41,181,20,14,265,0,0,Toledo,20,39,214,34,20,203,2,0,H,7,21,2,-33,-14,-6,62,-2,0
1217,11/13/2007,Toledo,20,39,214,34,20,203,2,0,Ball State,41,41,181,20,14,265,0,0,V,-7,-21,-2,33,14,6,-62,2,0
1218,11/14/2007,Akron,0,36,100,34,12,116,2,1,Miami-Ohio,7,37,131,31,16,189,3,1,V,-7.5,-7,-1,-31,3,-4,-73,-1,0
1219,11/14/2007,Miami-Ohio,7,37,131,31,16,189,3,1,Akron,0,36,100,34,12,116,2,1,H,7.5,7,1,31,-3,4,73,1,0
1220,11/15/2007,Arizona,34,30,56,39,21,266,1,1,Oregon,24,43,238,54,27,225,3,1,H,-11,10,-13,-182,-15,-6,41,-2,0
1221,11/15/2007,Arkansas State,31,31,167,53,26,313,2,0,North Texas,27,43,221,30,22,160,1,1,H,15.5,4,-12,-54,23,4,153,1,-1
1222,11/15/2007,North Texas,27,43,221,30,22,160,1,1,Arkansas State,31,31,167,53,26,313,2,0,V,-15.5,-4,12,54,-23,-4,-153,-1,1
1223,11/15/2007,Oregon,24,43,238,54,27,225,3,1,Arizona,34,30,56,39,21,266,1,1,V,11,-10,13,182,15,6,-41,2,0
1224,11/16/2007,Central Michigan,45,25,231,37,26,246,1,1,Eastern Michigan,48,49,214,36,26,227,1,0,H,14,-3,-24,17,1,0,19,0,1
1225,11/16/2007,Eastern Michigan,48,49,214,36,26,227,1,0,Central Michigan,45,25,231,37,26,246,1,1,V,-14,3,24,-17,-1,0,-19,0,-1
1226,11/16/2007,Hawaii,28,21,51,49,35,379,0,1,Nevada-Reno,26,48,216,20,9,134,1,2,V,5.5,2,-27,-165,29,26,245,-1,-1
1227,11/16/2007,Nevada-Reno,26,48,216,20,9,134,1,2,Hawaii,28,21,51,49,35,379,0,1,H,-5.5,-2,27,165,-29,-26,-245,1,1
1228,11/17/2007,Air Force,55,64,569,14,8,101,1,0,San Diego State,23,35,96,47,29,410,1,2,H,12.5,32,29,473,-33,-21,-309,0,-2
1229,11/17/2007,Alabama,14,35,163,31,21,246,2,2,UL-Monroe,21,44,121,24,14,161,0,0,H,24,-7,-9,42,7,7,85,2,2
1230,11/17/2007,Arkansas,45,45,206,18,15,223,0,0,Mississippi State,31,31,80,51,29,421,4,1,H,12.5,14,14,126,-33,-14,-198,-4,-1
1231,11/17/2007,Army,39,43,163,38,26,328,1,0,Tulsa,49,40,197,34,24,425,0,1,H,-15.5,-10,3,-34,4,2,-97,1,-1
1232,11/17/2007,Baylor,14,28,83,40,29,226,2,0,Oklahoma State,45,51,343,21,16,202,0,0,H,-14,-31,-23,-260,19,13,24,2,0
1233,11/17/2007,Boise State,58,36,151,37,26,405,0,0,Idaho,14,44,136,29,12,212,0,1,H,33.5,44,-8,15,8,14,193,0,-1
1234,11/17/2007,Boston College,20,34,60,47,31,315,1,0,Clemson,17,31,47,40,26,226,1,0,V,-9,3,3,13,7,5,89,0,0
1235,11/17/2007,Bowling Green,31,39,140,30,21,273,0,0,Buffalo,17,30,159,33,20,215,0,0,V,-1.5,14,9,-19,-3,1,58,0,0
1236,11/17/2007,Brigham Young,35,36,135,40,28,362,0,0,Wyoming,10,24,9,40,24,268,1,0,V,10.5,25,12,126,0,4,94,-1,0
1237,11/17/2007,Buffalo,17,30,159,33,20,215,0,0,Bowling Green,31,39,140,30,21,273,0,0,H,1.5,-14,-9,19,3,-1,-58,0,0
1238,11/17/2007,California,23,27,147,28,20,236,1,2,Washington,37,56,334,19,7,108,0,0,V,7,-14,-29,-187,9,13,128,1,2
1239,11/17/2007,Cincinnati,23,30,84,34,19,323,0,2,West Virginia,28,61,295,19,13,140,1,2,H,-5.5,-5,-31,-211,15,6,183,-1,0
1240,11/17/2007,Clemson,17,31,47,40,26,226,1,0,Boston College,20,34,59,47,31,315,1,0,H,9,-3,-3,-12,-7,-5,-89,0,0
1241,11/17/2007,Colorado State,42,43,263,16,13,244,0,2,Georgia Southern,34,60,349,22,14,160,0,1,H, ,8,-17,-86,-6,-1,84,0,1
1242,11/17/2007,Connecticut,30,49,185,24,16,213,0,0,Syracuse,7,32,135,38,15,120,2,1,H,20,23,17,50,-14,1,93,-2,-1
1243,11/17/2007,Duke,7,27,94,38,18,138,0,2,Notre Dame,28,48,220,32,16,194,0,1,V,-7,-21,-21,-126,6,2,-56,0,1
1244,11/17/2007,Florida,59,31,155,38,26,346,1,0,Florida Atlantic,20,36,75,38,20,309,0,1,H,34,39,-5,80,0,6,37,1,-1
1245,11/17/2007,Florida Atlantic,20,36,75,38,20,309,0,1,Florida,59,31,155,38,26,346,1,0,V,-34,-39,5,-80,0,-6,-37,-1,1
1246,11/17/2007,Florida Intl,28,42,264,19,11,127,0,1,UL-Lafayette,38,54,287,19,16,177,0,2,H,-2.5,-10,-12,-23,0,-5,-50,0,-1
1247,11/17/2007,Florida State,24,38,154,26,16,204,0,1,Maryland,16,37,92,35,17,243,1,0,H,7.5,8,1,62,-9,-1,-39,-1,1
1248,11/17/2007,Georgia,24,49,184,22,12,99,2,2,Kentucky,13,29,29,42,24,268,1,0,H,7.5,11,20,155,-20,-12,-169,1,2
1249,11/17/2007,Georgia Tech,27,44,178,26,15,260,0,4,North Carolina,25,35,79,35,21,283,0,1,H,11,2,9,99,-9,-6,-23,0,3
1250,11/17/2007,Houston,35,46,174,32,24,298,1,1,Marshall,28,36,136,32,20,260,0,0,H,11.5,7,10,38,0,4,38,1,1
1251,11/17/2007,Idaho,14,44,136,29,12,212,0,1,Boise State,58,36,151,37,26,405,0,0,V,-33.5,-44,8,-15,-8,-14,-193,0,1
1252,11/17/2007,Illinois,41,65,321,23,15,220,1,1,Northwestern,22,18,69,49,29,310,2,0,H,13.5,19,47,252,-26,-14,-90,-1,1
1253,11/17/2007,Indiana,27,41,219,39,23,216,1,1,Purdue,24,32,78,45,28,281,1,1,H,-2,3,9,141,-6,-5,-65,0,0
1254,11/17/2007,Iowa,19,32,148,38,20,249,2,1,Western Michigan,28,35,122,45,26,367,0,0,H,14,-9,-3,26,-7,-6,-118,2,1
1255,11/17/2007,Iowa State,7,26,52,43,24,182,1,0,Kansas,45,37,212,35,30,354,0,0,V,-27.5,-38,-11,-160,8,-6,-172,1,0
1256,11/17/2007,Kansas,45,37,202,35,30,364,0,0,Iowa State,7,26,52,43,24,182,1,0,H,27.5,38,11,150,-8,6,182,-1,0
1257,11/17/2007,Kansas State,32,32,150,41,26,256,1,2,Missouri,49,36,143,41,28,284,0,0,H,-7,-17,-4,7,0,-2,-28,1,2
1258,11/17/2007,Kent State,14,23,48,27,11,76,4,0,Temple,24,55,184,27,18,191,0,1,V,1,-10,-32,-136,0,-7,-115,4,-1
1259,11/17/2007,Kentucky,13,29,29,42,24,268,1,0,Georgia,24,49,184,22,12,99,2,2,V,-7.5,-11,-20,-155,20,12,169,-1,-2
1260,11/17/2007,Louisiana State,41,40,228,25,17,168,0,0,Mississippi,24,28,201,39,17,265,3,1,V,20,17,12,27,-14,0,-97,-3,-1
1261,11/17/2007,Louisiana Tech,27,38,152,36,22,261,1,1,San Jose State,23,26,105,47,28,369,0,2,H,6,4,12,47,-11,-6,-108,1,-1
1262,11/17/2007,Louisville,17,26,130,49,24,273,4,3,South Florida,55,49,230,27,19,251,1,0,V,-8.5,-38,-23,-100,22,5,22,3,3
1263,11/17/2007,Marshall,28,36,136,32,20,260,0,0,Houston,35,46,174,32,24,298,1,1,V,-11.5,-7,-10,-38,0,-4,-38,-1,-1
1264,11/17/2007,Maryland,16,37,92,35,17,243,1,0,Florida State,24,38,154,26,16,204,0,1,V,-7.5,-8,-1,-62,9,1,39,1,-1
1265,11/17/2007,Memphis,25,43,265,28,14,298,0,0,U-A-B,9,30,105,39,25,233,2,0,H,9.5,16,13,160,-11,-11,65,-2,0
1266,11/17/2007,Miami-Florida,14,29,-2,36,21,215,1,2,Virginia Tech,44,43,182,26,14,176,0,0,V,-17.5,-30,-14,-184,10,7,39,1,2
1267,11/17/2007,Michigan,3,24,15,37,12,76,0,0,Ohio State,14,59,229,13,7,50,1,0,H,-4,-11,-35,-214,24,5,26,-1,0
1268,11/17/2007,Michigan State,35,39,145,22,17,280,2,1,Penn State,31,40,167,37,16,188,0,0,H,-2.5,4,-1,-22,-15,1,92,2,1
1269,11/17/2007,Minnesota,34,35,149,37,21,352,2,1,Wisconsin,41,48,325,15,7,118,1,0,H,-14,-7,-13,-176,22,14,234,1,1
1270,11/17/2007,Mississippi,24,28,201,39,17,265,3,1,Louisiana State,41,40,228,25,17,168,0,0,H,-20,-17,-12,-27,14,0,97,3,1
1271,11/17/2007,Mississippi State,31,31,80,51,29,421,4,1,Arkansas,45,45,206,18,15,223,0,0,V,-12.5,-14,-14,-126,33,14,198,4,1
1272,11/17/2007,Missouri,49,36,143,41,28,284,0,0,Kansas State,32,32,150,41,26,256,1,2,V,7,17,4,-7,0,2,28,-1,-2
1273,11/17/2007,Navy,35,60,359,6,3,60,0,0,Northern Illinois,24,44,149,35,21,206,1,0,H,17,11,16,210,-29,-18,-146,-1,0
1274,11/17/2007,Nevada-Las Vegas,10,22,12,30,18,235,1,1,Texas Christian,34,58,251,23,12,126,1,0,V,-20,-24,-36,-239,7,6,109,0,1
1275,11/17/2007,New Mexico,10,31,81,41,18,198,0,4,Utah,28,44,138,28,17,172,1,1,V,-14.5,-18,-13,-57,13,1,26,-1,3
1276,11/17/2007,New Mexico State,17,22,88,58,42,367,2,0,Utah State,35,45,166,20,14,189,0,1,H,6.5,-18,-23,-78,38,28,178,2,-1
1277,11/17/2007,No Carolina State,18,21,57,56,24,286,3,1,Wake Forest,38,47,137,30,21,216,0,2,V,-6.5,-20,-26,-80,26,3,70,3,-1
1278,11/17/2007,North Carolina,25,35,79,35,21,283,0,1,Georgia Tech,27,44,178,26,15,260,0,4,V,-11,-2,-9,-99,9,6,23,0,-3
1279,11/17/2007,Northern Illinois,24,44,149,35,21,206,1,0,Navy,35,60,359,6,3,60,0,0,V,-17,-11,-16,-210,29,18,146,1,0
1280,11/17/2007,Northwestern,22,18,69,49,29,310,2,0,Illinois,41,65,321,23,15,220,1,1,V,-13.5,-19,-47,-252,26,14,90,1,-1
1281,11/17/2007,Notre Dame,28,48,220,32,16,194,0,1,Duke,7,27,94,38,18,138,0,2,H,7,21,21,126,-6,-2,56,0,-1
1282,11/17/2007,Ohio State,14,59,229,13,7,50,1,0,Michigan,3,24,15,37,12,76,0,0,V,4,11,35,214,-24,-5,-26,1,0
1283,11/17/2007,Oklahoma,27,34,106,45,23,302,1,1,Texas Tech,34,17,53,72,47,420,2,1,V,7.5,-7,17,53,-27,-24,-118,-1,0
1284,11/17/2007,Oklahoma State,45,51,343,21,16,202,0,0,Baylor,14,28,73,40,29,236,2,0,V,14,31,23,270,-19,-13,-34,-2,0
1285,11/17/2007,Oregon State,52,49,218,30,17,213,0,0,Washington State,17,30,83,46,21,314,7,1,V,-3,35,19,135,-16,-4,-101,-7,-1
1286,11/17/2007,Penn State,31,40,167,37,16,188,0,0,Michigan State,35,39,145,22,17,280,2,1,V,2.5,-4,1,22,15,-1,-92,-2,-1
1287,11/17/2007,Pittsburgh,16,41,110,28,14,158,1,1,Rutgers,20,40,111,17,5,108,2,2,V,-12,-4,1,-1,11,9,50,-1,-1
1288,11/17/2007,Purdue,24,32,78,45,28,281,1,1,Indiana,27,41,219,39,23,216,1,1,V,2,-3,-9,-141,6,5,65,0,0
1289,11/17/2007,Rice,31,15,23,55,35,353,0,0,Tulane,45,54,267,22,11,188,1,0,H,2,-14,-39,-244,33,24,165,-1,0
1290,11/17/2007,Rutgers,20,40,111,17,5,108,2,2,Pittsburgh,16,41,110,28,14,158,1,1,H,12,4,-1,1,-11,-9,-50,1,1
1291,11/17/2007,S-M-U,20,54,228,38,18,176,3,1,U-C-F,49,39,262,24,14,222,1,1,H,-10.5,-29,15,-34,14,4,-46,2,0
1292,11/17/2007,San Diego State,23,35,96,47,29,410,1,2,Air Force,55,64,569,14,8,101,1,0,V,-12.5,-32,-29,-473,33,21,309,0,2
1293,11/17/2007,San Jose State,23,26,105,47,28,369,0,2,Louisiana Tech,27,38,152,36,22,261,1,1,V,-6,-4,-12,-47,11,6,108,-1,1
1294,11/17/2007,South Florida,55,49,230,27,19,251,1,0,Louisville,17,26,130,49,24,273,3,3,H,8.5,38,23,100,-22,-5,-22,-2,-3
1295,11/17/2007,Southern Miss,56,62,363,22,10,205,1,1,UTEP,30,30,124,42,19,290,1,1,V,3,26,32,239,-20,-9,-85,0,0
1296,11/17/2007,Syracuse,7,32,135,38,15,120,1,1,Connecticut,30,49,185,24,16,213,0,0,V,-20,-23,-17,-50,14,-1,-93,1,1
1297,11/17/2007,Temple,24,55,184,27,18,191,0,1,Kent State,14,23,48,27,11,76,4,0,H,-1,10,32,136,0,7,115,-4,1
1298,11/17/2007,Tennessee,25,28,105,43,29,245,0,1,Vanderbilt,24,41,131,26,14,139,0,0,H,11.5,1,-13,-26,17,15,106,0,1
1299,11/17/2007,Texas Christian,34,58,251,23,12,126,1,0,Nevada-Las Vegas,10,22,12,30,18,235,1,1,H,20,24,36,239,-7,-6,-109,0,-1
1300,11/17/2007,Texas Tech,34,17,53,72,47,420,2,1,Oklahoma,27,34,106,45,23,302,1,1,H,-7.5,7,-17,-53,27,24,118,1,0
1301,11/17/2007,Tulane,45,54,267,22,11,188,1,0,Rice,31,15,23,55,35,353,0,0,V,-2,14,39,244,-33,-24,-165,1,0
1302,11/17/2007,Tulsa,49,40,197,34,24,425,0,1,Army,39,43,163,38,26,328,1,0,V,15.5,10,-3,34,-4,-2,97,-1,1
1303,11/17/2007,U-A-B,9,30,105,39,25,233,2,0,Memphis,25,43,265,28,14,298,0,0,V,-9.5,-16,-13,-160,11,11,-65,2,0
1304,11/17/2007,U-C-F,49,39,262,24,14,222,1,1,S-M-U,20,54,228,38,18,176,3,1,V,10.5,29,-15,34,-14,-4,46,-2,0
1305,11/17/2007,UL-Lafayette,38,54,287,19,16,177,0,2,Florida Intl,28,42,264,19,11,127,0,1,V,2.5,10,12,23,0,5,50,0,1
1306,11/17/2007,UL-Monroe,21,44,121,24,14,161,0,0,Alabama,14,35,163,31,21,246,2,2,V,-24,7,9,-42,-7,-7,-85,-2,-2
1307,11/17/2007,UTEP,30,30,124,42,19,290,1,1,Southern Miss,56,62,363,22,10,205,1,1,H,-3,-26,-32,-239,20,9,85,0,0
1308,11/17/2007,Utah,28,44,138,28,17,172,1,1,New Mexico,10,31,81,41,18,198,0,4,H,14.5,18,13,57,-13,-1,-26,1,-3
1309,11/17/2007,Utah State,35,45,166,20,14,189,0,1,New Mexico State,17,22,88,58,42,367,2,0,V,-6.5,18,23,78,-38,-28,-178,-2,1
1310,11/17/2007,Vanderbilt,24,41,131,26,14,139,0,0,Tennessee,25,28,105,43,29,245,0,1,V,-11.5,-1,13,26,-17,-15,-106,0,-1
1311,11/17/2007,Virginia Tech,44,43,182,26,14,176,0,0,Miami-Florida,14,29,-2,36,21,215,1,2,H,17.5,30,14,184,-10,-7,-39,-1,-2
1312,11/17/2007,Wake Forest,38,47,136,30,21,216,0,2,No Carolina State,18,21,57,56,24,286,3,1,H,6.5,20,26,79,-26,-3,-70,-3,1
1313,11/17/2007,Washington,37,56,334,19,7,108,0,0,California,23,27,147,28,20,236,1,2,H,-7,14,29,187,-9,-13,-128,-1,-2
1314,11/17/2007,Washington State,17,30,83,46,21,314,7,1,Oregon State,52,49,218,30,17,213,0,0,H,3,-35,-19,-135,16,4,101,7,1
1315,11/17/2007,West Virginia,28,61,295,19,13,140,1,2,Cincinnati,23,30,84,34,19,323,0,2,V,5.5,5,31,211,-15,-6,-183,1,0
1316,11/17/2007,Western Kentucky,52,41,190,19,11,192,1,1,Morehead State,12,34,39,34,16,207,3,1,H, ,40,7,151,-15,-5,-15,-2,0
1317,11/17/2007,Western Michigan,28,35,122,45,26,367,0,0,Iowa,19,32,148,38,20,249,2,1,V,-14,9,3,-26,7,6,118,-2,-1
1318,11/17/2007,Wisconsin,41,48,325,15,7,118,1,0,Minnesota,34,35,149,37,21,352,2,1,V,14,7,13,176,-22,-14,-234,-1,-1
1319,11/17/2007,Wyoming,10,24,9,40,24,268,1,0,Brigham Young,35,36,135,40,28,362,0,0,H,-10.5,-25,-12,-126,0,-4,-94,1,0
1320,11/20/2007,Middle Tennessee,7,28,93,28,18,116,1,1,Troy,45,56,263,39,24,288,2,0,V,-13.5,-38,-28,-170,-11,-6,-172,-1,1
1321,11/20/2007,Troy,45,56,263,39,24,288,2,0,Middle Tennessee,7,28,93,28,18,116,1,1,H,13.5,38,28,170,11,6,172,1,-1
1322,11/22/2007,Arizona State,21,35,16,31,22,243,0,1,Southern Cal,44,37,133,40,26,375,0,0,H,-3.5,-23,-2,-117,-9,-4,-132,0,1
1323,11/22/2007,Southern Cal,44,37,133,40,26,375,0,0,Arizona State,21,35,16,31,22,243,0,1,V,3.5,23,2,117,9,4,132,0,-1
1324,11/23/2007,Akron,32,32,113,38,23,210,1,1,Central Michigan,35,40,257,54,33,382,2,1,H,-3.5,-3,-8,-144,-16,-10,-172,-1,0
1325,11/23/2007,Arkansas,50,53,385,24,13,128,0,1,Louisiana State,48,48,204,47,22,209,0,0,V,-13,2,5,181,-23,-9,-81,0,1
1326,11/23/2007,Boise State,27,35,101,37,22,231,1,1,Hawaii,39,24,79,53,40,495,2,0,V,-3,-12,11,22,-16,-18,-264,-1,1
1327,11/23/2007,Bowling Green,37,44,201,36,22,242,0,1,Toledo,10,28,66,40,21,256,3,1,H,7,27,16,135,-4,1,-14,-3,0
1328,11/23/2007,Central Michigan,35,40,257,54,33,382,2,1,Akron,32,32,113,38,23,210,1,1,V,3.5,3,8,144,16,10,172,1,0
1329,11/23/2007,Colorado,65,52,277,29,17,241,0,0,Nebraska,51,20,126,58,31,484,3,0,H,3,14,32,151,-29,-14,-243,-3,0
1330,11/23/2007,Colorado State,36,52,152,22,16,245,1,1,Wyoming,28,27,99,34,21,229,0,2,H,3.5,8,25,53,-12,-5,16,1,-1
1331,11/23/2007,Hawaii,39,24,79,53,40,495,2,0,Boise State,27,35,101,37,22,231,1,1,H,3,12,-11,-22,16,18,264,1,-1
1332,11/23/2007,Louisiana State,48,48,204,47,22,209,0,0,Arkansas,50,53,385,24,13,128,0,1,H,13,-2,-5,-181,23,9,81,0,-1
1333,11/23/2007,Mississippi,14,50,204,30,10,115,1,1,Mississippi State,17,25,81,36,15,192,1,1,V,-5,-3,25,123,-6,-5,-77,0,0
1334,11/23/2007,Mississippi State,17,25,81,36,15,192,1,1,Mississippi,14,50,204,30,10,115,1,1,H,5,3,-25,-123,6,5,77,0,0
1335,11/23/2007,Nebraska,51,20,126,58,31,484,3,0,Colorado,65,52,277,29,17,241,0,0,V,-3,-14,-32,-151,29,14,243,3,0
1336,11/23/2007,Texas,30,30,128,32,17,229,1,2,Texas A+M,38,48,171,38,25,362,2,0,V,7,-8,-18,-43,-6,-8,-133,-1,2
1337,11/23/2007,Texas A+M,38,48,171,38,25,362,2,0,Texas,30,30,128,32,17,229,1,2,H,-7,8,18,43,6,8,133,1,-2
1338,11/23/2007,Toledo,10,28,66,40,21,256,3,1,Bowling Green,37,44,201,36,22,242,0,1,V,-7,-27,-16,-135,4,-1,14,3,0
1339,11/23/2007,Wyoming,28,27,99,34,21,229,0,2,Colorado State,36,52,152,22,16,245,1,1,V,-3.5,-8,-25,-53,12,5,-16,-1,1
1340,11/24/2007,Alabama,10,36,112,26,12,113,1,0,Auburn,17,41,165,22,12,117,1,0,V,-6,-7,-5,-53,4,0,-4,0,0
1341,11/24/2007,Arkansas State,10,42,242,23,9,118,1,1,Southern Miss,16,46,177,24,13,123,1,1,V,-14,-6,-4,65,-1,-4,-5,0,0
1342,11/24/2007,Auburn,17,41,165,22,12,117,1,0,Alabama,10,36,112,26,12,113,1,0,H,6,7,5,53,-4,0,4,0,0
1343,11/24/2007,Ball State,27,31,44,35,23,326,0,0,Northern Illinois,21,28,-1,45,25,262,1,1,V,9,6,3,45,-10,-2,64,-1,-1
1344,11/24/2007,Boston College,28,25,93,43,26,369,2,2,Miami-Florida,14,39,83,42,23,198,1,1,H,14.5,14,-14,10,1,3,171,1,1
1345,11/24/2007,Brigham Young,17,33,155,41,17,269,1,1,Utah,10,39,115,29,17,129,2,0,H,4,7,-6,40,12,0,140,-1,1
1346,11/24/2007,Buffalo,30,26,49,45,35,335,0,0,Kent State,23,49,217,22,12,184,0,0,V,-1.5,7,-23,-168,23,23,151,0,0
1347,11/24/2007,Cincinnati,52,32,113,43,29,431,0,1,Syracuse,31,34,-15,51,31,428,0,1,V,21,21,-2,128,-8,-2,3,0,0
1348,11/24/2007,Clemson,23,46,214,39,28,229,1,0,South Carolina,21,21,80,31,18,284,2,1,V,3,2,25,134,8,10,-55,-1,-1
1349,11/24/2007,Connecticut,21,50,203,34,18,189,0,3,West Virginia,66,52,517,13,9,107,1,0,V,-21,-45,-2,-314,21,9,82,-1,3
1350,11/24/2007,Duke,14,48,145,31,21,215,0,1,North Carolina,20,32,174,24,11,75,2,0,V,-14,-6,16,-29,7,10,140,-2,1
1351,11/24/2007,East Carolina,35,46,219,21,14,222,0,2,Tulane,12,32,108,38,20,228,1,1,H,12,23,14,111,-17,-6,-6,-1,1
1352,11/24/2007,Florida,45,38,279,28,19,262,0,0,Florida State,12,25,99,37,20,188,0,0,H,14.5,33,13,180,-9,-1,74,0,0
1353,11/24/2007,Florida Atlantic,55,30,228,32,22,343,1,0,Florida Intl,23,34,113,49,29,264,1,0,N,10,32,-4,115,-17,-7,79,0,0
1354,11/24/2007,Florida Intl,23,34,113,49,29,264,1,0,Florida Atlantic,55,30,230,32,22,343,1,0,N,-10,-32,4,-117,17,7,-79,0,0
1355,11/24/2007,Florida State,12,25,99,37,20,188,0,0,Florida,45,38,279,28,19,262,0,0,V,-14.5,-33,-13,-180,9,1,-74,0,0
1356,11/24/2007,Fresno State,45,51,236,29,23,313,0,3,Kansas State,29,17,126,42,27,256,1,1,H,-1,16,34,110,-13,-4,57,-1,2
1357,11/24/2007,Georgia,31,39,218,29,14,214,0,1,Georgia Tech,17,39,136,32,12,179,2,1,V,4,14,0,82,-3,2,35,-2,0
1358,11/24/2007,Georgia Tech,17,39,136,32,12,179,2,1,Georgia,31,39,218,29,14,214,0,1,H,-4,-14,0,-82,3,-2,-35,2,0
1359,11/24/2007,Houston,59,48,377,24,20,287,0,1,Texas Southern,6,32,48,26,12,131,2,1,H, ,53,16,329,-2,8,156,-2,0
1360,11/24/2007,Idaho,19,52,237,27,14,191,3,1,Utah State,24,44,154,15,11,118,0,0,H,2.5,-5,8,83,12,3,73,3,1
1361,11/24/2007,Kansas,28,22,42,49,28,349,2,0,Missouri,36,43,151,50,41,368,0,0,N,1,-8,-21,-109,-1,-13,-19,2,0
1362,11/24/2007,Kansas State,29,17,126,42,27,256,1,1,Fresno State,45,51,236,29,23,313,0,3,V,1,-16,-34,-110,13,4,-57,1,-2
1363,11/24/2007,Kent State,23,49,217,22,12,184,0,0,Buffalo,30,26,49,45,35,335,0,0,H,1.5,-7,23,168,-23,-23,-151,0,0
1364,11/24/2007,Kentucky,50,48,134,62,39,430,2,1,Tennessee,52,37,123,45,28,397,3,0,H,2.5,-2,11,11,17,11,33,-1,1
1365,11/24/2007,Marshall,46,33,177,36,26,309,0,0,U-A-B,39,25,107,50,27,389,0,0,H,14.5,7,8,70,-14,-1,-80,0,0
1366,11/24/2007,Maryland,37,49,249,25,20,217,0,0,No Carolina State,0,16,10,45,26,240,1,0,V,-1,37,33,239,-20,-6,-23,-1,0
1367,11/24/2007,Memphis,55,47,196,61,32,343,1,0,S-M-U,52,41,189,48,35,375,2,0,H,7.5,3,6,7,13,-3,-32,-1,0
1368,11/24/2007,Miami-Florida,14,39,83,42,23,198,1,1,Boston College,28,25,93,43,26,369,2,2,V,-14.5,-14,14,-10,-1,-3,-171,-1,-1
1369,11/24/2007,Miami-Ohio,29,41,132,45,22,247,2,0,Ohio,38,38,81,18,9,118,0,1,V,0,-9,3,51,27,13,129,2,-1
1370,11/24/2007,Missouri,36,43,151,50,41,368,0,0,Kansas,28,22,42,49,28,349,2,0,N,-1,8,21,109,1,13,19,-2,0
1371,11/24/2007,Nevada-Las Vegas,6,34,91,40,15,142,2,0,New Mexico,27,38,173,33,19,210,2,2,V,-12,-21,-4,-82,7,-4,-68,0,-2
1372,11/24/2007,Nevada-Reno,24,35,174,24,12,252,0,2,San Jose State,27,40,86,47,30,346,1,0,V,3.5,-3,-5,88,-23,-18,-94,-1,2
1373,11/24/2007,New Mexico,27,38,173,33,19,210,2,2,Nevada-Las Vegas,6,34,91,40,15,142,2,0,H,12,21,4,82,-7,4,68,0,2
1374,11/24/2007,No Carolina State,0,16,10,45,26,240,1,0,Maryland,37,49,249,25,20,217,0,0,H,1,-37,-33,-239,20,6,23,1,0
1375,11/24/2007,North Carolina,20,32,174,24,11,75,2,0,Duke,14,48,145,31,21,215,0,1,H,14,6,-16,29,-7,-10,-140,2,-1
1376,11/24/2007,North Texas,27,34,195,42,20,202,3,0,Western Kentucky,26,46,226,23,15,123,0,2,H, ,1,-12,-31,19,5,79,3,-2
1377,11/24/2007,Northern Illinois,21,28,-1,45,25,262,1,1,Ball State,27,31,44,35,23,326,0,0,H,-9,-6,-3,-45,10,2,-64,1,1
1378,11/24/2007,Notre Dame,21,38,117,32,19,196,1,3,Stanford,14,44,175,33,15,152,2,0,V,-5,7,-6,-58,-1,4,44,-1,3
1379,11/24/2007,Ohio,38,38,81,18,9,118,0,1,Miami-Ohio,29,41,132,45,22,247,2,0,H,0,9,-3,-51,-27,-13,-129,-2,1
1380,11/24/2007,Oklahoma,49,56,307,17,13,180,1,0,Oklahoma State,17,39,195,23,9,104,0,1,H,13,32,17,112,-6,4,76,1,-1
1381,11/24/2007,Oklahoma State,17,39,195,23,9,104,0,1,Oklahoma,49,56,307,17,13,180,1,0,V,-13,-32,-17,-112,6,-4,-76,-1,1
1382,11/24/2007,Oregon,0,39,43,39,11,105,3,1,U.C.L.A.,16,51,156,17,4,64,2,0,V,3,-16,-12,-113,22,7,41,1,1
1383,11/24/2007,Pittsburgh,37,34,59,38,24,298,3,0,South Florida,48,44,193,23,17,159,0,2,H,-9,-11,-10,-134,15,7,139,3,-2
1384,11/24/2007,Rice,43,37,159,67,40,541,1,0,Tulsa,48,37,151,39,22,441,1,0,H,-14,-5,0,8,28,18,100,0,0
1385,11/24/2007,S-M-U,52,41,189,48,35,375,2,0,Memphis,55,47,196,61,32,343,1,0,V,-7.5,-3,-6,-7,-13,3,32,1,0
1386,11/24/2007,San Diego State,33,21,75,51,26,366,0,0,Texas Christian,45,69,376,42,26,318,0,3,H,-13.5,-12,-48,-301,9,0,48,0,-3
1387,11/24/2007,San Jose State,27,40,86,47,30,346,1,0,Nevada-Reno,24,35,174,24,12,252,0,2,H,-3.5,3,5,-88,23,18,94,1,-2
1388,11/24/2007,South Carolina,21,21,80,31,18,284,2,1,Clemson,23,46,214,39,28,229,1,0,H,-3,-2,-25,-134,-8,-10,55,1,1
1389,11/24/2007,South Florida,48,44,193,23,17,159,0,2,Pittsburgh,37,34,95,38,24,298,3,0,V,9,11,10,98,-15,-7,-139,-3,2
1390,11/24/2007,Southern Miss,16,46,177,24,13,123,1,1,Arkansas State,10,42,242,23,9,118,1,1,H,14,6,4,-65,1,4,5,0,0
1391,11/24/2007,Stanford,14,44,175,33,15,152,2,0,Notre Dame,21,38,117,32,19,196,1,3,H,5,-7,6,58,1,-4,-44,1,-3
1392,11/24/2007,Syracuse,31,34,-15,51,31,428,0,1,Cincinnati,52,32,113,43,29,431,0,1,H,-21,-21,2,-128,8,2,-3,0,0
1393,11/24/2007,Temple,3,27,54,25,6,92,0,1,Western Michigan,16,40,162,39,24,276,1,0,V,-14,-13,-13,-108,-14,-18,-184,-1,1
1394,11/24/2007,Tennessee,52,37,123,45,28,397,3,0,Kentucky,50,48,134,62,39,430,2,1,V,-2.5,2,-11,-11,-17,-11,-33,1,-1
1395,11/24/2007,Texas Christian,45,69,376,42,26,318,0,3,San Diego State,33,21,75,51,26,366,0,0,V,13.5,12,48,301,-9,0,-48,0,3
1396,11/24/2007,Tulane,12,32,108,38,20,228,1,1,East Carolina,35,46,219,21,14,222,0,2,V,-12,-23,-14,-111,17,6,6,1,-1
1397,11/24/2007,Tulsa,48,37,151,39,22,441,1,0,Rice,43,37,159,67,40,541,1,0,V,14,5,0,-8,-28,-18,-100,0,0
1398,11/24/2007,U-A-B,39,25,107,50,27,389,0,0,Marshall,46,33,177,36,26,309,0,0,V,-14.5,-7,-8,-70,14,1,80,0,0
1399,11/24/2007,U-C-F,36,55,213,28,19,267,1,0,UTEP,20,19,28,37,20,292,2,0,H,21,16,36,185,-9,-1,-25,-1,0
1400,11/24/2007,U.C.L.A.,16,51,156,17,4,64,2,0,Oregon,0,39,43,39,11,105,3,1,H,-3,16,12,113,-22,-7,-41,-1,-1
1401,11/24/2007,UL-Lafayette,11,37,182,38,19,240,1,1,UL-Monroe,17,52,196,19,11,99,0,0,H,-4,-6,-15,-14,19,8,141,1,1
1402,11/24/2007,UL-Monroe,17,52,196,19,11,99,0,0,UL-Lafayette,11,37,180,38,19,240,1,1,V,4,6,15,16,-19,-8,-141,-1,-1
1403,11/24/2007,UTEP,20,19,28,37,20,292,2,0,U-C-F,36,55,213,28,19,267,1,0,V,-21,-16,-36,-185,9,1,25,1,0
1404,11/24/2007,Utah,10,39,115,29,17,129,2,0,Brigham Young,17,33,155,41,17,269,1,1,V,-4,-7,6,-40,-12,0,-140,1,-1
1405,11/24/2007,Utah State,24,44,154,15,11,118,0,0,Idaho,19,52,237,27,14,191,3,1,V,-2.5,5,-8,-83,-12,-3,-73,-3,-1
1406,11/24/2007,Vanderbilt,17,28,16,58,32,333,2,3,Wake Forest,31,43,150,31,21,146,1,2,H,1,-14,-15,-134,27,11,187,1,1
1407,11/24/2007,Virginia,21,36,97,28,17,144,1,1,Virginia Tech,33,46,131,26,17,299,1,1,H,-3.5,-12,-10,-34,2,0,-155,0,0
1408,11/24/2007,Virginia Tech,33,46,131,26,17,299,1,1,Virginia,21,36,97,28,17,144,1,1,V,3.5,12,10,34,-2,0,155,0,0
1409,11/24/2007,Wake Forest,31,43,150,31,21,146,1,2,Vanderbilt,17,28,16,58,32,333,2,3,V,-1,14,15,134,-27,-11,-187,-1,-1
1410,11/24/2007,Washington,35,50,225,37,13,239,2,1,Washington State,42,26,110,40,27,399,0,0,H,6.5,-7,24,115,-3,-14,-160,2,1
1411,11/24/2007,Washington State,42,26,110,40,27,399,0,0,Washington,35,50,225,37,13,239,2,1,V,-6.5,7,-24,-115,3,14,160,-2,-1
1412,11/24/2007,West Virginia,66,52,517,13,9,107,1,0,Connecticut,21,50,203,34,18,189,0,3,H,21,45,2,314,-21,-9,-82,1,-3
1413,11/24/2007,Western Kentucky,26,46,226,23,15,123,0,2,North Texas,27,34,195,42,20,202,3,0,V, ,-1,12,31,-19,-5,-79,-3,2
1414,11/24/2007,Western Michigan,16,40,162,39,24,276,1,0,Temple,3,27,54,25,6,92,0,1,H,14,13,13,108,14,18,184,1,-1
1415,11/29/2007,Louisville,41,45,240,22,12,237,0,1,Rutgers,38,37,153,32,21,265,0,0,H,2.5,3,8,87,-10,-9,-28,0,1
1416,11/29/2007,Rutgers,38,37,153,32,21,265,0,0,Louisville,41,45,240,22,12,237,0,1,V,-2.5,-3,-8,-87,10,9,28,0,-1
1417,11/30/2007,Fresno State,30,53,263,19,10,205,0,0,New Mexico State,23,27,96,53,31,323,0,0,V,13.5,7,26,167,-34,-21,-118,0,0
1418,11/30/2007,New Mexico State,23,27,96,53,31,323,0,0,Fresno State,30,53,263,19,10,205,0,0,H,-13.5,-7,-26,-167,34,21,118,0,0
1419,12/01/2007,Arizona,17,19,44,52,28,272,2,1,Arizona State,20,40,97,37,20,247,0,1,V,-6.5,-3,-21,-53,15,8,25,2,0
1420,12/01/2007,Arizona State,20,40,97,37,20,247,0,1,Arizona,17,19,44,52,28,272,2,1,H,6.5,3,21,53,-15,-8,-25,-2,0
1421,12/01/2007,Army,3,40,100,23,12,117,0,2,Navy,38,61,287,5,2,7,0,0,N,-14,-35,-21,-187,18,10,110,0,2
1422,12/01/2007,Boston College,16,25,84,52,33,305,2,0,Virginia Tech,30,36,98,33,21,202,1,1,N,-4.5,-14,-11,-14,19,12,103,1,-1
1423,12/01/2007,Brigham Young,48,52,311,26,19,227,1,0,San Diego State,27,26,68,55,33,288,1,0,V,16.5,21,26,243,-29,-14,-61,0,0
1424,12/01/2007,California,13,24,108,47,22,252,2,1,Stanford,20,39,120,33,21,196,1,1,V,13,-7,-15,-12,14,1,56,1,0
1425,12/01/2007,Central Michigan,35,44,267,34,24,185,2,0,Miami-Ohio,10,25,52,50,29,254,2,0,N,3.5,25,19,215,-16,-5,-69,0,0
1426,12/01/2007,Florida Atlantic,38,37,141,34,23,291,0,0,Troy,32,39,175,50,36,271,1,2,V,-15.5,6,-2,-34,-16,-13,20,-1,-2
1427,12/01/2007,Florida Intl,38,40,116,20,11,228,1,0,North Texas,19,26,92,54,31,253,2,1,H,-2.5,19,14,24,-34,-20,-25,-1,-1
1428,12/01/2007,Hawaii,35,23,96,50,42,442,0,3,Washington,28,50,261,18,9,142,1,0,H,13.5,7,-27,-165,32,33,300,-1,3
1429,12/01/2007,Louisiana State,21,47,212,33,21,252,1,1,Tennessee,14,26,94,40,20,249,2,0,N,7,7,21,118,-7,1,3,-1,1
1430,12/01/2007,Louisiana Tech,10,33,55,29,12,173,0,3,Nevada-Reno,49,55,237,29,18,404,0,1,V,-7,-39,-22,-182,0,-6,-231,0,2
1431,12/01/2007,Miami-Ohio,10,25,52,50,29,254,2,0,Central Michigan,35,44,267,34,24,185,2,0,N,-3.5,-25,-19,-215,16,5,69,0,0
1432,12/01/2007,Missouri,17,32,98,39,23,219,1,0,Oklahoma,38,40,166,26,18,209,0,0,N,-3,-21,-8,-68,13,5,10,1,0
1433,12/01/2007,Navy,38,61,287,5,2,7,0,0,Army,3,40,100,23,12,117,0,2,N,14,35,21,187,-18,-10,-110,0,-2
1434,12/01/2007,Nevada-Reno,49,55,237,29,18,404,0,1,Louisiana Tech,10,33,55,29,12,173,0,3,H,7,39,22,182,0,6,231,0,-2
1435,12/01/2007,North Texas,19,26,92,54,31,253,2,1,Florida Intl,38,40,116,20,11,228,1,0,V,2.5,-19,-14,-24,34,20,25,1,1
1436,12/01/2007,Oklahoma,38,40,166,26,18,209,0,0,Missouri,17,32,98,39,23,219,1,0,N,3,21,8,68,-13,-5,-10,-1,0
1437,12/01/2007,Oregon,31,57,195,28,13,144,1,0,Oregon State,38,44,214,37,20,245,1,2,H,1.5,-7,13,-19,-9,-7,-101,0,-2
1438,12/01/2007,Oregon State,38,44,214,37,20,245,1,2,Oregon,31,57,195,28,13,144,1,0,V,-1.5,7,-13,19,9,7,101,0,2
1439,12/01/2007,Pittsburgh,13,52,158,19,10,67,2,0,West Virginia,9,41,104,16,9,79,0,3,V,-28.5,4,11,54,3,1,-12,2,-3
1440,12/01/2007,San Diego State,27,26,68,55,33,288,1,0,Brigham Young,48,52,311,26,19,227,1,0,H,-16.5,-21,-26,-243,29,14,61,0,0
1441,12/01/2007,Southern Cal,24,49,231,36,21,206,1,1,U.C.L.A.,7,25,12,29,13,156,1,3,H,19.5,17,24,219,7,8,50,0,-2
1442,12/01/2007,Stanford,20,39,120,33,21,196,1,1,California,13,24,108,47,22,252,2,1,H,-13,7,15,12,-14,-1,-56,-1,0
1443,12/01/2007,Tennessee,14,26,94,40,20,249,2,0,Louisiana State,21,47,212,33,21,252,1,1,N,-7,-7,-21,-118,7,-1,-3,1,-1
1444,12/01/2007,Troy,32,39,175,50,36,271,1,2,Florida Atlantic,38,37,141,34,23,291,0,0,H,15.5,-6,2,34,16,13,-20,1,2
1445,12/01/2007,Tulsa,25,35,32,57,29,438,3,0,U-C-F,44,49,308,13,6,128,0,1,V,-7.5,-19,-14,-276,44,23,310,3,-1
1446,12/01/2007,U-C-F,44,49,308,13,6,128,0,1,Tulsa,25,35,32,57,29,438,3,0,H,7.5,19,14,276,-44,-23,-310,-3,1
1447,12/01/2007,U.C.L.A.,7,25,12,29,13,156,1,3,Southern Cal,24,49,231,36,21,206,1,1,V,-19.5,-17,-24,-219,-7,-8,-50,0,2
1448,12/01/2007,Virginia Tech,30,36,98,33,21,202,1,1,Boston College,16,25,84,52,33,305,2,0,N,4.5,14,11,14,-19,-12,-103,-1,1
1449,12/01/2007,Washington,28,50,261,18,9,142,1,0,Hawaii,35,23,96,50,42,442,0,3,V,-13.5,-7,27,165,-32,-33,-300,1,-3
1450,12/01/2007,West Virginia,9,41,104,16,9,79,0,3,Pittsburgh,13,52,158,19,10,67,2,0,H,28.5,-4,-11,-54,-3,-1,12,-2,3
