,Date,TeamName,ScoreOff,RushAttOff,RushYdsOff,PassAttOff,PassCompOff,PassYdsOff,PassIntOff,FumblesOff,Opponent,ScoreDef,RushAttDef,RushYdsDef,PassAttDef,PassCompDef,PassYdsDef,PassIntDef,FumblesDef,Site,Line,ScoreDiff,RushAttDiff,RushYdsDiff,PassAttDiff,PassCompDiff,PassYdsDiff,PassIntDiff,FumblesDiff
0,08/31/2006,Arizona State,35,34,154,24,17,261,1,1,Northern Arizona,14,39,53,20,15,259,1,0,H, ,21,-5,101,4,2,2,0,1
1,08/31/2006,Ball State,38,36,159,28,17,230,0,0,Eastern Michigan,20,38,226,28,18,209,1,0,H,4.5,18,-2,-67,0,-1,21,-1,0
2,08/31/2006,Boise State,45,42,215,24,15,212,0,1,Sacramento State,0,28,50,15,6,32,2,0,H, ,45,14,165,9,9,180,-2,1
3,08/31/2006,Boston College,31,32,85,48,32,323,0,2,Central Michigan,24,27,123,42,24,243,1,1,V,11,7,5,-38,6,8,80,-1,1
4,08/31/2006,Buffalo,9,41,168,24,13,188,0,1,Temple,3,27,80,25,20,103,1,0,H,6.5,6,14,88,-1,-7,85,-1,1
5,08/31/2006,Central Michigan,24,27,123,42,24,243,1,1,Boston College,31,32,85,48,32,323,0,2,H,-11,-7,-5,38,-6,-8,-80,1,-1
6,08/31/2006,Connecticut,52,52,418,13,8,149,0,0,Rhode Island,7,49,198,18,7,95,2,0,H, ,45,3,220,-5,1,54,-2,0
7,08/31/2006,Eastern Michigan,20,38,226,28,18,209,1,0,Ball State,38,36,159,28,17,230,0,0,V,-4.5,-18,2,67,0,1,-21,1,0
8,08/31/2006,Florida Intl,6,25,97,39,22,150,0,1,Middle Tennessee,7,35,92,18,11,83,1,0,V,-9,-1,-10,5,21,11,67,-1,1
9,08/31/2006,Iowa State,45,41,159,26,17,234,0,1,Toledo,43,27,45,49,39,367,1,1,H,9,2,14,114,-23,-22,-133,-1,0
10,08/31/2006,Kent State,0,37,132,13,7,150,3,3,Minnesota,44,55,322,15,8,146,1,0,H,-15,-44,-18,-190,-2,-1,4,2,3
11,08/31/2006,Miami-Ohio,3,29,72,26,16,175,0,0,Northwestern,21,39,193,17,13,106,0,0,H,-6,-18,-10,-121,9,3,69,0,0
12,08/31/2006,Middle Tennessee,7,35,92,18,11,83,1,0,Florida Intl,6,25,97,39,22,150,0,1,H,9,1,10,-5,-21,-11,-67,1,-1
13,08/31/2006,Minnesota,44,55,322,15,8,146,1,0,Kent State,0,37,132,13,7,150,3,3,V,15,44,18,190,2,1,-4,-2,-3
14,08/31/2006,Mississippi State,0,33,79,23,8,82,2,0,South Carolina,15,29,81,27,15,193,1,0,H,-6.5,-15,4,-2,-4,-7,-111,1,0
15,08/31/2006,New Mexico State,30,44,134,40,29,381,0,4,S E Louisiana,15,26,88,28,17,130,1,1,H, ,15,18,46,12,12,251,-1,3
16,08/31/2006,Northwestern,21,39,193,17,13,106,0,0,Miami-Ohio,3,29,72,26,16,175,0,0,V,6,18,10,121,-9,-3,-69,0,0
17,08/31/2006,Oregon State,56,38,209,30,19,274,1,1,Eastern Washington,17,30,-14,26,12,140,1,3,H, ,39,8,223,4,7,134,0,-2
18,08/31/2006,San Diego State,27,46,109,30,24,275,2,1,UTEP,34,20,38,28,19,205,4,0,H,2.5,-7,26,71,2,5,70,-2,1
19,08/31/2006,South Carolina,15,29,81,27,15,193,1,0,Mississippi State,0,33,79,23,8,82,2,0,V,6.5,15,-4,2,4,7,111,-1,0
20,08/31/2006,Temple,3,27,80,25,20,103,1,0,Buffalo,9,41,168,24,13,188,0,1,V,-6.5,-6,-14,-88,1,7,-85,1,-1
21,08/31/2006,Toledo,43,27,45,49,39,367,1,1,Iowa State,45,41,159,26,17,234,0,1,V,-9,-2,-14,-114,23,22,133,1,0
22,08/31/2006,Tulsa,45,43,175,28,20,346,0,0,Stephen F Austin,7,25,106,25,12,79,1,0,H, ,38,18,69,3,8,267,-1,0
23,08/31/2006,UL-Monroe,24,46,179,20,11,131,2,2,Alcorn State,6,26,40,33,17,165,2,3,H, ,18,20,139,-13,-6,-34,0,-1
24,08/31/2006,UTEP,34,20,38,28,19,205,4,0,San Diego State,27,46,109,30,24,275,2,1,V,-2.5,7,-26,-71,-2,-5,-70,2,-1
25,09/01/2006,Fresno State,28,38,212,24,16,124,0,1,Nevada-Reno,19,34,168,34,18,183,0,1,H,13,9,4,44,-10,-2,-59,0,0
26,09/01/2006,Nevada-Reno,19,34,168,34,18,183,0,1,Fresno State,28,38,212,24,16,124,0,1,V,-13,-9,-4,-44,10,2,59,0,0
27,09/02/2006,Akron,16,34,33,43,23,192,2,1,Penn State,34,27,76,32,16,206,0,2,V,-18,-18,7,-43,11,7,-14,2,-1
28,09/02/2006,Alabama,25,36,125,29,16,253,0,0,Hawaii,17,15,22,44,30,350,1,2,H,15.5,8,21,103,-15,-14,-97,-1,-2
29,09/02/2006,Arizona,16,24,67,39,19,186,1,0,Brigham Young,13,24,24,37,28,289,0,2,H,6.5,3,0,43,2,-9,-103,1,-2
30,09/02/2006,Arkansas,14,27,130,32,16,157,3,2,Southern Cal,50,42,192,38,25,280,0,0,H,-8.5,-36,-15,-62,-6,-9,-123,3,2
31,09/02/2006,Arkansas State,14,45,222,16,11,97,0,3,Army,6,27,69,23,12,95,2,1,H,-4,8,18,153,-7,-1,2,-2,2
32,09/02/2006,Army,6,27,69,23,12,95,2,1,Arkansas State,14,45,222,16,11,97,0,3,V,4,-8,-18,-153,7,1,-2,2,-2
33,09/02/2006,Auburn,40,44,293,19,11,191,0,0,Washington State,14,28,124,33,17,150,1,0,H,15,26,16,169,-14,-6,41,-1,0
34,09/02/2006,Bowling Green,14,46,219,19,12,82,0,0,Wisconsin,35,41,197,15,9,124,1,0,H,-11.5,-21,5,22,4,3,-42,-1,0
35,09/02/2006,Brigham Young,13,24,24,37,28,289,0,2,Arizona,16,24,67,39,19,186,1,0,V,-6.5,-3,0,-43,-2,9,103,-1,2
36,09/02/2006,California,18,23,64,42,20,272,2,0,Tennessee,35,41,216,20,13,298,1,1,V,3,-17,-18,-152,22,7,-26,1,-1
37,09/02/2006,Cincinnati,31,36,129,34,19,282,0,0,Eastern Kentucky,0,31,73,33,17,177,3,0,H, ,31,5,56,1,2,105,-3,0
38,09/02/2006,Clemson,54,39,199,23,14,173,1,3,Florida Atlantic,6,34,47,43,20,216,1,3,H,29,48,5,152,-20,-6,-43,0,0
39,09/02/2006,Colorado,10,32,106,22,8,110,0,1,Montana State,19,35,50,35,24,238,0,0,H, ,-9,-3,56,-13,-16,-128,0,1
40,09/02/2006,Colorado State,30,39,149,22,15,212,1,1,Weber State,6,24,-38,24,13,124,0,0,H, ,24,15,187,-2,2,88,1,1
41,09/02/2006,Duke,0,30,51,31,17,159,0,2,Richmond,13,41,105,23,11,120,0,1,H, ,-13,-11,-54,8,6,39,0,1
42,09/02/2006,East Carolina,23,25,76,35,24,283,0,1,Navy,28,70,403,6,2,6,0,2,V,-11.5,-5,-45,-327,29,22,277,0,-1
43,09/02/2006,Florida,34,29,143,30,21,248,1,0,Southern Miss,7,25,119,37,17,176,3,0,H,19.5,27,4,24,-7,4,72,-2,0
44,09/02/2006,Florida Atlantic,6,34,47,43,20,216,1,3,Clemson,54,39,199,23,14,173,1,3,V,-29,-48,-5,-152,20,6,43,0,0
45,09/02/2006,Georgia,48,27,136,25,12,159,1,1,Western Kentucky,12,35,67,27,12,126,1,1,H, ,36,-8,69,-2,0,33,0,0
46,09/02/2006,Georgia Tech,10,28,119,24,12,140,0,0,Notre Dame,14,40,138,38,23,246,0,0,H,-7.5,-4,-12,-19,-14,-11,-106,0,0
47,09/02/2006,Hawaii,17,15,22,44,30,350,1,2,Alabama,25,36,125,29,16,253,0,0,V,-15.5,-8,-21,-103,15,14,97,1,2
48,09/02/2006,Houston,31,28,96,35,22,233,0,0,Rice,30,31,131,26,12,152,1,1,V,14.5,1,-3,-35,9,10,81,-1,-1
49,09/02/2006,Idaho,17,36,113,31,17,155,1,0,Michigan State,27,36,175,25,16,225,0,0,V,-29,-10,0,-62,6,1,-70,1,0
50,09/02/2006,Illinois,42,48,345,21,15,174,0,3,Eastern Illinois,17,33,106,22,12,187,2,0,H, ,25,15,239,-1,3,-13,-2,3
51,09/02/2006,Indiana,39,28,71,35,20,252,1,1,Western Michigan,20,32,72,34,25,217,2,1,H,8.5,19,-4,-1,1,-5,35,-1,0
52,09/02/2006,Iowa,41,38,166,35,20,250,0,1,Montana,7,24,10,31,17,134,1,0,H, ,34,14,156,4,3,116,-1,1
53,09/02/2006,Kansas,49,31,209,20,10,117,1,1,Northwestern St(LA),18,30,62,40,22,217,1,1,H, ,31,1,147,-20,-12,-100,0,0
54,09/02/2006,Kansas State,24,28,44,26,15,163,2,0,Illinois State,23,34,93,38,24,253,1,1,H, ,1,-6,-49,-12,-9,-90,1,-1
55,09/02/2006,Louisiana State,45,36,170,23,17,299,0,2,UL-Lafayette,3,35,113,17,7,63,2,0,H,29.5,42,1,57,6,10,236,-2,2
56,09/02/2006,Louisiana Tech,10,21,67,32,13,238,1,2,Nebraska,49,48,252,36,24,332,1,1,V,-25,-39,-27,-185,-4,-11,-94,0,1
57,09/02/2006,Marshall,10,34,154,22,12,168,1,0,West Virginia,42,52,312,15,11,173,0,0,V,-21.5,-32,-18,-158,7,1,-5,1,0
58,09/02/2006,Maryland,27,40,213,20,9,153,1,3,William + Mary,14,29,84,41,25,226,0,0,H, ,13,11,129,-21,-16,-73,1,3
59,09/02/2006,Michigan,27,51,246,22,10,135,0,1,Vanderbilt,7,26,42,26,12,129,0,2,H,27,20,25,204,-4,-2,6,0,-1
60,09/02/2006,Michigan State,27,36,175,25,16,225,0,0,Idaho,17,36,113,31,17,155,1,0,H,29,10,0,62,-6,-1,70,-1,0
61,09/02/2006,Missouri,47,40,256,35,24,333,1,1,Murray State,7,25,27,30,20,123,1,1,H, ,40,15,229,5,4,210,0,0
62,09/02/2006,Navy,28,70,403,6,2,6,0,2,East Carolina,23,25,76,35,24,283,0,1,H,11.5,5,45,327,-29,-22,-277,0,1
63,09/02/2006,Nebraska,49,48,252,36,24,332,1,1,Louisiana Tech,10,21,67,32,13,238,1,2,H,25,39,27,185,4,11,94,0,-1
64,09/02/2006,Nevada-Las Vegas,30,33,174,46,26,332,0,0,Idaho State,6,29,62,36,19,288,1,1,H, ,24,4,112,10,7,44,-1,-1
65,09/02/2006,New Mexico,6,31,65,36,21,274,1,1,Portland State,17,25,60,30,13,173,1,0,H, ,-11,6,5,6,8,101,0,1
66,09/02/2006,No Carolina State,23,44,206,13,7,36,1,3,Appalachian State,10,37,67,16,5,66,1,1,H, ,13,7,139,-3,2,-30,0,2
67,09/02/2006,North Carolina,16,32,169,36,24,234,2,1,Rutgers,21,41,217,20,14,145,0,1,H,3.5,-5,-9,-48,16,10,89,2,0
68,09/02/2006,North Texas,7,28,8,19,9,87,0,2,Texas,56,44,212,26,15,198,1,1,V,-40.5,-49,-16,-204,-7,-6,-111,-1,1
69,09/02/2006,Northern Illinois,12,33,151,30,16,192,1,0,Ohio State,35,36,173,27,20,315,0,2,V,-17.5,-23,-3,-22,3,-4,-123,1,-2
70,09/02/2006,Notre Dame,14,40,138,38,23,246,0,0,Georgia Tech,10,28,119,24,12,140,0,0,V,7.5,4,12,19,14,11,106,0,0
71,09/02/2006,Ohio,29,36,62,22,11,82,1,0,Tennessee-Martin,3,29,49,24,12,74,0,1,H, ,26,7,13,-2,-1,8,1,-1
72,09/02/2006,Ohio State,35,36,173,27,20,315,0,2,Northern Illinois,12,33,151,30,16,192,1,0,H,17.5,23,3,22,-3,4,123,-1,2
73,09/02/2006,Oklahoma,24,29,143,24,14,227,2,2,U-A-B,17,40,135,17,11,169,0,1,H,23.5,7,-11,8,7,3,58,2,1
74,09/02/2006,Oklahoma State,52,44,230,24,12,213,0,1,Missouri State,10,30,68,31,19,266,1,1,H, ,42,14,162,-7,-7,-53,-1,0
75,09/02/2006,Oregon,48,41,298,30,21,236,0,1,Stanford,10,35,100,34,20,224,0,1,H,12,38,6,198,-4,1,12,0,0
76,09/02/2006,Penn State,34,27,76,32,16,206,0,2,Akron,16,34,33,43,23,192,2,1,H,18,18,-7,43,-11,-7,14,-2,1
77,09/02/2006,Pittsburgh,38,33,107,22,17,283,1,0,Virginia,13,21,52,38,19,159,2,0,H,6,25,12,55,-16,-2,124,-1,0
78,09/02/2006,Purdue,60,38,190,35,20,311,0,0,Indiana State,35,32,152,36,23,235,2,0,H, ,25,6,38,-1,-3,76,-2,0
79,09/02/2006,Rice,30,31,131,26,12,152,1,1,Houston,31,28,96,35,22,233,0,0,H,-14.5,-1,3,35,-9,-10,-81,1,1
80,09/02/2006,Rutgers,21,41,217,20,14,145,0,1,North Carolina,16,32,169,36,24,234,2,1,V,-3.5,5,9,48,-16,-10,-89,-2,0
81,09/02/2006,S-M-U,3,34,118,19,10,71,0,1,Texas Tech,35,23,138,54,38,363,1,0,V,-25,-32,11,-20,-35,-28,-292,-1,1
82,09/02/2006,San Jose State,29,29,50,37,28,323,0,0,Washington,35,41,300,25,16,168,1,2,V,-21,-6,-12,-250,12,12,155,-1,-2
83,09/02/2006,South Florida,41,42,286,21,14,209,1,2,McNeese State,10,37,82,19,7,81,2,0,H, ,31,5,204,2,7,128,-1,2
84,09/02/2006,Southern Cal,50,42,192,38,25,280,0,0,Arkansas,14,27,130,32,16,157,3,2,V,8.5,36,15,62,6,9,123,-3,-2
85,09/02/2006,Southern Miss,7,25,119,37,17,176,3,0,Florida,34,29,143,30,21,248,1,0,V,-19.5,-27,-4,-24,7,-4,-72,2,0
86,09/02/2006,Stanford,10,35,100,34,20,224,0,1,Oregon,48,41,298,30,21,236,0,1,V,-12,-38,-6,-198,4,-1,-12,0,0
87,09/02/2006,Syracuse,10,30,91,18,5,45,0,1,Wake Forest,20,49,245,23,15,118,1,1,V,-14,-10,-19,-154,-5,-10,-73,-1,0
88,09/02/2006,Tennessee,35,41,216,20,13,298,1,1,California,18,23,64,42,20,272,2,0,H,-3,17,18,152,-22,-7,26,-1,1
89,09/02/2006,Texas,56,44,212,26,15,198,1,1,North Texas,7,28,8,19,9,87,0,2,H,40.5,49,16,204,7,6,111,1,-1
90,09/02/2006,Texas A+M,35,41,184,25,16,200,0,4,The Citadel,3,33,115,38,19,128,0,1,H, ,32,8,69,-13,-3,72,0,3
91,09/02/2006,Texas Tech,35,23,138,54,38,363,1,0,S-M-U,3,34,118,19,10,71,0,1,H,25,32,-11,20,35,28,292,1,-1
92,09/02/2006,Troy,38,38,238,39,25,191,1,2,Alabama State,0,33,65,22,11,69,0,1,H, ,38,5,173,17,14,122,1,1
93,09/02/2006,U-A-B,17,40,135,17,11,169,0,1,Oklahoma,24,29,143,24,14,227,2,2,V,-23.5,-7,11,-8,-7,-3,-58,-2,-1
94,09/02/2006,U-C-F,35,38,105,20,15,199,0,0,Villanova,16,31,81,32,22,241,1,0,H, ,19,7,24,-12,-7,-42,-1,0
95,09/02/2006,U.C.L.A.,31,41,107,34,25,318,0,0,Utah,10,23,112,34,14,175,2,1,H,3,21,18,-5,0,11,143,-2,-1
96,09/02/2006,UL-Lafayette,3,35,113,17,7,63,2,0,Louisiana State,45,36,170,23,17,299,0,2,V,-29.5,-42,-1,-57,-6,-10,-236,2,-2
97,09/02/2006,Utah,10,23,112,34,14,175,2,1,U.C.L.A.,31,41,107,34,25,318,0,0,V,-3,-21,-18,5,0,-11,-143,2,1
98,09/02/2006,Utah State,7,26,55,22,10,74,1,0,Wyoming,38,51,221,27,18,239,1,2,V,-12.5,-31,-25,-166,-5,-8,-165,0,-2
99,09/02/2006,Vanderbilt,7,26,42,26,12,129,0,2,Michigan,27,51,246,22,10,135,0,1,V,-27,-20,-25,-204,4,2,-6,0,1
100,09/02/2006,Virginia,13,21,52,38,19,159,2,0,Pittsburgh,38,33,107,22,17,283,1,0,V,-6,-25,-12,-55,16,2,-124,1,0
101,09/02/2006,Virginia Tech,38,27,111,27,21,271,1,0,Northeastern,0,37,101,26,15,106,2,0,H, ,38,-10,10,1,6,165,-1,0
102,09/02/2006,Wake Forest,20,49,245,23,15,118,1,1,Syracuse,10,30,91,18,5,45,0,1,H,14,10,19,154,5,10,73,1,0
103,09/02/2006,Washington,35,41,300,25,16,168,1,2,San Jose State,29,29,50,37,28,323,0,0,H,21,6,12,250,-12,-12,-155,1,2
104,09/02/2006,Washington State,14,28,124,33,17,150,1,0,Auburn,40,44,293,19,11,191,0,0,V,-15,-26,-16,-169,14,6,-41,1,0
105,09/02/2006,West Virginia,42,52,312,15,11,173,0,0,Marshall,10,34,154,22,12,168,1,0,H,21.5,32,18,158,-7,-1,5,-1,0
106,09/02/2006,Western Michigan,20,32,72,34,25,217,2,1,Indiana,39,28,71,35,20,252,1,1,V,-8.5,-19,4,1,-1,5,-35,1,0
107,09/02/2006,Wisconsin,35,41,197,15,9,124,1,0,Bowling Green,14,46,219,19,12,82,0,0,V,11.5,21,-5,-22,-4,-3,42,1,0
108,09/02/2006,Wyoming,38,51,221,27,18,239,1,2,Utah State,7,26,55,22,10,74,1,0,H,12.5,31,25,166,5,8,165,0,2
109,09/03/2006,Baylor,7,20,47,47,31,286,1,1,Texas Christian,17,34,97,27,18,233,1,0,H,-7.5,-10,-14,-50,20,13,53,0,1
110,09/03/2006,Kentucky,28,19,22,26,10,238,0,1,Louisville,59,55,363,32,20,268,0,1,V,-22.5,-31,-36,-341,-6,-10,-30,0,0
111,09/03/2006,Louisville,59,55,363,32,20,268,0,1,Kentucky,28,19,22,26,10,238,0,1,H,22.5,31,36,341,6,10,30,0,0
112,09/03/2006,Memphis,25,37,149,31,23,225,0,1,Mississippi,28,45,240,16,7,97,0,0,V,-3,-3,-8,-91,15,16,128,0,1
113,09/03/2006,Mississippi,28,45,240,16,7,97,0,0,Memphis,25,37,149,31,23,225,0,1,H,3,3,8,91,-15,-16,-128,0,-1
114,09/03/2006,Texas Christian,17,34,97,27,18,233,1,0,Baylor,7,20,47,47,31,286,1,1,V,7.5,10,14,50,-20,-13,-53,0,-1
115,09/04/2006,Florida State,13,24,13,32,16,165,1,0,Miami-Florida,10,24,30,27,18,102,1,0,V,-4,3,0,-17,5,-2,63,0,0
116,09/04/2006,Miami-Florida,10,24,30,27,18,102,1,0,Florida State,13,24,13,32,16,165,1,0,H,4,-3,0,17,-5,2,-63,0,0
117,09/07/2006,Boise State,42,42,302,14,8,105,0,1,Oregon State,14,32,58,29,20,205,1,2,H,8,28,10,244,-15,-12,-100,-1,-1
118,09/07/2006,Oregon State,14,32,58,29,20,205,1,2,Boise State,42,42,302,14,8,105,0,1,V,-8,-28,-10,-244,15,12,100,1,1
119,09/08/2006,Cincinnati,15,30,35,40,25,221,2,1,Pittsburgh,33,35,90,21,11,267,0,3,H,-8.5,-18,-5,-55,19,14,-46,2,-2
120,09/08/2006,Pittsburgh,33,35,90,21,11,267,0,3,Cincinnati,15,30,35,40,25,221,2,1,V,8.5,18,5,55,-19,-14,46,-2,2
121,09/09/2006,Air Force,30,51,281,9,7,127,0,0,Tennessee,31,32,79,29,24,333,1,1,V,-20,-1,19,202,-20,-17,-206,-1,-1
122,09/09/2006,Akron,20,42,114,32,13,267,0,0,No Carolina State,17,32,81,32,16,209,1,2,V,-8.5,3,10,33,0,-3,58,-1,-2
123,09/09/2006,Alabama,13,40,134,29,18,207,1,2,Vanderbilt,10,23,80,24,16,155,3,1,H,14,3,17,54,5,2,52,-2,1
124,09/09/2006,Arizona,3,21,35,36,16,117,3,1,Louisiana State,45,38,231,23,16,230,1,2,V,-17,-42,-17,-196,13,0,-113,2,-1
125,09/09/2006,Arizona State,52,31,139,30,19,347,1,1,Nevada-Reno,21,36,128,32,19,178,3,1,H,17,31,-5,11,-2,0,169,-2,0
126,09/09/2006,Arkansas,20,38,279,22,11,178,0,1,Utah State,0,39,135,28,11,114,0,0,H,28.5,20,-1,144,-6,0,64,0,1
127,09/09/2006,Arkansas State,7,39,110,19,7,78,1,2,Oklahoma State,35,41,171,18,11,167,3,0,H,-12,-28,-2,-61,1,-4,-89,-2,2
128,09/09/2006,Army,17,47,171,28,14,104,2,0,Kent State,14,41,198,23,9,92,1,1,H,6.5,3,6,-27,5,5,12,1,-1
129,09/09/2006,Auburn,34,36,111,32,22,277,0,2,Mississippi State,0,33,79,25,12,82,1,2,V,22,34,3,32,7,10,195,-1,0
130,09/09/2006,Ball State,23,22,41,33,21,289,1,0,Indiana,24,29,147,33,16,226,0,0,H,-3.5,-1,-7,-106,0,5,63,1,0
131,09/09/2006,Baylor,47,8,20,46,27,330,1,0,Northwestern St(LA),10,40,148,28,14,182,3,2,H, ,37,-32,-128,18,13,148,-2,-2
132,09/09/2006,Boston College,34,38,91,37,22,212,0,1,Clemson,33,40,147,40,25,343,0,1,H,-1,1,-2,-56,-3,-3,-131,0,0
133,09/09/2006,Bowling Green,48,58,356,26,18,214,1,1,Buffalo,40,47,105,32,21,138,0,1,H,21,8,11,251,-6,-3,76,1,0
134,09/09/2006,Brigham Young,49,42,227,23,16,240,0,0,Tulsa,24,31,82,35,21,221,1,0,H,5.5,25,11,145,-12,-5,19,-1,0
135,09/09/2006,Buffalo,40,47,105,32,21,138,0,1,Bowling Green,48,58,356,26,18,214,1,1,V,-21,-8,-11,-251,6,3,-76,-1,0
136,09/09/2006,California,42,48,231,31,22,300,0,1,Minnesota,17,32,109,33,21,243,2,0,H,8.5,25,16,122,-2,1,57,-2,1
137,09/09/2006,Central Michigan,17,21,16,39,18,188,1,2,Michigan,41,51,233,20,13,134,0,0,V,-28,-24,-30,-217,19,5,54,1,2
138,09/09/2006,Clemson,33,40,147,40,25,343,0,1,Boston College,34,37,110,38,22,212,0,1,V,1,-1,3,37,2,3,131,0,0
139,09/09/2006,Colorado,10,33,75,15,9,71,0,0,Colorado State,14,34,15,23,20,233,0,1,N,0,-4,-1,60,-8,-11,-162,0,-1
140,09/09/2006,Colorado State,14,34,15,23,20,233,0,1,Colorado,10,33,75,15,9,71,0,0,N,0,4,1,-60,8,11,162,0,1
141,09/09/2006,Duke,13,39,62,32,21,305,0,2,Wake Forest,14,24,57,29,22,235,0,2,V,-21,-1,15,5,3,-1,70,0,0
142,09/09/2006,East Carolina,12,27,96,38,20,280,1,2,U-A-B,17,42,124,23,17,199,0,3,V,-6,-5,-15,-28,15,3,81,1,-1
143,09/09/2006,Eastern Michigan,20,28,42,31,19,230,0,1,Michigan State,52,40,264,37,29,322,1,1,V,-26,-32,-12,-222,-6,-10,-92,-1,0
144,09/09/2006,Florida,42,36,204,38,25,433,2,2,U-C-F,0,24,21,36,17,132,0,0,H,23,42,12,183,2,8,301,2,2
145,09/09/2006,Florida Atlantic,0,42,59,25,12,141,1,0,Kansas State,45,30,221,24,10,125,1,0,V,-23.5,-45,12,-162,1,2,16,0,0
146,09/09/2006,Florida Intl,20,31,24,33,20,238,1,1,South Florida,21,34,123,28,15,174,2,1,V,-20,-1,-3,-99,5,5,64,-1,0
147,09/09/2006,Florida State,24,29,33,43,30,346,1,3,Troy,17,16,-4,48,31,301,3,0,H,26,7,13,37,-5,-1,45,-2,3
148,09/09/2006,Fresno State,24,41,206,33,16,150,2,0,Oregon,31,34,139,36,23,240,0,1,H,-3,-7,7,67,-3,-7,-90,2,-1
149,09/09/2006,Georgia,18,39,198,22,10,189,3,0,South Carolina,0,22,35,33,23,220,0,3,V,3,18,17,163,-11,-13,-31,3,-3
150,09/09/2006,Georgia Tech,38,36,177,32,19,138,1,0,Samford,6,15,11,45,20,152,2,0,H, ,32,21,166,-13,-1,-14,-1,0
151,09/09/2006,Houston,45,35,244,45,27,377,1,1,Tulane,7,23,55,29,16,169,1,1,H,13.5,38,12,189,16,11,208,0,0
152,09/09/2006,Idaho,10,32,83,36,14,220,1,1,Washington State,56,43,344,24,18,293,0,1,V,-18.5,-46,-11,-261,12,-4,-73,1,0
153,09/09/2006,Illinois,0,29,66,21,7,60,2,1,Rutgers,33,40,166,25,14,145,1,2,V,-11,-33,-11,-100,-4,-7,-85,1,-1
154,09/09/2006,Indiana,24,29,147,33,16,226,0,0,Ball State,23,22,41,33,21,289,1,0,V,3.5,1,7,106,0,-5,-63,-1,0
155,09/09/2006,Iowa,20,37,149,32,16,202,4,0,Syracuse,13,44,70,38,21,210,0,0,V,16,7,-7,79,-6,-5,-8,4,0
156,09/09/2006,Iowa State,16,37,137,21,14,203,1,0,Nevada-Las Vegas,10,31,74,35,24,218,1,0,H,14.5,6,6,63,-14,-10,-15,0,0
157,09/09/2006,Kansas,21,40,161,28,17,190,2,0,UL-Monroe,19,23,51,41,24,377,0,0,H,26.5,2,17,110,-13,-7,-187,2,0
158,09/09/2006,Kansas State,45,30,221,24,10,125,1,0,Florida Atlantic,0,42,59,25,12,141,1,0,H,23.5,45,-12,162,-1,-2,-16,0,0
159,09/09/2006,Kent State,14,41,198,23,9,92,1,1,Army,17,47,171,28,14,104,2,0,V,-6.5,-3,-6,27,-5,-5,-12,-1,1
160,09/09/2006,Kentucky,41,40,178,26,18,247,1,1,Texas State,7,26,55,27,13,155,1,1,H, ,34,14,123,-1,5,92,0,0
161,09/09/2006,Louisiana State,45,38,231,23,16,230,1,2,Arizona,3,21,35,36,16,117,3,1,H,17,42,17,196,-13,0,113,-2,1
162,09/09/2006,Louisville,62,43,312,35,21,359,1,0,Temple,0,27,16,29,14,214,1,1,V,40.5,62,16,296,6,7,145,0,-1
163,09/09/2006,Marshall,54,38,313,33,25,206,0,4,Hofstra,31,18,-5,50,26,269,0,2,H, ,23,20,318,-17,-1,-63,0,2
164,09/09/2006,Maryland,24,34,135,15,11,139,0,1,Middle Tennessee,10,33,105,41,22,216,1,2,H,24,14,1,30,-26,-11,-77,-1,-1
165,09/09/2006,Memphis,33,32,99,32,21,328,1,1,Chattanooga,14,28,138,27,15,111,1,0,H, ,19,4,-39,5,6,217,0,1
166,09/09/2006,Miami-Florida,51,49,311,28,20,254,1,0,Florida A+M,10,24,70,20,11,153,0,2,H, ,41,25,241,8,9,101,1,-2
167,09/09/2006,Miami-Ohio,31,37,97,46,31,386,2,0,Purdue,38,29,183,31,17,208,3,0,V,-19,-7,8,-86,15,14,178,-1,0
168,09/09/2006,Michigan,41,50,252,21,13,134,0,0,Central Michigan,17,21,16,39,18,188,1,2,H,28,24,29,236,-18,-5,-54,-1,-2
169,09/09/2006,Michigan State,52,40,264,37,29,322,1,1,Eastern Michigan,20,28,42,31,19,230,0,1,H,26,32,12,222,6,10,92,1,0
170,09/09/2006,Middle Tennessee,10,33,105,41,22,216,1,2,Maryland,24,34,135,16,11,139,0,1,V,-24,-14,-1,-30,25,11,77,1,1
171,09/09/2006,Minnesota,17,32,109,33,21,243,2,0,California,42,48,231,31,22,300,0,1,V,-8.5,-25,-16,-122,2,-1,-57,2,-1
172,09/09/2006,Mississippi,7,28,72,29,13,90,3,0,Missouri,34,42,218,41,25,253,0,1,V,-10.5,-27,-14,-146,-12,-12,-163,3,-1
173,09/09/2006,Mississippi State,0,33,79,25,12,82,1,2,Auburn,34,36,111,32,22,277,0,2,H,-22,-34,-3,-32,-7,-10,-195,1,0
174,09/09/2006,Missouri,34,42,218,41,25,253,0,1,Mississippi,7,28,72,29,13,90,3,0,H,10.5,27,14,146,12,12,163,-3,1
175,09/09/2006,Navy,21,51,268,7,1,21,1,3,Massachusetts,20,36,109,30,17,187,2,1,H, ,1,15,159,-23,-16,-166,-1,2
176,09/09/2006,Nebraska,56,50,261,26,21,237,0,1,Nicholls State,7,47,187,3,0,0,0,3,H, ,49,3,74,23,21,237,0,-2
177,09/09/2006,Nevada-Las Vegas,10,31,74,35,24,218,1,0,Iowa State,16,37,137,21,14,203,1,0,V,-14.5,-6,-6,-63,14,10,15,0,0
178,09/09/2006,Nevada-Reno,21,37,136,31,18,170,3,1,Arizona State,52,31,139,30,19,347,1,1,V,-17,-31,6,-3,1,-1,-177,2,0
179,09/09/2006,New Mexico,34,26,109,28,12,317,0,0,New Mexico State,28,30,60,57,37,472,1,4,V,5,6,-4,49,-29,-25,-155,-1,-4
180,09/09/2006,New Mexico State,28,30,60,57,37,472,1,4,New Mexico,34,26,109,28,12,317,0,0,H,-5,-6,4,-49,29,25,155,1,4
181,09/09/2006,No Carolina State,17,32,81,32,16,209,1,2,Akron,20,42,114,32,13,267,0,0,H,8.5,-3,-10,-33,0,3,-58,1,2
182,09/09/2006,North Carolina,10,31,89,38,19,179,4,1,Virginia Tech,35,30,117,18,11,107,0,3,H,-14,-25,1,-28,20,8,72,4,-2
183,09/09/2006,North Texas,24,38,168,17,12,145,0,1,S-M-U,6,32,111,29,20,159,2,1,H,-5,18,6,57,-12,-8,-14,-2,0
184,09/09/2006,Northern Illinois,23,26,201,42,19,261,0,0,Ohio,35,37,177,34,25,332,0,2,H,20,-12,-11,24,8,-6,-71,0,-2
185,09/09/2006,Northwestern,17,35,187,32,19,173,1,2,New Hampshire,34,43,123,24,18,206,0,0,H, ,-17,-8,64,8,1,-33,1,2
186,09/09/2006,Notre Dame,41,36,110,36,25,287,0,0,Penn State,17,33,158,41,24,225,1,2,H,9,24,3,-48,-5,1,62,-1,-2
187,09/09/2006,Ohio,35,37,177,34,25,332,0,2,Northern Illinois,23,26,201,42,19,261,0,0,V,-20,12,11,-24,-8,6,71,0,2
188,09/09/2006,Ohio State,24,29,79,26,17,269,0,0,Texas,7,31,172,32,19,154,1,1,V,-2.5,17,-2,-93,-6,-2,115,-1,-1
189,09/09/2006,Oklahoma,37,35,181,33,21,272,1,1,Washington,20,40,204,30,14,180,0,1,H,17,17,-5,-23,3,7,92,1,0
190,09/09/2006,Oklahoma State,35,41,171,18,11,167,3,0,Arkansas State,7,39,110,19,7,78,1,2,V,12,28,2,61,-1,4,89,2,-2
191,09/09/2006,Oregon,31,34,139,36,23,240,0,1,Fresno State,24,41,206,33,16,150,2,0,V,3,7,-7,-67,3,7,90,-2,1
192,09/09/2006,Penn State,17,33,158,41,24,225,1,2,Notre Dame,41,36,110,36,25,287,0,0,V,-9,-24,-3,48,5,-1,-62,1,2
193,09/09/2006,Purdue,38,29,183,31,17,208,3,0,Miami-Ohio,31,37,97,46,31,386,2,0,H,19,7,-8,86,-15,-14,-178,1,0
194,09/09/2006,Rice,16,31,53,21,13,131,0,1,U.C.L.A.,26,52,277,20,13,124,1,3,V,-27.5,-10,-21,-224,1,0,7,-1,-2
195,09/09/2006,Rutgers,33,40,166,25,14,145,1,2,Illinois,0,29,66,21,7,60,2,1,H,11,33,11,100,4,7,85,-1,1
196,09/09/2006,S-M-U,6,32,111,29,20,159,2,1,North Texas,24,38,168,17,12,145,0,1,V,5,-18,-6,-57,12,8,14,2,0
197,09/09/2006,San Jose State,35,49,342,17,15,115,1,1,Stanford,34,43,185,28,18,233,1,2,H,-10.5,1,6,157,-11,-3,-118,0,-1
198,09/09/2006,South Carolina,0,22,35,33,23,220,0,3,Georgia,18,39,198,22,10,189,3,0,H,-3,-18,-17,-163,11,13,31,-3,3
199,09/09/2006,South Florida,21,34,123,28,15,174,2,1,Florida Intl,20,31,24,33,20,238,1,1,H,20,1,3,99,-5,-5,-64,1,0
200,09/09/2006,Southern Miss,45,44,256,16,11,192,0,3,S E Louisiana,0,34,112,33,18,107,2,1,H, ,45,10,144,-17,-7,85,-2,2
201,09/09/2006,Stanford,34,43,185,28,18,233,1,2,San Jose State,35,49,342,17,15,115,1,1,V,10.5,-1,-6,-157,11,3,118,0,1
202,09/09/2006,Syracuse,13,44,70,39,22,210,0,0,Iowa,20,37,149,32,16,202,4,0,H,-16,-7,7,-79,7,6,8,-4,0
203,09/09/2006,Temple,0,27,16,29,14,214,1,1,Louisville,62,43,312,35,21,359,1,0,H,-40.5,-62,-16,-296,-6,-7,-145,0,1
204,09/09/2006,Tennessee,31,32,79,29,24,333,1,1,Air Force,30,51,281,9,7,127,0,0,H,20,1,-19,-202,20,17,206,1,1
205,09/09/2006,Texas,7,31,172,32,19,154,1,1,Ohio State,24,29,79,26,17,269,0,0,H,2.5,-17,2,93,6,2,-115,1,1
206,09/09/2006,Texas A+M,51,40,225,32,23,271,0,0,UL-Lafayette,7,38,154,12,2,17,0,2,H,22,44,2,71,20,21,254,0,-2
207,09/09/2006,Texas Christian,46,54,272,23,18,190,0,0,UC-Davis,13,28,26,28,15,225,2,0,H, ,33,26,246,-5,3,-35,-2,0
208,09/09/2006,Texas Tech,38,18,103,53,40,376,1,0,UTEP,35,26,120,52,35,375,2,0,V,7,3,-8,-17,1,5,1,-1,0
209,09/09/2006,Toledo,10,32,88,31,18,218,3,1,Western Michigan,31,32,163,15,11,98,0,0,V,10.5,-21,0,-75,16,7,120,3,1
210,09/09/2006,Troy,17,14,24,48,31,271,3,0,Florida State,24,28,45,43,30,336,1,3,V,-26,-7,-14,-21,5,1,-65,2,-3
211,09/09/2006,Tulane,7,23,55,29,16,169,1,1,Houston,45,35,244,45,27,377,1,1,V,-13.5,-38,-12,-189,-16,-11,-208,0,0
212,09/09/2006,Tulsa,24,31,82,35,21,221,1,0,Brigham Young,49,42,227,23,16,240,0,0,V,-5.5,-25,-11,-145,12,5,-19,1,0
213,09/09/2006,U-A-B,17,42,124,23,17,199,0,3,East Carolina,12,27,96,38,20,280,1,2,H,6,5,15,28,-15,-3,-81,-1,1
214,09/09/2006,U-C-F,0,24,21,36,17,132,0,0,Florida,42,36,204,38,25,433,2,2,V,-23,-42,-12,-183,-2,-8,-301,-2,-2
215,09/09/2006,U.C.L.A.,26,52,277,20,13,124,1,3,Rice,16,31,53,21,13,131,0,1,H,27.5,10,21,224,-1,0,-7,1,2
216,09/09/2006,UL-Lafayette,7,38,154,12,2,17,0,2,Texas A+M,51,40,225,32,23,271,0,0,V,-22,-44,-2,-71,-20,-21,-254,0,2
217,09/09/2006,UL-Monroe,19,23,51,41,24,377,0,0,Kansas,21,40,161,28,17,190,2,0,V,-26.5,-2,-17,-110,13,7,187,-2,0
218,09/09/2006,UTEP,35,25,112,53,36,383,2,0,Texas Tech,38,18,103,53,40,376,1,0,H,-7,-3,7,9,0,-4,7,1,0
219,09/09/2006,Utah,45,38,213,27,17,299,0,0,Northern Arizona,7,26,74,23,12,131,1,0,H, ,38,12,139,4,5,168,-1,0
220,09/09/2006,Utah State,0,39,135,28,11,114,0,0,Arkansas,20,38,279,22,11,178,0,1,V,-28.5,-20,1,-144,6,0,-64,0,-1
221,09/09/2006,Vanderbilt,10,23,80,24,16,155,3,1,Alabama,13,40,134,29,18,207,1,2,V,-14,-3,-17,-54,-5,-2,-52,2,-1
222,09/09/2006,Virginia,13,22,32,34,20,174,1,0,Wyoming,12,38,168,32,23,145,1,1,H,7.5,1,-16,-136,2,-3,29,0,-1
223,09/09/2006,Virginia Tech,35,30,117,18,11,107,0,3,North Carolina,10,31,89,38,19,179,4,1,V,14,25,-1,28,-20,-8,-72,-4,2
224,09/09/2006,Wake Forest,14,24,57,29,22,235,0,2,Duke,13,39,62,33,22,305,0,2,H,21,1,-15,-5,-4,0,-70,0,0
225,09/09/2006,Washington,20,40,204,30,14,180,0,1,Oklahoma,37,35,181,33,21,272,1,1,V,-17,-17,5,23,-3,-7,-92,-1,0
226,09/09/2006,Washington State,56,43,344,24,18,293,0,1,Idaho,10,32,83,36,14,220,1,1,H,18.5,46,11,261,-12,4,73,-1,0
227,09/09/2006,West Virginia,52,58,394,23,18,197,0,0,Eastern Washington,3,21,76,31,15,109,1,0,H, ,49,37,318,-8,3,88,-1,0
228,09/09/2006,Western Michigan,31,32,163,15,11,98,0,0,Toledo,10,32,88,31,18,218,3,1,H,-10.5,21,0,75,-16,-7,-120,-3,-1
229,09/09/2006,Wisconsin,34,39,109,28,15,227,1,1,Western Illinois,10,22,80,42,21,166,3,0,H, ,24,17,29,-14,-6,61,-2,1
230,09/09/2006,Wyoming,12,38,168,32,23,145,1,1,Virginia,13,22,32,34,20,174,1,0,V,-7.5,-1,16,136,-2,3,-29,0,1
231,09/14/2006,Maryland,24,33,122,45,24,211,2,3,West Virginia,45,43,340,9,6,43,0,1,V,-17.5,-21,-10,-218,36,18,168,2,2
232,09/14/2006,Middle Tennessee,44,29,174,24,12,127,1,0,Tennessee Tech,0,33,10,28,13,125,3,2,H, ,44,-4,164,-4,-1,2,-2,-2
233,09/14/2006,West Virginia,45,43,340,9,6,43,0,1,Maryland,24,33,122,45,24,211,2,3,H,17.5,21,10,218,-36,-18,-168,-2,-2
234,09/15/2006,Kansas,31,40,148,41,23,243,4,1,Toledo,37,30,101,47,15,136,0,0,V,-4.5,-6,10,47,-6,8,107,4,1
235,09/15/2006,Toledo,37,30,101,47,15,136,0,0,Kansas,31,40,148,41,23,243,4,1,H,4.5,6,-10,-47,6,-8,-107,-4,-1
236,09/16/2006,Akron,21,31,61,46,25,375,3,0,Central Michigan,24,36,129,23,16,162,1,1,V,2,-3,-5,-68,23,9,213,2,-1
237,09/16/2006,Alabama,41,43,219,23,15,225,0,1,UL-Monroe,7,30,123,21,10,73,1,1,H,24,34,13,96,2,5,152,-1,0
238,09/16/2006,Arizona,28,41,263,25,17,144,1,1,Stephen F Austin,10,25,86,25,15,110,0,1,H, ,18,16,177,0,2,34,1,0
239,09/16/2006,Arizona State,21,37,192,37,21,238,2,2,Colorado,3,44,132,18,8,86,1,2,V,13,18,-7,60,19,13,152,1,0
240,09/16/2006,Arkansas,21,39,170,20,13,224,1,0,Vanderbilt,19,37,240,26,12,124,0,0,V,5.5,2,2,-70,-6,1,100,1,0
241,09/16/2006,Army,24,39,186,32,17,136,3,0,Texas A+M,28,44,262,11,7,102,0,1,V,-27.5,-4,-5,-76,21,10,34,3,-1
242,09/16/2006,Auburn,7,38,72,20,11,110,1,0,Louisiana State,3,23,42,37,20,269,0,0,H,3,4,15,30,-17,-9,-159,1,0
243,09/16/2006,Ball State,28,29,61,37,24,291,1,1,Purdue,38,28,117,39,30,416,2,1,V,-16,-10,1,-56,-2,-6,-125,-1,0
244,09/16/2006,Baylor,15,14,-10,49,31,256,2,2,Washington State,17,34,51,38,25,285,2,2,V,-13.5,-2,-20,-61,11,6,-29,0,0
245,09/16/2006,Boise State,17,41,130,21,12,116,0,0,Wyoming,10,29,73,30,14,178,2,0,V,8.5,7,12,57,-9,-2,-62,-2,0
246,09/16/2006,Boston College,30,26,115,48,29,356,2,2,Brigham Young,23,31,100,60,38,436,2,1,H,7,7,-5,15,-12,-9,-80,0,1
247,09/16/2006,Bowling Green,33,41,154,30,16,192,2,0,Florida Intl,28,32,188,27,16,173,3,1,V,5,5,9,-34,3,0,19,-1,-1
248,09/16/2006,Brigham Young,23,30,111,60,38,436,2,1,Boston College,30,26,115,48,29,356,2,2,V,-7,-7,4,-4,12,9,80,0,-1
249,09/16/2006,Buffalo,13,32,99,41,25,250,0,0,Northern Illinois,31,36,344,19,12,156,1,0,V,-26,-18,-4,-245,22,13,94,-1,0
250,09/16/2006,California,42,31,193,37,24,309,1,2,Portland State,16,34,97,25,15,176,1,1,H, ,26,-3,96,12,9,133,0,1
251,09/16/2006,Central Michigan,24,36,129,23,16,162,1,1,Akron,21,31,61,46,25,375,3,0,H,-2,3,5,68,-23,-9,-213,-2,1
252,09/16/2006,Cincinnati,7,22,-4,25,20,216,3,0,Ohio State,37,32,166,35,25,278,0,0,V,-28.5,-30,-10,-170,-10,-5,-62,3,0
253,09/16/2006,Clemson,27,29,140,30,16,194,0,0,Florida State,20,38,102,20,11,102,0,2,V,-4,7,-9,38,10,5,92,0,-2
254,09/16/2006,Colorado,3,44,133,18,8,86,1,2,Arizona State,21,37,182,37,21,248,2,2,H,-13,-18,7,-49,-19,-13,-162,-1,0
255,09/16/2006,Colorado State,10,24,64,26,14,113,2,0,Nevada-Reno,28,41,171,22,19,210,1,0,V,-2.5,-18,-17,-107,4,-5,-97,1,0
256,09/16/2006,Connecticut,13,47,127,32,19,197,2,1,Wake Forest,24,38,99,16,7,110,0,1,H,6,-11,9,28,16,12,87,2,0
257,09/16/2006,Duke,0,41,58,14,8,81,0,1,Virginia Tech,36,33,102,27,16,316,1,0,V,-35,-36,8,-44,-13,-8,-235,-1,1
258,09/16/2006,East Carolina,35,39,177,27,18,236,2,1,Memphis,20,30,95,46,25,296,5,1,H,3,15,9,82,-19,-7,-60,-3,0
259,09/16/2006,Eastern Michigan,6,28,87,25,9,47,2,0,Northwestern,14,44,156,26,16,110,1,1,V,-17.5,-8,-16,-69,-1,-7,-63,1,-1
260,09/16/2006,Florida,21,41,121,25,15,199,1,0,Tennessee,20,23,-11,33,18,231,2,0,V,5,1,18,132,-8,-3,-32,-1,0
261,09/16/2006,Florida Atlantic,8,35,49,28,16,166,2,1,Oklahoma State,48,43,246,19,9,186,0,0,V,-32,-40,-8,-197,9,7,-20,2,1
262,09/16/2006,Florida Intl,28,32,188,27,16,173,3,1,Bowling Green,33,41,154,30,16,192,2,0,H,-5,-5,-9,34,-3,0,-19,1,1
263,09/16/2006,Florida State,20,38,102,20,11,102,0,2,Clemson,27,28,151,30,16,194,0,0,H,4,-7,10,-49,-10,-5,-92,0,2
264,09/16/2006,Fresno State,20,37,157,21,11,140,1,0,Washington,21,35,128,26,15,151,0,0,V,2,-1,2,29,-5,-4,-11,1,0
265,09/16/2006,Georgia,34,38,146,19,11,125,0,0,U-A-B,0,37,68,20,11,95,0,1,H,17,34,1,78,-1,0,30,0,-1
266,09/16/2006,Georgia Tech,35,41,320,32,15,180,2,0,Troy,20,38,101,33,18,182,2,1,H,18,15,3,219,-1,-3,-2,0,-1
267,09/16/2006,Hawaii,42,31,214,45,33,369,2,2,Nevada-Las Vegas,13,28,39,47,18,232,1,0,H,13.5,29,3,175,-2,15,137,1,2
268,09/16/2006,Houston,42,31,158,36,30,326,1,1,Grambling,22,35,91,26,18,248,0,1,H, ,20,-4,67,10,12,78,1,0
269,09/16/2006,Idaho,27,40,161,29,19,266,1,0,Idaho State,24,27,109,37,24,274,2,0,H, ,3,13,52,-8,-5,-8,-1,0
270,09/16/2006,Illinois,21,31,110,33,17,288,1,1,Syracuse,31,44,202,18,9,167,1,0,H,3.5,-10,-13,-92,15,8,121,0,1
271,09/16/2006,Indiana,28,33,76,40,20,238,1,1,Southern Illinois,35,50,244,19,10,142,0,1,H, ,-7,-17,-168,21,10,96,1,0
272,09/16/2006,Iowa,27,30,136,38,26,274,1,0,Iowa State,17,36,171,31,15,152,0,0,H,13,10,-6,-35,7,11,122,1,0
273,09/16/2006,Iowa State,17,36,171,31,15,152,0,0,Iowa,27,30,136,38,26,274,1,0,V,-13,-10,6,35,-7,-11,-122,-1,0
274,09/16/2006,Kansas State,23,27,99,35,19,256,1,1,Marshall,7,22,50,28,16,92,2,1,H,9,16,5,49,7,3,164,-1,0
275,09/16/2006,Kent State,16,33,142,22,14,244,1,1,Miami-Ohio,14,41,130,35,20,167,1,1,V,-14,2,-8,12,-13,-6,77,0,0
276,09/16/2006,Kentucky,31,33,90,34,21,290,0,1,Mississippi,14,39,205,26,13,190,1,4,H,6,17,-6,-115,8,8,100,-1,-3
277,09/16/2006,Louisiana State,3,23,42,37,20,269,0,0,Auburn,7,38,72,20,11,110,1,0,V,-3,-4,-15,-30,17,9,159,-1,0
278,09/16/2006,Louisiana Tech,31,42,178,22,13,203,0,3,Nicholls State,21,50,141,11,4,83,0,2,H, ,10,-8,37,11,9,120,0,1
279,09/16/2006,Louisville,31,31,95,18,13,294,0,1,Miami-Florida,7,29,64,34,20,278,0,2,H,4,24,2,31,-16,-7,16,0,-1
280,09/16/2006,Marshall,7,22,50,28,16,92,2,1,Kansas State,23,27,99,35,19,256,1,1,V,-9,-16,-5,-49,-7,-3,-164,1,0
281,09/16/2006,Memphis,20,30,95,46,25,296,5,1,East Carolina,35,39,177,27,18,236,2,1,V,-3,-15,-9,-82,19,7,60,3,0
282,09/16/2006,Miami-Florida,7,29,64,34,20,278,0,2,Louisville,31,31,95,18,13,294,0,1,V,-4,-24,-2,-31,16,7,-16,0,1
283,09/16/2006,Miami-Ohio,14,41,130,35,20,167,1,1,Kent State,16,32,130,23,15,256,1,1,H,14,-2,9,0,12,5,-89,0,0
284,09/16/2006,Michigan,47,41,120,22,13,220,1,0,Notre Dame,21,17,4,49,25,241,3,2,V,-6.5,26,24,116,-27,-12,-21,-2,-2
285,09/16/2006,Michigan State,38,48,335,25,16,198,1,1,Pittsburgh,23,20,81,47,28,277,2,1,V,-2.5,15,28,254,-22,-12,-79,-1,0
286,09/16/2006,Minnesota,62,45,282,17,9,166,1,0,Temple,0,29,61,30,17,96,2,1,H,42,62,16,221,-13,-8,70,-1,-1
287,09/16/2006,Mississippi,14,39,205,26,13,190,1,4,Kentucky,31,33,90,34,21,290,0,1,V,-6,-17,6,115,-8,-8,-100,1,3
288,09/16/2006,Mississippi State,29,32,98,35,18,252,1,1,Tulane,32,36,129,24,16,298,0,1,H,11,-3,-4,-31,11,2,-46,1,0
289,09/16/2006,Missouri,27,40,197,36,25,199,1,1,New Mexico,17,27,33,31,16,168,1,2,V,14,10,13,164,5,9,31,0,-1
290,09/16/2006,Navy,37,69,368,12,9,78,0,1,Stanford,9,25,74,41,26,270,1,2,V,1,28,44,294,-29,-17,-192,-1,-1
291,09/16/2006,Nebraska,10,36,68,17,9,143,0,1,Southern Cal,28,31,142,37,25,257,0,0,V,-17,-18,5,-74,-20,-16,-114,0,1
292,09/16/2006,Nevada-Las Vegas,13,28,39,47,18,232,1,0,Hawaii,42,31,214,45,33,369,2,2,V,-13.5,-29,-3,-175,2,-15,-137,-1,-2
293,09/16/2006,Nevada-Reno,28,41,170,22,19,210,1,0,Colorado State,10,24,74,26,14,103,2,0,H,2.5,18,17,96,-4,5,107,-1,0
294,09/16/2006,New Mexico,17,27,33,31,16,168,1,2,Missouri,27,40,197,36,25,199,1,1,H,-14,-10,-13,-164,-5,-9,-31,0,1
295,09/16/2006,New Mexico State,48,27,116,49,32,404,1,1,Texas Southern,14,24,64,29,14,148,2,2,H, ,34,3,52,20,18,256,-1,-1
296,09/16/2006,No Carolina State,17,21,77,35,18,197,3,0,Southern Miss,37,52,261,19,13,181,0,1,V,-2.5,-20,-31,-184,16,5,16,3,-1
297,09/16/2006,North Carolina,45,36,181,20,14,265,1,0,Furman,42,46,211,27,20,310,0,1,H, ,3,-10,-30,-7,-6,-45,1,-1
298,09/16/2006,North Texas,3,31,27,11,6,62,2,1,Tulsa,28,30,126,35,23,275,2,0,V,-16,-25,1,-99,-24,-17,-213,0,1
299,09/16/2006,Northern Illinois,31,36,344,19,12,156,1,0,Buffalo,13,32,99,41,25,250,0,0,H,26,18,4,245,-22,-13,-94,1,0
300,09/16/2006,Northwestern,14,44,156,26,16,110,1,1,Eastern Michigan,6,28,87,25,9,47,2,0,H,17.5,8,16,69,1,7,63,-1,1
301,09/16/2006,Notre Dame,21,17,4,49,25,241,3,2,Michigan,47,41,120,22,13,220,1,0,H,6.5,-26,-24,-116,27,12,21,2,2
302,09/16/2006,Ohio,7,26,-6,29,14,125,2,2,Rutgers,24,38,217,16,6,83,3,0,V,-17,-17,-12,-223,13,8,42,-1,2
303,09/16/2006,Ohio State,37,32,166,35,25,278,0,0,Cincinnati,7,22,-4,25,20,216,3,0,H,28.5,30,10,170,10,5,62,-3,0
304,09/16/2006,Oklahoma,33,43,207,24,13,174,0,1,Oregon,34,32,158,42,27,343,2,2,V,-6,-1,11,49,-18,-14,-169,-2,-1
305,09/16/2006,Oklahoma State,48,43,246,19,9,186,0,0,Florida Atlantic,8,35,49,28,16,166,2,1,H,32,40,8,197,-9,-7,20,-2,-1
306,09/16/2006,Oregon,34,32,158,42,27,343,2,2,Oklahoma,33,43,207,24,13,174,0,1,H,6,1,-11,-49,18,14,169,2,1
307,09/16/2006,Penn State,37,39,389,32,14,179,0,1,Youngstown State,3,28,47,27,16,137,2,1,H, ,34,11,342,5,-2,42,-2,0
308,09/16/2006,Pittsburgh,23,20,81,47,28,277,2,1,Michigan State,38,48,335,25,16,198,1,1,H,2.5,-15,-28,-254,22,12,79,1,0
309,09/16/2006,Purdue,38,27,105,40,31,428,2,1,Ball State,28,29,61,37,24,291,1,1,H,16,10,-2,44,3,7,137,1,0
310,09/16/2006,Rice,7,20,-12,29,18,180,0,1,Texas,52,43,330,11,10,163,0,2,H,-36.5,-45,-23,-342,18,8,17,0,-1
311,09/16/2006,Rutgers,24,38,217,16,6,83,3,0,Ohio,7,26,-6,29,14,125,2,2,H,17,17,12,223,-13,-8,-42,1,-2
312,09/16/2006,S-M-U,45,34,195,21,18,248,0,1,Sam Houston State,14,25,66,51,33,244,2,1,H, ,31,9,129,-30,-15,4,-2,0
313,09/16/2006,San Diego State,0,26,13,27,15,102,0,1,Wisconsin,14,45,287,23,12,85,0,1,V,-12.5,-14,-19,-274,4,3,17,0,0
314,09/16/2006,South Carolina,27,31,165,20,12,196,1,1,Wofford,20,61,290,11,5,67,0,1,H, ,7,-30,-125,9,7,129,1,0
315,09/16/2006,South Florida,24,38,100,32,22,333,1,0,U-C-F,17,34,140,44,19,219,2,1,V,3,7,4,-40,-12,3,114,-1,-1
316,09/16/2006,Southern Cal,28,31,142,37,25,257,0,0,Nebraska,10,36,68,17,9,143,0,1,H,17,18,-5,74,20,16,114,0,-1
317,09/16/2006,Southern Miss,37,52,261,19,13,181,0,1,No Carolina State,17,21,77,35,18,197,3,0,H,2.5,20,31,184,-16,-5,-16,-3,1
318,09/16/2006,Stanford,9,25,74,41,26,270,1,2,Navy,37,69,368,12,9,78,0,1,H,-1,-28,-44,-294,29,17,192,1,1
319,09/16/2006,Syracuse,31,44,202,18,9,167,1,0,Illinois,21,31,110,33,17,288,1,1,V,-3.5,10,13,92,-15,-8,-121,0,-1
320,09/16/2006,Temple,0,29,61,30,17,96,2,1,Minnesota,62,45,282,17,9,166,1,0,V,-42,-62,-16,-221,13,8,-70,1,1
321,09/16/2006,Tennessee,20,23,-11,33,18,231,2,0,Florida,21,41,121,25,15,199,1,0,H,-5,-1,-18,-132,8,3,32,1,0
322,09/16/2006,Texas,52,43,330,11,10,163,0,2,Rice,7,20,-12,29,18,180,0,1,V,36.5,45,23,342,-18,-8,-17,0,1
323,09/16/2006,Texas A+M,28,44,262,11,7,102,0,1,Army,24,39,186,32,17,136,3,0,H,27.5,4,5,76,-21,-10,-34,-3,1
324,09/16/2006,Texas Christian,12,44,180,23,13,101,0,0,Texas Tech,3,15,38,47,23,204,0,1,H,-2,9,29,142,-24,-10,-103,0,-1
325,09/16/2006,Texas Tech,3,15,38,47,23,204,0,1,Texas Christian,12,44,180,23,13,101,0,0,V,2,-9,-29,-142,24,10,103,0,1
326,09/16/2006,Troy,20,38,101,33,18,182,2,1,Georgia Tech,35,41,320,32,15,180,2,0,V,-18,-15,-3,-219,1,3,2,0,1
327,09/16/2006,Tulane,32,36,129,24,16,298,0,1,Mississippi State,29,32,98,35,18,252,1,1,V,-11,3,4,31,-11,-2,46,-1,0
328,09/16/2006,Tulsa,28,30,126,35,23,275,2,0,North Texas,3,31,27,11,6,62,2,1,H,16,25,-1,99,24,17,213,0,-1
329,09/16/2006,U-A-B,0,37,68,20,11,95,0,1,Georgia,34,38,146,19,11,125,0,0,V,-17,-34,-1,-78,1,0,-30,0,1
330,09/16/2006,U-C-F,17,34,140,44,19,219,2,1,South Florida,24,38,100,32,22,333,1,0,H,-3,-7,-4,40,12,-3,-114,1,1
331,09/16/2006,UL-Monroe,7,30,123,21,10,73,1,1,Alabama,41,43,219,23,15,225,0,1,V,-24,-34,-13,-96,-2,-5,-152,1,0
332,09/16/2006,Utah,48,37,161,30,20,240,0,1,Utah State,0,29,34,20,6,64,2,4,V,18.5,48,8,127,10,14,176,-2,-3
333,09/16/2006,Utah State,0,29,34,20,6,64,2,4,Utah,48,37,161,30,20,240,0,1,H,-18.5,-48,-8,-127,-10,-14,-176,2,3
334,09/16/2006,Vanderbilt,19,37,240,26,12,124,0,0,Arkansas,21,39,170,20,13,224,1,0,H,-5.5,-2,-2,70,6,-1,-100,-1,0
335,09/16/2006,Virginia,10,26,69,32,24,189,2,0,Western Michigan,17,40,139,11,7,40,0,0,H,9.5,-7,-14,-70,21,17,149,2,0
336,09/16/2006,Virginia Tech,36,33,102,27,16,316,1,0,Duke,0,41,58,14,8,81,0,1,H,35,36,-8,44,13,8,235,1,-1
337,09/16/2006,Wake Forest,24,38,99,16,7,110,0,1,Connecticut,13,47,127,32,19,197,2,1,V,-6,11,-9,-28,-16,-12,-87,-2,0
338,09/16/2006,Washington,21,35,128,26,15,151,0,0,Fresno State,20,37,157,21,11,140,1,0,H,-2,1,-2,-29,5,4,11,-1,0
339,09/16/2006,Washington State,17,34,51,38,25,285,2,2,Baylor,15,14,-10,49,31,256,2,2,H,13.5,2,20,61,-11,-6,29,0,0
340,09/16/2006,Western Michigan,17,40,139,11,7,40,0,0,Virginia,10,26,69,32,24,189,2,0,V,-9.5,7,14,70,-21,-17,-149,-2,0
341,09/16/2006,Wisconsin,14,45,287,23,12,85,0,1,San Diego State,0,26,13,27,15,102,0,1,H,12.5,14,19,274,-4,-3,-17,0,0
342,09/16/2006,Wyoming,10,29,73,30,14,178,2,0,Boise State,17,41,130,21,12,116,0,0,H,-8.5,-7,-12,-57,9,2,62,2,0
343,09/21/2006,Georgia Tech,24,38,105,21,12,230,0,1,Virginia,7,23,51,31,15,115,2,1,H,17,17,15,54,-10,-3,115,-2,0
344,09/21/2006,Virginia,7,23,51,31,15,115,2,1,Georgia Tech,24,38,105,21,12,230,0,1,V,-17,-17,-15,-54,10,3,-115,2,0
345,09/22/2006,Nevada-Reno,31,45,156,26,17,197,1,0,Northwestern,21,37,246,21,9,122,3,2,H,6.5,10,8,-90,5,8,75,-2,-2
346,09/22/2006,Northwestern,21,37,246,21,9,122,3,2,Nevada-Reno,31,45,156,26,17,197,1,0,V,-6.5,-10,-8,90,-5,-8,-75,2,2
347,09/23/2006,Air Force,31,70,327,7,3,40,0,1,Wyoming,24,21,77,21,13,169,0,2,V,-1,7,49,250,-14,-10,-129,0,-1
348,09/23/2006,Akron,33,31,105,20,14,173,0,0,North Texas,13,36,175,36,17,112,2,1,H,15,20,-5,-70,-16,-3,61,-2,-1
349,09/23/2006,Alabama,23,52,118,20,16,243,0,1,Arkansas,24,31,172,22,7,97,3,0,V,-2,-1,21,-54,-2,9,146,-3,1
350,09/23/2006,Arizona,3,19,-16,25,14,170,1,1,Southern Cal,20,42,202,39,24,179,1,1,H,-21,-17,-23,-218,-14,-10,-9,0,0
351,09/23/2006,Arizona State,21,46,237,36,16,177,4,1,California,49,27,139,26,18,270,1,1,V,-7.5,-28,19,98,10,-2,-93,3,0
352,09/23/2006,Arkansas,24,31,172,22,7,97,3,0,Alabama,23,52,118,20,16,243,0,1,H,2,1,-21,54,2,-9,-146,3,-1
353,09/23/2006,Arkansas State,9,41,69,28,13,193,1,4,S-M-U,55,31,226,28,17,231,1,1,V,-6.5,-46,10,-157,0,-4,-38,0,3
354,09/23/2006,Army,27,38,140,22,15,138,0,1,Baylor,20,28,62,35,26,241,0,0,V,-10.5,7,10,78,-13,-11,-103,0,1
355,09/23/2006,Auburn,38,36,261,14,10,153,1,0,Buffalo,7,39,87,24,12,111,0,0,H,41,31,-3,174,-10,-2,42,1,0
356,09/23/2006,Ball State,24,24,14,32,18,385,0,0,North Dakota St,29,23,84,47,29,451,0,1,H, ,-5,1,-70,-15,-11,-66,0,-1
357,09/23/2006,Baylor,20,28,62,35,26,241,0,0,Army,27,38,140,22,15,138,0,1,H,10.5,-7,-10,-78,13,11,103,0,-1
358,09/23/2006,Boise State,41,44,242,29,17,273,1,0,Hawaii,34,18,88,37,25,388,1,2,H,14.5,7,26,154,-8,-8,-115,0,-2
359,09/23/2006,Boston College,15,42,172,25,13,149,1,0,No Carolina State,17,23,141,32,15,179,1,0,V,6.5,-2,19,31,-7,-2,-30,0,0
360,09/23/2006,Bowling Green,3,49,164,35,17,175,3,3,Kent State,38,34,215,18,12,113,0,0,H,7,-35,15,-51,17,5,62,3,3
361,09/23/2006,Brigham Young,38,34,136,28,20,305,1,0,Utah State,0,42,120,28,17,122,1,1,H,24.5,38,-8,16,0,3,183,0,-1
362,09/23/2006,Buffalo,7,39,87,24,12,111,0,0,Auburn,38,36,261,14,10,153,1,0,V,-41,-31,3,-174,10,2,-42,-1,0
363,09/23/2006,California,49,27,139,26,18,270,1,1,Arizona State,21,46,237,36,16,177,4,1,H,7.5,28,-19,-98,-10,2,93,-3,0
364,09/23/2006,Central Michigan,24,33,176,42,27,276,1,0,Eastern Michigan,17,47,188,32,22,157,0,0,V,-4.55,7,-14,-12,10,5,119,1,0
365,09/23/2006,Cincinnati,13,38,121,20,14,159,2,1,Virginia Tech,29,33,145,23,11,188,1,1,V,-28,-16,5,-24,-3,3,-29,1,0
366,09/23/2006,Clemson,52,58,324,21,14,180,1,0,North Carolina,7,22,54,23,7,96,1,1,H,16.5,45,36,270,-2,7,84,0,-1
367,09/23/2006,Colorado,13,39,173,27,14,140,1,1,Georgia,14,27,54,29,18,230,0,2,V,-27,-1,12,119,-2,-4,-90,1,-1
368,09/23/2006,Connecticut,14,53,257,13,5,27,2,1,Indiana,7,27,0,43,20,192,3,1,V,1.5,7,26,257,-30,-15,-165,-1,0
369,09/23/2006,East Carolina,10,24,41,47,22,276,2,1,West Virginia,27,42,153,24,17,216,3,0,H,-21,-17,-18,-112,23,5,60,-1,1
370,09/23/2006,Eastern Michigan,17,47,188,32,22,157,0,0,Central Michigan,24,33,176,42,27,276,1,0,H,4.55,-7,14,12,-10,-5,-119,-1,0
371,09/23/2006,Florida,26,38,235,28,16,279,1,1,Kentucky,7,22,39,38,26,210,0,0,H,27.5,19,16,196,-10,-10,69,1,1
372,09/23/2006,Florida Atlantic,6,35,138,25,8,105,1,1,South Carolina,45,38,200,34,19,292,0,0,V,-29.5,-39,-3,-62,-9,-11,-187,1,1
373,09/23/2006,Florida Intl,10,15,88,30,13,193,1,0,Maryland,14,44,124,34,19,208,1,0,V,-23.5,-4,-29,-36,-4,-6,-15,0,0
374,09/23/2006,Florida State,55,38,287,23,13,213,0,1,Rice,7,37,113,27,9,128,1,2,H,30.5,48,1,174,-4,4,85,-1,-1
375,09/23/2006,Georgia,14,27,54,29,18,230,0,2,Colorado,13,38,174,28,15,139,1,1,H,27,1,-11,-120,1,3,91,-1,1
376,09/23/2006,Hawaii,34,18,88,37,25,388,1,2,Boise State,41,44,242,29,17,273,1,0,V,-14.5,-7,-26,-154,8,8,115,0,2
377,09/23/2006,Houston,34,46,196,28,21,313,0,1,Oklahoma State,25,27,165,22,13,281,0,2,H,2.5,9,19,31,6,8,32,0,-1
378,09/23/2006,Idaho,0,24,57,23,8,128,4,2,Oregon State,38,38,174,35,20,206,1,1,V,-26,-38,-14,-117,-12,-12,-78,3,1
379,09/23/2006,Illinois,7,35,121,39,12,194,4,0,Iowa,24,42,154,27,17,190,1,0,H,-20.5,-17,-7,-33,12,-5,4,3,0
380,09/23/2006,Indiana,7,27,0,43,20,192,3,1,Connecticut,14,53,257,13,5,27,2,1,H,-1.5,-7,-26,-257,30,15,165,1,0
381,09/23/2006,Iowa,24,42,154,27,17,190,1,0,Illinois,7,35,121,39,12,194,4,0,V,20.5,17,7,33,-12,5,-4,-3,0
382,09/23/2006,Iowa State,14,27,21,45,25,302,2,0,Texas,37,40,193,24,19,246,1,1,V,-26.5,-23,-13,-172,21,6,56,1,-1
383,09/23/2006,Kansas,13,35,118,35,25,273,0,2,South Florida,7,29,113,34,17,196,2,1,H,3,6,6,5,1,8,77,-2,1
384,09/23/2006,Kansas State,6,19,108,45,17,139,2,0,Louisville,24,42,228,26,18,173,1,2,H,-14,-18,-23,-120,19,-1,-34,1,-2
385,09/23/2006,Kent State,38,38,216,22,14,141,0,0,Bowling Green,3,45,157,31,15,125,3,3,V,-7,35,-7,59,-9,-1,16,-3,-3
386,09/23/2006,Kentucky,7,22,39,38,26,210,0,0,Florida,26,38,235,28,16,279,1,1,V,-27.5,-19,-16,-196,10,10,-69,-1,-1
387,09/23/2006,Louisiana State,49,32,172,28,18,201,0,0,Tulane,7,35,112,32,12,119,2,1,H,36,42,-3,60,-4,6,82,-2,-1
388,09/23/2006,Louisiana Tech,14,24,73,32,13,229,0,1,Texas A+M,45,34,153,33,21,336,0,1,V,-23,-31,-10,-80,-1,-8,-107,0,0
389,09/23/2006,Louisville,24,42,228,26,18,173,1,2,Kansas State,6,19,108,45,17,139,2,0,V,14,18,23,120,-19,1,34,-1,2
390,09/23/2006,Marshall,7,48,126,14,8,110,1,1,Tennessee,33,24,176,27,18,258,1,0,V,-21,-26,24,-50,-13,-10,-148,0,1
391,09/23/2006,Maryland,14,40,117,30,17,158,1,0,Florida Intl,10,19,89,34,15,221,1,0,H,23.5,4,21,28,-4,2,-63,0,0
392,09/23/2006,Miami-Ohio,14,29,31,39,25,241,1,0,Syracuse,34,34,152,20,14,163,0,0,V,-7,-20,-5,-121,19,11,78,1,0
393,09/23/2006,Michigan,27,39,111,25,18,211,3,0,Wisconsin,13,27,12,43,22,236,0,1,H,14,14,12,99,-18,-4,-25,3,-1
394,09/23/2006,Michigan State,37,43,248,23,11,140,2,1,Notre Dame,40,17,47,36,20,319,1,1,H,-3.5,-3,26,201,-13,-9,-179,1,0
395,09/23/2006,Middle Tennessee,0,28,22,20,6,73,2,3,Oklahoma,59,44,190,20,14,272,0,2,V,-29,-59,-16,-168,0,-8,-199,2,1
396,09/23/2006,Minnesota,21,45,194,35,21,227,1,1,Purdue,27,32,178,27,18,243,0,0,V,3,-6,13,16,8,3,-16,1,1
397,09/23/2006,Mississippi,3,31,26,40,21,211,1,0,Wake Forest,27,53,240,5,4,43,0,1,H,1,-24,-22,-214,35,17,168,1,-1
398,09/23/2006,Mississippi State,16,44,166,23,14,115,0,2,U-A-B,10,32,94,26,12,116,2,0,V,-10,6,12,72,-3,2,-1,-2,2
399,09/23/2006,Missouri,31,39,170,34,18,258,1,2,Ohio,6,30,43,33,17,145,1,1,H,21,25,9,127,1,1,113,0,1
400,09/23/2006,Navy,23,51,283,11,6,73,1,0,Tulsa,24,30,159,36,24,285,0,0,H,4.5,-1,21,124,-25,-18,-212,1,0
401,09/23/2006,Nebraska,56,46,316,23,16,281,1,0,Troy,0,27,48,24,15,92,1,2,H,21,56,19,268,-1,1,189,0,-2
402,09/23/2006,New Mexico,26,45,193,19,11,96,1,0,UTEP,13,23,30,37,26,211,0,1,H,-9.5,13,22,163,-18,-15,-115,1,-1
403,09/23/2006,No Carolina State,17,23,141,32,15,179,1,0,Boston College,15,42,172,25,13,149,1,0,H,-6.5,2,-19,-31,7,2,30,0,0
404,09/23/2006,North Carolina,7,22,54,23,7,96,1,1,Clemson,52,58,324,21,14,180,1,0,V,-16.5,-45,-36,-270,2,-7,-84,0,1
405,09/23/2006,North Texas,13,36,175,36,17,112,2,1,Akron,33,31,105,20,14,173,0,0,V,-15,-20,5,70,16,3,-61,2,1
406,09/23/2006,Northern Illinois,48,52,314,16,12,106,0,0,Indiana State,14,38,104,26,14,160,0,2,H, ,34,14,210,-10,-2,-54,0,-2
407,09/23/2006,Notre Dame,40,17,47,36,20,319,1,1,Michigan State,37,43,248,23,11,140,2,1,V,3.5,3,-26,-201,13,9,179,-1,0
408,09/23/2006,Ohio,6,30,43,33,17,145,1,1,Missouri,31,39,170,34,18,258,1,2,V,-21,-25,-9,-127,-1,-1,-113,0,-1
409,09/23/2006,Ohio State,28,29,138,22,12,115,2,0,Penn State,6,40,142,25,16,106,3,0,H,16.5,22,-11,-4,-3,-4,9,-1,0
410,09/23/2006,Oklahoma,59,44,190,20,14,272,0,2,Middle Tennessee,0,28,22,20,6,73,2,3,H,29,59,16,168,0,8,199,-2,-1
411,09/23/2006,Oklahoma State,25,27,165,22,13,281,0,2,Houston,34,46,196,28,21,313,0,1,V,-2.5,-9,-19,-31,-6,-8,-32,0,1
412,09/23/2006,Oregon State,38,38,174,35,20,206,1,1,Idaho,0,24,57,23,8,128,4,2,H,26,38,14,117,12,12,78,-3,-1
413,09/23/2006,Penn State,6,40,142,25,16,106,3,0,Ohio State,28,29,138,22,12,115,2,0,V,-16.5,-22,11,4,3,4,-9,1,0
414,09/23/2006,Pittsburgh,51,36,145,22,18,361,0,1,The Citadel,6,32,53,26,17,99,1,1,H, ,45,4,92,-4,1,262,-1,0
415,09/23/2006,Purdue,27,32,178,27,18,243,0,0,Minnesota,21,45,194,35,21,227,1,1,H,-3,6,-13,-16,-8,-3,16,-1,-1
416,09/23/2006,Rice,7,37,113,27,9,128,1,2,Florida State,55,38,287,23,13,213,0,1,V,-30.5,-48,-1,-174,4,-4,-85,1,1
417,09/23/2006,Rutgers,56,53,215,17,10,142,1,1,Howard,7,31,48,26,12,124,1,2,H, ,49,22,167,-9,-2,18,0,-1
418,09/23/2006,S-M-U,55,31,226,28,17,231,1,1,Arkansas State,9,41,69,28,13,193,1,4,H,6.5,46,-10,157,0,4,38,0,-3
419,09/23/2006,San Diego State,7,45,204,20,9,83,5,0,Utah,38,41,192,28,13,167,1,1,H,-9.5,-31,4,12,-8,-4,-84,4,-1
420,09/23/2006,San Jose State,17,39,167,32,20,152,1,1,Cal-San Luis Obispo,7,32,78,24,10,142,3,1,H, ,10,7,89,8,10,10,-2,0
421,09/23/2006,South Carolina,45,38,200,34,19,292,0,0,Florida Atlantic,6,35,138,25,8,105,1,1,H,29.5,39,3,62,9,11,187,-1,-1
422,09/23/2006,South Florida,7,29,113,34,17,196,2,1,Kansas,13,35,118,35,25,273,0,1,V,-3,-6,-6,-5,-1,-8,-77,2,0
423,09/23/2006,Southern Cal,20,42,202,39,24,179,1,1,Arizona,3,19,-16,25,14,170,1,1,V,21,17,23,218,14,10,9,0,0
424,09/23/2006,Stanford,10,31,28,25,15,167,1,1,Washington State,36,49,240,33,21,228,0,3,H,-10,-26,-18,-212,-8,-6,-61,1,-2
425,09/23/2006,Syracuse,34,34,152,20,14,163,0,0,Miami-Ohio,14,29,31,39,25,241,1,0,H,7,20,5,121,-19,-11,-78,-1,0
426,09/23/2006,Temple,7,29,9,26,12,140,3,1,Western Michigan,41,34,151,26,15,143,0,1,V,-29.5,-34,-5,-142,0,-3,-3,3,0
427,09/23/2006,Tennessee,33,24,176,27,18,258,1,0,Marshall,7,48,126,14,8,110,1,1,H,21,26,-24,50,13,10,148,0,-1
428,09/23/2006,Texas,37,40,193,24,19,246,1,1,Iowa State,14,27,21,45,25,302,2,0,H,26.5,23,13,172,-21,-6,-56,-1,1
429,09/23/2006,Texas A+M,45,34,153,33,21,336,0,1,Louisiana Tech,14,24,73,32,13,229,0,1,H,23,31,10,80,1,8,107,0,0
430,09/23/2006,Texas Tech,62,17,106,44,31,403,0,0,S E Louisiana,0,32,58,19,12,61,0,2,H, ,62,-15,48,25,19,342,0,-2
431,09/23/2006,Toledo,41,44,219,30,17,186,0,0,McNeese State,7,37,155,22,10,116,1,2,H, ,34,7,64,8,7,70,-1,-2
432,09/23/2006,Troy,0,27,48,24,15,92,1,2,Nebraska,56,46,316,23,16,281,1,0,V,-21,-56,-19,-268,1,-1,-189,0,2
433,09/23/2006,Tulane,7,35,112,32,12,119,2,1,Louisiana State,49,32,172,28,18,201,0,0,V,-36,-42,3,-60,4,-6,-82,2,1
434,09/23/2006,Tulsa,24,30,159,36,24,285,0,0,Navy,23,51,283,11,6,73,1,0,V,-4.5,1,-21,-124,25,18,212,-1,0
435,09/23/2006,U-A-B,10,31,95,27,13,115,2,0,Mississippi State,16,44,166,23,14,115,0,2,H,10,-6,-13,-71,4,-1,0,2,-2
436,09/23/2006,U.C.L.A.,19,34,143,31,18,135,2,0,Washington,29,27,49,29,18,200,1,3,V,3,-10,7,94,2,0,-65,1,-3
437,09/23/2006,UL-Lafayette,47,46,330,11,5,78,0,0,No Carolina A+T,7,28,41,26,14,154,0,1,H, ,40,18,289,-15,-9,-76,0,-1
438,09/23/2006,UTEP,13,23,30,37,26,211,0,1,New Mexico,26,45,193,19,11,96,1,0,V,9.5,-13,-22,-163,18,15,115,-1,1
439,09/23/2006,Utah,38,41,192,28,13,167,1,1,San Diego State,7,45,204,20,9,83,5,0,V,9.5,31,-4,-12,8,4,84,-4,1
440,09/23/2006,Utah State,0,42,120,28,17,122,1,1,Brigham Young,38,34,136,28,20,305,1,0,V,-24.5,-38,8,-16,0,-3,-183,0,1
441,09/23/2006,Vanderbilt,38,37,179,17,12,129,1,1,Tennessee State,9,36,71,22,11,181,2,2,H, ,29,1,108,-5,1,-52,-1,-1
442,09/23/2006,Virginia Tech,29,33,145,23,11,188,1,1,Cincinnati,13,38,121,20,14,159,2,1,H,28,16,-5,24,3,-3,29,-1,0
443,09/23/2006,Wake Forest,27,53,240,5,4,43,0,1,Mississippi,3,31,26,40,21,211,1,0,V,-1,24,22,214,-35,-17,-168,-1,1
444,09/23/2006,Washington,29,27,49,29,18,200,1,3,U.C.L.A.,19,34,143,31,18,135,2,0,H,-3,10,-7,-94,-2,0,65,-1,3
445,09/23/2006,Washington State,36,49,240,33,21,228,0,3,Stanford,10,31,28,25,15,167,1,1,V,10,26,18,212,8,6,61,-1,2
446,09/23/2006,West Virginia,27,42,153,24,17,216,3,0,East Carolina,10,24,41,47,22,276,2,1,V,21,17,18,112,-23,-5,-60,1,-1
447,09/23/2006,Western Michigan,41,34,151,26,15,143,0,1,Temple,7,29,9,26,12,140,3,1,H,29.5,34,5,142,0,3,3,-3,0
448,09/23/2006,Wisconsin,13,27,12,43,22,236,0,1,Michigan,27,39,111,25,18,211,3,0,V,-14,-14,-12,-99,18,4,25,-3,1
449,09/23/2006,Wyoming,24,21,77,21,13,169,0,2,Air Force,31,70,327,7,3,40,0,1,H,1,-7,-49,-250,14,10,129,0,1
450,09/26/2006,Southern Miss,19,29,89,31,15,184,0,0,U-C-F,14,39,134,31,18,191,1,1,V,6.5,5,-10,-45,0,-3,-7,-1,-1
451,09/26/2006,U-C-F,14,39,134,31,18,191,1,1,Southern Miss,19,29,89,31,15,184,0,0,H,-6.5,-5,10,45,0,3,7,1,1
452,09/28/2006,Auburn,24,35,127,19,13,180,0,1,South Carolina,17,34,109,35,21,240,1,1,V,13.5,7,1,18,-16,-8,-60,-1,0
453,09/28/2006,Brigham Young,31,34,72,37,23,321,0,0,Texas Christian,17,32,141,50,26,296,1,1,V,-6.5,14,2,-69,-13,-3,25,-1,-1
454,09/28/2006,South Carolina,17,34,109,35,21,240,1,1,Auburn,24,35,127,19,13,180,0,1,H,-13.5,-7,-1,-18,16,8,60,1,0
455,09/28/2006,Texas Christian,17,32,141,50,26,296,1,1,Brigham Young,31,34,72,37,23,321,0,0,H,6.5,-14,-2,69,13,3,-25,1,1
456,09/29/2006,Rutgers,22,45,226,20,11,100,1,0,South Florida,20,25,92,26,17,255,2,1,V,3.5,2,20,134,-6,-6,-155,-1,-1
457,09/29/2006,South Florida,20,25,92,26,17,255,2,1,Rutgers,22,45,226,20,11,100,1,0,H,-3.5,-2,-20,-134,6,6,155,1,1
458,09/30/2006,Air Force,24,62,262,6,3,19,1,0,New Mexico,7,31,41,30,16,232,1,2,H,14,17,31,221,-24,-13,-213,0,-2
459,09/30/2006,Akron,15,23,73,38,19,261,0,2,Kent State,37,55,156,21,17,305,0,1,V,2,-22,-32,-83,17,2,-44,0,1
460,09/30/2006,Alabama,13,30,83,40,21,240,3,0,Florida,28,33,133,21,15,197,0,2,V,-16,-15,-3,-50,19,6,43,3,-2
461,09/30/2006,Arizona,10,24,-7,41,24,308,1,0,Washington,21,40,154,26,14,293,1,0,H,3,-11,-16,-161,15,10,15,0,0
462,09/30/2006,Arizona State,13,34,142,19,6,33,1,1,Oregon,48,40,315,37,23,259,0,1,H,2.5,-35,-6,-173,-18,-17,-226,1,0
463,09/30/2006,Arkansas State,31,47,222,22,10,108,1,0,Florida Intl,6,19,9,35,18,177,3,1,V,-7.5,25,28,213,-13,-8,-69,-2,-1
464,09/30/2006,Army,14,31,140,30,14,162,1,3,Rice,48,28,128,40,30,329,0,0,H,10.5,-34,3,12,-10,-16,-167,1,3
465,09/30/2006,Ball State,28,26,78,40,29,307,0,1,Northern Illinois,40,41,358,27,20,252,0,1,H,-7,-12,-15,-280,13,9,55,0,0
466,09/30/2006,Baylor,17,19,18,47,26,294,1,3,Kansas State,3,21,45,55,22,296,3,2,H,-2,14,-2,-27,-8,4,-2,-2,1
467,09/30/2006,Boise State,36,42,188,22,15,210,2,1,Utah,3,29,127,27,8,51,4,0,V,-4,33,13,61,-5,7,159,-2,1
468,09/30/2006,Boston College,22,31,148,29,18,191,0,2,Maine,0,38,66,23,16,82,1,3,H, ,22,-7,82,6,2,109,-1,-1
469,09/30/2006,Bowling Green,21,44,148,19,10,108,0,1,Ohio,9,32,54,34,20,188,2,1,V,-6.5,12,12,94,-15,-10,-80,-2,0
470,09/30/2006,California,41,33,142,31,22,341,1,0,Oregon State,13,24,56,34,23,244,0,1,V,9.5,28,9,86,-3,-1,97,1,-1
471,09/30/2006,Central Michigan,36,34,147,47,26,411,1,3,Kentucky,45,31,107,32,20,266,1,1,V,-10.5,-9,3,40,15,6,145,0,2
472,09/30/2006,Cincinnati,24,42,253,11,5,43,1,2,Miami-Ohio,10,25,36,48,21,190,2,1,H,12,14,17,217,-37,-16,-147,-1,1
473,09/30/2006,Clemson,51,41,393,17,10,133,0,3,Louisiana Tech,0,29,33,46,23,226,4,1,H,31,51,12,360,-29,-13,-93,-4,2
474,09/30/2006,Colorado,13,36,183,27,13,190,0,0,Missouri,28,40,100,37,23,253,2,0,V,-14.5,-15,-4,83,-10,-10,-63,-2,0
475,09/30/2006,Colorado State,35,44,54,23,15,248,0,2,Fresno State,23,23,115,42,19,205,3,0,V,-14,12,21,-61,-19,-4,43,-3,2
476,09/30/2006,Connecticut,17,28,167,37,15,176,0,3,Navy,41,56,464,11,5,141,0,0,H,-1.5,-24,-28,-297,26,10,35,0,3
477,09/30/2006,Duke,0,36,-21,25,11,121,3,2,Virginia,37,38,106,23,16,147,0,1,H,-4.5,-37,-2,-127,2,-5,-26,3,1
478,09/30/2006,Eastern Michigan,14,24,75,35,23,171,0,1,UL-Lafayette,33,41,179,23,17,202,0,0,V,-8,-19,-17,-104,12,6,-31,0,1
479,09/30/2006,Florida,28,33,133,21,15,197,0,2,Alabama,13,30,83,40,21,240,3,0,H,16,15,3,50,-19,-6,-43,-3,2
480,09/30/2006,Florida Atlantic,21,38,151,19,13,185,0,0,UL-Monroe,19,28,122,38,23,285,2,0,V,-12,2,10,29,-19,-10,-100,-2,0
481,09/30/2006,Florida Intl,6,19,9,35,18,177,3,1,Arkansas State,31,47,222,22,10,108,1,0,H,7.5,-25,-28,-213,13,8,69,2,1
482,09/30/2006,Fresno State,23,23,115,42,19,205,3,0,Colorado State,35,44,54,23,15,248,0,2,H,14,-12,-21,61,19,4,-43,3,-2
483,09/30/2006,Georgia,14,33,133,28,11,115,0,0,Mississippi,9,42,156,15,6,87,1,0,V,17.5,5,-9,-23,13,5,28,-1,0
484,09/30/2006,Georgia Tech,38,36,149,17,9,176,2,0,Virginia Tech,27,27,42,54,27,339,0,2,V,-9,11,9,107,-37,-18,-163,2,-2
485,09/30/2006,Hawaii,44,17,42,51,35,529,1,1,Eastern Illinois,9,40,234,21,8,57,3,0,H, ,35,-23,-192,30,27,472,-2,1
486,09/30/2006,Houston,13,25,80,28,18,196,0,1,Miami-Florida,14,42,230,27,16,190,2,0,V,-17,-1,-17,-150,1,2,6,-2,1
487,09/30/2006,Idaho,41,35,128,20,10,188,0,1,Utah State,21,35,119,27,19,186,2,1,V,2.5,20,0,9,-7,-9,2,-2,0
488,09/30/2006,Illinois,23,44,252,17,10,138,1,0,Michigan State,20,32,82,27,17,177,0,1,V,-24.5,3,12,170,-10,-7,-39,1,-1
489,09/30/2006,Indiana,17,33,167,30,13,113,0,2,Wisconsin,52,46,209,23,18,330,1,1,H,-11,-35,-13,-42,7,-5,-217,-1,1
490,09/30/2006,Iowa,17,20,87,41,19,249,3,1,Ohio State,38,50,214,25,16,186,0,0,H,-7,-21,-30,-127,16,3,63,3,1
491,09/30/2006,Iowa State,28,28,81,29,24,323,1,2,Northern Iowa,27,37,176,30,23,158,0,0,H, ,1,-9,-95,-1,1,165,1,2
492,09/30/2006,Kansas,32,40,169,54,27,405,3,1,Nebraska,39,32,116,33,15,395,0,3,V,-23,-7,8,53,21,12,10,3,-2
493,09/30/2006,Kansas State,3,21,45,55,22,296,3,2,Baylor,17,19,18,47,26,294,1,3,V,2,-14,2,27,8,-4,2,2,-1
494,09/30/2006,Kent State,37,55,156,21,17,305,0,1,Akron,15,23,73,38,19,261,0,2,H,-2,22,32,83,-17,-2,44,0,-1
495,09/30/2006,Kentucky,45,31,104,32,21,269,1,1,Central Michigan,36,34,147,47,26,411,1,3,H,10.5,9,-3,-43,-15,-5,-142,0,-2
496,09/30/2006,Louisiana State,48,38,108,23,19,338,1,1,Mississippi State,17,21,14,29,15,212,1,0,H,34,31,17,94,-6,4,126,0,1
497,09/30/2006,Louisiana Tech,0,29,33,46,23,226,4,1,Clemson,51,41,393,17,10,133,0,3,V,-31,-51,-12,-360,29,13,93,4,-2
498,09/30/2006,Memphis,7,20,42,17,11,79,1,0,Tennessee,41,52,205,29,25,361,0,2,H,-14,-34,-32,-163,-12,-14,-282,1,-2
499,09/30/2006,Miami-Florida,14,42,230,27,16,190,2,0,Houston,13,25,80,28,18,196,0,1,H,17,1,17,150,-1,-2,-6,2,-1
500,09/30/2006,Miami-Ohio,10,25,36,48,21,190,2,1,Cincinnati,24,42,253,11,5,43,1,2,V,-12,-14,-17,-217,37,16,147,1,-1
501,09/30/2006,Michigan,28,45,234,24,17,284,0,0,Minnesota,14,24,108,34,17,215,0,0,V,10.5,14,21,126,-10,0,69,0,0
502,09/30/2006,Michigan State,20,32,82,27,17,177,0,1,Illinois,23,44,252,17,10,138,1,0,H,24.5,-3,-12,-170,10,7,39,-1,1
503,09/30/2006,Middle Tennessee,35,57,212,18,13,154,0,0,North Texas,0,24,40,16,7,63,2,1,V,-4,35,33,172,2,6,91,-2,-1
504,09/30/2006,Minnesota,14,24,108,34,17,215,0,0,Michigan,28,45,234,24,17,284,0,0,H,-10.5,-14,-21,-126,10,0,-69,0,0
505,09/30/2006,Mississippi,9,42,156,15,6,87,1,0,Georgia,14,33,130,28,12,118,0,0,H,-17.5,-5,9,26,-13,-6,-31,1,0
506,09/30/2006,Mississippi State,17,21,14,29,15,212,1,0,Louisiana State,48,38,108,23,19,338,1,1,V,-34,-31,-17,-94,6,-4,-126,0,-1
507,09/30/2006,Missouri,28,40,100,37,23,253,2,0,Colorado,13,36,183,27,13,190,0,0,H,14.5,15,4,-83,10,10,63,2,0
508,09/30/2006,Navy,41,56,464,11,5,141,0,0,Connecticut,17,28,167,37,15,176,0,3,V,1.5,24,28,297,-26,-10,-35,0,-3
509,09/30/2006,Nebraska,39,32,116,33,15,395,0,3,Kansas,32,40,169,54,27,405,3,1,H,23,7,-8,-53,-21,-12,-10,-3,2
510,09/30/2006,Nevada-Las Vegas,3,31,74,32,18,153,2,2,Nevada-Reno,31,37,180,15,9,131,0,0,H,-3,-28,-6,-106,17,9,22,2,2
511,09/30/2006,Nevada-Reno,31,37,180,15,9,131,0,0,Nevada-Las Vegas,3,31,74,32,18,153,2,2,V,3,28,6,106,-17,-9,-22,-2,-2
512,09/30/2006,New Mexico,7,31,41,30,16,232,1,2,Air Force,24,62,262,6,3,19,1,0,V,-14,-17,-31,-221,24,13,213,0,2
513,09/30/2006,New Mexico State,38,23,67,73,48,506,1,1,UTEP,44,27,123,26,18,414,2,1,V,-17.5,-6,-4,-56,47,30,92,-1,0
514,09/30/2006,North Texas,0,24,40,16,7,63,2,1,Middle Tennessee,35,57,212,18,13,154,0,0,H,4,-35,-33,-172,-2,-6,-91,2,1
515,09/30/2006,Northern Illinois,40,41,358,27,20,252,0,1,Ball State,28,26,78,40,29,307,0,1,V,7,12,15,280,-13,-9,-55,0,0
516,09/30/2006,Northwestern,7,28,81,30,14,157,1,0,Penn State,33,48,233,35,20,295,1,1,V,-20,-26,-20,-152,-5,-6,-138,0,-1
517,09/30/2006,Notre Dame,35,43,138,38,29,316,0,0,Purdue,21,18,92,46,23,398,0,1,H,16,14,25,46,-8,6,-82,0,-1
518,09/30/2006,Ohio,9,32,54,34,20,188,2,1,Bowling Green,21,44,148,19,10,108,0,1,H,6.5,-12,-12,-94,15,10,80,2,0
519,09/30/2006,Ohio State,38,50,214,25,16,186,0,0,Iowa,17,20,87,41,19,249,3,1,V,7,21,30,127,-16,-3,-63,-3,-1
520,09/30/2006,Oregon,48,40,315,37,23,259,0,1,Arizona State,13,34,142,19,6,33,1,1,V,-2.5,35,6,173,18,17,226,-1,0
521,09/30/2006,Oregon State,13,24,56,34,23,244,0,1,California,41,33,142,31,22,341,1,0,H,-9.5,-28,-9,-86,3,1,-97,-1,1
522,09/30/2006,Penn State,33,48,233,35,20,295,1,1,Northwestern,7,28,81,30,14,157,1,0,H,20,26,20,152,5,6,138,0,1
523,09/30/2006,Pittsburgh,45,43,185,17,14,189,0,1,Toledo,3,35,124,36,18,106,2,2,H,16.5,42,8,61,-19,-4,83,-2,-1
524,09/30/2006,Purdue,21,18,92,46,23,398,0,1,Notre Dame,35,43,138,38,29,316,0,0,V,-16,-14,-25,-46,8,-6,82,0,1
525,09/30/2006,Rice,48,28,128,40,30,329,0,0,Army,14,31,140,30,14,162,1,3,V,-10.5,34,-3,-12,10,16,167,-1,-3
526,09/30/2006,S-M-U,33,38,98,40,23,261,1,0,Tulane,28,21,-33,50,30,398,0,1,V,2.5,5,17,131,-10,-7,-137,1,-1
527,09/30/2006,San Diego State,10,39,163,16,10,76,2,1,San Jose State,31,36,136,23,19,282,0,2,V,1,-21,3,27,-7,-9,-206,2,-1
528,09/30/2006,San Jose State,31,36,136,23,19,282,0,2,San Diego State,10,39,163,16,10,76,2,1,H,-1,21,-3,-27,7,9,206,-2,1
529,09/30/2006,Southern Cal,28,32,135,32,23,269,1,1,Washington State,22,28,131,47,26,287,1,0,V,14,6,4,4,-15,-3,-18,0,1
530,09/30/2006,Stanford,0,34,49,25,12,117,3,2,U.C.L.A.,31,34,166,38,21,223,2,1,V,-23.5,-31,0,-117,-13,-9,-106,1,1
531,09/30/2006,Syracuse,40,32,154,25,11,121,1,2,Wyoming,34,40,186,50,33,326,2,2,H,5,6,-8,-32,-25,-22,-205,-1,0
532,09/30/2006,Temple,14,40,122,17,11,148,2,1,Vanderbilt,43,31,279,23,11,169,0,1,V,-34,-29,9,-157,-6,0,-21,2,0
533,09/30/2006,Tennessee,41,52,205,29,25,361,0,2,Memphis,7,20,42,17,11,79,1,0,V,14,34,32,163,12,14,282,-1,2
534,09/30/2006,Texas,56,42,119,24,20,300,0,0,Sam Houston State,3,25,87,26,16,105,2,2,H, ,53,17,32,-2,4,195,-2,-2
535,09/30/2006,Texas A+M,27,47,250,20,9,103,1,0,Texas Tech,31,11,41,45,32,392,0,1,H,3,-4,36,209,-25,-23,-289,1,-1
536,09/30/2006,Texas Tech,31,11,41,45,32,392,0,1,Texas A+M,27,47,250,20,9,103,1,0,V,-3,4,-36,-209,25,23,289,-1,1
537,09/30/2006,Toledo,3,35,124,36,18,106,2,2,Pittsburgh,45,43,185,17,14,189,0,1,V,-16.5,-42,-8,-61,19,4,-83,2,1
538,09/30/2006,Troy,3,32,58,32,18,144,1,1,U-A-B,21,42,140,16,11,145,1,1,V,-6,-18,-10,-82,16,7,-1,0,0
539,09/30/2006,Tulane,28,21,-33,50,30,398,0,1,S-M-U,33,38,98,40,23,261,1,0,H,-2.5,-5,-17,-131,10,7,137,-1,1
540,09/30/2006,U-A-B,21,42,140,16,11,145,1,1,Troy,3,32,58,32,18,144,1,1,H,6,18,10,82,-16,-7,1,0,0
541,09/30/2006,U.C.L.A.,31,34,166,38,21,223,2,1,Stanford,0,34,49,25,12,117,3,2,H,23.5,31,0,117,13,9,106,-1,-1
542,09/30/2006,UL-Lafayette,33,41,179,23,17,202,0,0,Eastern Michigan,14,24,75,35,23,171,0,1,H,8,19,17,104,-12,-6,31,0,-1
543,09/30/2006,UL-Monroe,19,28,122,38,23,285,2,0,Florida Atlantic,21,38,151,19,13,185,0,0,H,12,-2,-10,-29,19,10,100,2,0
544,09/30/2006,UTEP,44,27,123,26,18,414,2,1,New Mexico State,38,23,67,73,48,506,1,1,H,17.5,6,4,56,-47,-30,-92,1,0
545,09/30/2006,Utah,3,29,127,27,8,51,4,0,Boise State,36,42,188,22,15,210,2,1,H,4,-33,-13,-61,5,-7,-159,2,-1
546,09/30/2006,Utah State,21,35,119,27,19,186,2,1,Idaho,41,35,128,20,10,188,0,1,H,-2.5,-20,0,-9,7,9,-2,2,0
547,09/30/2006,Vanderbilt,43,31,279,23,11,169,0,1,Temple,14,40,122,17,11,148,2,1,H,34,29,-9,157,6,0,21,-2,0
548,09/30/2006,Virginia,37,38,106,23,16,147,0,1,Duke,0,36,-21,25,11,121,3,2,V,4.5,37,2,127,-2,5,26,-3,-1
549,09/30/2006,Virginia Tech,27,27,42,54,27,339,0,2,Georgia Tech,38,36,149,17,9,176,2,0,H,9,-11,-9,-107,37,18,163,-2,2
550,09/30/2006,Wake Forest,34,36,196,23,15,242,0,1,Liberty,14,32,85,29,17,216,1,0,H, ,20,4,111,-6,-2,26,-1,1
551,09/30/2006,Washington,21,40,154,26,14,293,1,0,Arizona,10,24,-7,41,24,308,1,0,V,-3,11,16,161,-15,-10,-15,0,0
552,09/30/2006,Washington State,22,28,131,47,26,287,1,0,Southern Cal,28,32,135,32,23,269,1,1,H,-14,-6,-4,-4,15,3,18,0,-1
553,09/30/2006,Wisconsin,52,46,209,23,18,330,1,1,Indiana,17,33,167,30,13,113,0,2,V,11,35,13,42,-7,5,217,1,-1
554,09/30/2006,Wyoming,34,40,186,50,33,326,2,2,Syracuse,40,32,154,25,11,121,1,2,V,-5,-6,8,32,25,22,205,1,0
555,10/03/2006,Southern Miss,6,31,120,39,14,123,1,0,Tulsa,20,38,252,25,16,201,0,2,V,-4.5,-14,-7,-132,14,-2,-78,1,-2
556,10/03/2006,Tulsa,20,38,252,25,16,201,0,2,Southern Miss,6,31,120,39,14,123,1,0,H,4.5,14,7,132,-14,2,78,-1,2
557,10/04/2006,Marshall,22,35,230,22,14,136,1,0,U-C-F,23,43,275,26,16,213,0,0,H,3.5,-1,-8,-45,-4,-2,-77,1,0
558,10/04/2006,U-C-F,23,43,275,26,16,213,0,0,Marshall,22,35,230,22,14,136,1,0,V,-3.5,1,8,45,4,2,77,-1,0
559,10/05/2006,Florida State,20,32,96,29,16,249,1,0,No Carolina State,24,37,150,22,13,190,0,0,V,9.5,-4,-5,-54,7,3,59,1,0
560,10/05/2006,No Carolina State,24,37,150,22,13,190,0,0,Florida State,20,32,96,29,16,249,1,0,H,-9.5,4,5,54,-7,-3,-59,-1,0
561,10/05/2006,Texas Christian,7,31,81,29,14,228,1,2,Utah,20,36,131,32,19,223,1,0,V,-2,-13,-5,-50,-3,-5,5,0,2
562,10/05/2006,Utah,20,36,131,32,19,223,1,0,Texas Christian,7,31,81,29,14,228,1,2,H,2,13,5,50,3,5,-5,0,-2
563,10/06/2006,Louisville,44,31,186,32,17,340,1,1,Middle Tennessee,17,35,83,34,17,167,1,0,V,30,27,-4,103,-2,0,173,0,1
564,10/06/2006,Middle Tennessee,17,35,83,34,17,167,1,0,Louisville,44,31,186,32,17,340,1,1,H,-30,-27,4,-103,2,0,-173,0,-1
565,10/07/2006,Air Force,17,46,193,19,9,119,0,1,Navy,24,66,317,6,1,8,1,2,H,2,-7,-20,-124,13,8,111,-1,-1
566,10/07/2006,Akron,14,19,36,33,16,183,0,0,Cincinnati,20,53,194,24,16,230,1,2,V,-4,-6,-34,-158,9,0,-47,-1,-2
567,10/07/2006,Alabama,30,34,134,30,18,220,1,0,Duke,14,41,201,18,7,74,2,1,H,28,16,-7,-67,12,11,146,-1,-1
568,10/07/2006,Arizona,7,26,-13,42,21,235,1,0,U.C.L.A.,27,22,65,33,23,227,0,0,V,-12.5,-20,4,-78,9,-2,8,1,0
569,10/07/2006,Arkansas,27,45,279,10,7,87,0,0,Auburn,10,31,60,29,17,153,0,0,V,-14,17,14,219,-19,-10,-66,0,0
570,10/07/2006,Arkansas State,10,38,172,36,19,200,3,2,UL-Monroe,6,35,130,25,15,93,2,0,H,7,4,3,42,11,4,107,1,2
571,10/07/2006,Army,62,52,278,15,11,148,0,2,Virginia Military,7,37,170,11,3,21,1,3,H, ,55,15,108,4,8,127,-1,-1
572,10/07/2006,Auburn,10,31,60,29,17,153,0,0,Arkansas,27,45,279,10,7,87,0,0,H,14,-17,-14,-219,19,10,66,0,0
573,10/07/2006,Ball State,55,42,232,15,12,262,1,0,Buffalo,25,30,42,44,30,364,2,1,V,3.5,30,12,190,-29,-18,-102,-1,-1
574,10/07/2006,Baylor,34,26,110,44,31,272,2,1,Colorado,31,49,276,25,9,75,3,0,V,-6,3,-23,-166,19,22,197,-1,1
575,10/07/2006,Boise State,55,42,265,23,15,224,0,3,Louisiana Tech,14,35,141,35,17,163,1,1,H,37.5,41,7,124,-12,-2,61,-1,2
576,10/07/2006,Bowling Green,7,35,160,26,16,179,1,0,Ohio State,35,32,139,29,21,248,0,0,V,-37,-28,3,21,-3,-5,-69,1,0
577,10/07/2006,Brigham Young,47,32,152,21,16,267,0,1,San Diego State,17,38,141,32,20,216,1,1,H,27.5,30,-6,11,-11,-4,51,-1,0
578,10/07/2006,Buffalo,25,30,42,44,30,364,2,1,Ball State,55,42,232,15,12,262,1,0,H,-3.5,-30,-12,-190,29,18,102,1,1
579,10/07/2006,California,45,42,235,26,14,189,1,0,Oregon,24,29,70,36,21,288,3,1,H,5.5,21,13,165,-10,-7,-99,-2,-1
580,10/07/2006,Central Michigan,42,30,92,29,21,295,0,0,Toledo,20,41,174,53,32,313,2,2,V,-1,22,-11,-82,-24,-11,-18,-2,-2
581,10/07/2006,Cincinnati,20,53,194,24,16,230,1,2,Akron,14,19,36,33,16,183,0,0,H,4,6,34,158,-9,0,47,1,2
582,10/07/2006,Clemson,27,39,214,30,20,214,3,1,Wake Forest,17,31,31,24,19,188,1,3,V,14,10,8,183,6,1,26,2,-2
583,10/07/2006,Colorado,31,49,276,25,9,75,3,0,Baylor,34,26,110,44,31,272,2,1,H,6,-3,23,166,-19,-22,-197,1,-1
584,10/07/2006,Colorado State,28,43,130,28,23,257,0,1,Nevada-Las Vegas,7,22,52,38,19,198,1,0,H,16.5,21,21,78,-10,4,59,-1,1
585,10/07/2006,Connecticut,16,26,60,40,20,201,1,0,South Florida,38,41,205,16,13,153,0,0,V,-6.5,-22,-15,-145,24,7,48,1,0
586,10/07/2006,Duke,14,41,201,18,7,74,2,1,Alabama,30,34,134,30,18,220,1,0,V,-28,-16,7,67,-12,-11,-146,1,1
587,10/07/2006,East Carolina,31,48,208,30,17,224,0,0,Virginia,21,27,153,32,16,145,0,0,H,3,10,21,55,-2,1,79,0,0
588,10/07/2006,Florida,23,32,97,28,19,191,1,1,Louisiana State,10,25,90,41,24,228,3,2,H,0,13,7,7,-13,-5,-37,-2,-1
589,10/07/2006,Florida Intl,16,35,75,43,29,248,0,2,North Texas,19,55,108,32,19,161,3,0,V,0,-3,-20,-33,11,10,87,-3,2
590,10/07/2006,Fresno State,12,34,164,27,13,155,0,0,Utah State,13,36,147,19,9,120,0,0,V,25.5,-1,-2,17,8,4,35,0,0
591,10/07/2006,Georgia,33,27,145,25,14,175,3,1,Tennessee,51,34,115,38,25,268,0,0,H,-2.5,-18,-7,30,-13,-11,-93,3,1
592,10/07/2006,Georgia Tech,27,43,229,26,13,161,0,1,Maryland,23,35,87,24,16,190,1,1,H,14.5,4,8,142,2,-3,-29,-1,0
593,10/07/2006,Hawaii,41,24,160,47,36,419,0,2,Nevada-Reno,34,25,108,36,26,364,0,2,H,14,7,-1,52,11,10,55,0,0
594,10/07/2006,Houston,28,22,38,32,24,367,0,1,UL-Lafayette,31,44,269,29,15,146,1,0,H,17,-3,-22,-231,3,9,221,-1,1
595,10/07/2006,Idaho,28,42,151,27,19,298,1,0,New Mexico State,20,17,31,41,25,342,2,0,H,2,8,25,120,-14,-6,-44,-1,0
596,10/07/2006,Illinois,32,38,209,22,11,217,0,1,Indiana,34,33,149,41,20,240,0,1,H,7.5,-2,5,60,-19,-9,-23,0,0
597,10/07/2006,Indiana,34,33,149,41,20,240,0,1,Illinois,32,38,209,22,11,217,0,1,V,-7.5,2,-5,-60,19,9,23,0,0
598,10/07/2006,Iowa,47,40,286,23,17,253,0,3,Purdue,17,36,202,48,23,254,3,0,H,10,30,4,84,-25,-6,-1,-3,3
599,10/07/2006,Iowa State,14,24,53,39,18,262,1,0,Nebraska,28,45,251,21,17,131,0,1,H,-7,-14,-21,-198,18,1,131,1,-1
600,10/07/2006,Kansas,18,27,113,32,14,175,0,1,Texas A+M,21,31,146,45,25,240,0,1,H,1,-3,-4,-33,-13,-11,-65,0,0
601,10/07/2006,Kansas State,31,36,180,15,10,177,0,0,Oklahoma State,27,41,193,22,14,138,1,0,H,-2.5,4,-5,-13,-7,-4,39,-1,0
602,10/07/2006,Kent State,28,49,208,28,15,207,1,1,Temple,17,25,50,26,14,144,0,1,V,24,11,24,158,2,1,63,1,0
603,10/07/2006,Kentucky,17,27,62,32,18,289,1,0,South Carolina,24,39,190,23,15,193,1,0,H,-3,-7,-12,-128,9,3,96,0,0
604,10/07/2006,Louisiana State,10,25,90,41,24,228,3,2,Florida,23,32,97,28,19,191,1,1,V,0,-13,-7,-7,13,5,37,2,1
605,10/07/2006,Louisiana Tech,14,35,141,35,17,163,1,1,Boise State,55,42,265,23,15,224,0,3,V,-37.5,-41,-7,-124,12,2,-61,1,-2
606,10/07/2006,Maryland,23,35,87,24,16,190,1,1,Georgia Tech,27,43,229,26,13,161,0,1,V,-14.5,-4,-8,-142,-2,3,29,1,0
607,10/07/2006,Memphis,29,27,77,30,22,303,1,1,U-A-B,35,50,279,20,12,134,2,0,V,-6,-6,-23,-202,10,10,169,-1,1
608,10/07/2006,Miami-Florida,27,31,144,26,15,180,0,0,North Carolina,7,28,58,36,13,186,2,1,H,20,20,3,86,-10,2,-6,-2,-1
609,10/07/2006,Michigan,31,42,211,17,11,140,0,0,Michigan State,13,26,60,35,20,252,2,0,H,15,18,16,151,-18,-9,-112,-2,0
610,10/07/2006,Michigan State,13,26,60,35,20,252,2,0,Michigan,31,42,211,17,11,140,0,0,V,-15,-18,-16,-151,18,9,112,2,0
611,10/07/2006,Minnesota,27,34,68,36,25,347,0,1,Penn State,28,40,150,35,20,281,1,0,H,-1.5,-1,-6,-82,1,5,66,-1,1
612,10/07/2006,Mississippi,17,38,148,9,3,31,2,0,Vanderbilt,10,41,129,33,21,271,1,4,H,-1.5,7,-3,19,-24,-18,-240,1,-4
613,10/07/2006,Mississippi State,14,37,56,35,17,250,2,0,West Virginia,42,44,314,10,6,92,0,0,H,-21,-28,-7,-258,25,11,158,2,0
614,10/07/2006,Missouri,38,40,133,22,15,173,1,0,Texas Tech,21,16,78,61,44,378,2,3,V,-7,17,24,55,-39,-29,-205,-1,-3
615,10/07/2006,Navy,24,66,317,6,1,8,1,2,Air Force,17,46,193,19,9,119,0,1,V,-2,7,20,124,-13,-8,-111,1,1
616,10/07/2006,Nebraska,28,45,251,21,17,131,0,1,Iowa State,14,24,53,39,18,262,1,0,V,7,14,21,198,-18,-1,-131,-1,1
617,10/07/2006,Nevada-Las Vegas,7,22,52,38,19,198,1,0,Colorado State,28,43,130,28,23,257,0,1,V,-16.5,-21,-21,-78,10,-4,-59,1,-1
618,10/07/2006,Nevada-Reno,34,25,108,36,26,364,0,2,Hawaii,41,24,160,47,36,419,0,2,V,-14,-7,1,-52,-11,-10,-55,0,0
619,10/07/2006,New Mexico,10,35,78,32,11,112,0,1,Wyoming,14,37,114,32,19,204,2,1,H,0,-4,-2,-36,0,-8,-92,-2,0
620,10/07/2006,New Mexico State,20,17,31,41,25,342,2,0,Idaho,28,42,151,27,19,298,1,0,V,-2,-8,-25,-120,14,6,44,1,0
621,10/07/2006,North Carolina,7,28,58,36,13,186,2,1,Miami-Florida,27,31,144,26,15,180,0,0,V,-20,-20,-3,-86,10,-2,6,2,1
622,10/07/2006,North Texas,19,55,108,32,19,161,3,0,Florida Intl,16,35,75,43,29,248,0,2,H,0,3,20,33,-11,-10,-87,3,-2
623,10/07/2006,Northwestern,9,28,122,24,10,94,1,0,Wisconsin,41,48,307,21,16,220,1,2,V,-19.5,-32,-20,-185,3,-6,-126,0,-2
624,10/07/2006,Notre Dame,31,39,204,38,27,232,0,0,Stanford,10,31,72,18,10,154,1,0,H,29.5,21,8,132,20,17,78,-1,0
625,10/07/2006,Ohio,27,36,257,16,8,79,2,1,Western Michigan,20,35,103,40,24,243,2,1,H,-3.5,7,1,154,-24,-16,-164,0,0
626,10/07/2006,Ohio State,35,32,139,29,21,248,0,0,Bowling Green,7,35,160,26,16,179,1,0,H,37,28,-3,-21,3,5,69,-1,0
627,10/07/2006,Oklahoma,10,36,124,27,15,209,2,3,Texas,28,32,124,18,11,108,0,0,N,-4,-18,4,0,9,4,101,2,3
628,10/07/2006,Oklahoma State,27,41,193,22,14,138,1,0,Kansas State,31,36,180,15,10,177,0,0,V,2.5,-4,5,13,7,4,-39,1,0
629,10/07/2006,Oregon,24,29,70,36,21,288,3,1,California,45,42,235,26,14,189,1,0,V,-5.5,-21,-13,-165,10,7,99,2,1
630,10/07/2006,Oregon State,6,28,64,34,18,223,1,3,Washington State,13,37,85,34,19,270,1,1,H,-3.5,-7,-9,-21,0,-1,-47,0,2
631,10/07/2006,Penn State,28,40,150,35,20,281,1,0,Minnesota,27,34,68,36,25,347,0,1,V,1.5,1,6,82,-1,-5,-66,1,-1
632,10/07/2006,Pittsburgh,21,35,236,24,20,177,0,1,Syracuse,11,33,92,29,20,225,0,3,V,7,10,2,144,-5,0,-48,0,-2
633,10/07/2006,Purdue,17,36,202,48,23,254,3,0,Iowa,47,40,286,23,17,253,0,3,V,-10,-30,-4,-84,25,6,1,3,-3
634,10/07/2006,Rice,24,39,129,47,25,271,1,0,Tulane,38,28,143,40,21,344,1,1,V,2.5,-14,11,-14,7,4,-73,0,-1
635,10/07/2006,S-M-U,21,23,58,20,10,132,3,1,UTEP,24,39,89,37,26,298,1,1,V,-14,-3,-16,-31,-17,-16,-166,2,0
636,10/07/2006,San Diego State,17,38,141,32,20,216,1,1,Brigham Young,47,32,152,21,16,267,0,1,V,-27.5,-30,6,-11,11,4,-51,1,0
637,10/07/2006,South Carolina,24,39,190,23,15,193,1,0,Kentucky,17,27,62,32,18,289,1,0,V,3,7,12,128,-9,-3,-96,0,0
638,10/07/2006,South Florida,38,41,205,16,13,153,0,0,Connecticut,16,26,60,40,20,201,1,0,H,6.5,22,15,145,-24,-7,-48,-1,0
639,10/07/2006,Southern Cal,26,32,148,41,24,263,1,0,Washington,20,31,167,39,17,212,0,0,H,19,6,1,-19,2,7,51,1,0
640,10/07/2006,Stanford,10,31,72,18,10,154,1,0,Notre Dame,31,39,204,38,27,232,0,0,V,-29.5,-21,-8,-132,-20,-17,-78,1,0
641,10/07/2006,Syracuse,11,33,92,29,20,225,0,3,Pittsburgh,21,35,236,24,20,177,0,1,H,-7,-10,-2,-144,5,0,48,0,2
642,10/07/2006,Temple,17,25,50,26,14,144,0,1,Kent State,28,49,208,28,15,207,1,1,H,-24,-11,-24,-158,-2,-1,-63,-1,0
643,10/07/2006,Tennessee,51,34,115,38,25,268,0,0,Georgia,33,27,145,25,14,175,3,1,V,2.5,18,7,-30,13,11,93,-3,-1
644,10/07/2006,Texas,28,32,124,18,11,108,0,0,Oklahoma,10,36,124,27,15,209,2,3,N,4,18,-4,0,-9,-4,-101,-2,-3
645,10/07/2006,Texas A+M,21,31,146,45,25,240,0,1,Kansas,18,27,113,32,14,175,0,1,V,-1,3,4,33,13,11,65,0,0
646,10/07/2006,Texas Tech,21,16,78,61,44,378,2,3,Missouri,38,40,133,22,15,173,1,0,H,7,-17,-24,-55,39,29,205,1,3
647,10/07/2006,Toledo,20,41,174,53,32,313,2,2,Central Michigan,42,30,92,29,21,295,0,0,H,1,-22,11,82,24,11,18,2,2
648,10/07/2006,Tulane,38,28,143,40,21,344,1,1,Rice,24,39,129,47,25,271,1,0,H,-2.5,14,-11,14,-7,-4,73,0,1
649,10/07/2006,U-A-B,35,50,279,20,12,134,2,0,Memphis,29,27,77,30,22,303,1,1,H,6,6,23,202,-10,-10,-169,1,-1
650,10/07/2006,U.C.L.A.,27,22,65,33,23,227,0,0,Arizona,7,26,-13,42,21,235,1,0,H,12.5,20,-4,78,-9,2,-8,-1,0
651,10/07/2006,UL-Lafayette,31,44,269,29,15,146,1,0,Houston,28,22,38,32,24,367,0,1,V,-17,3,22,231,-3,-9,-221,1,-1
652,10/07/2006,UL-Monroe,6,35,130,25,15,93,2,0,Arkansas State,10,38,172,36,19,200,3,2,V,-7,-4,-3,-42,-11,-4,-107,-1,-2
653,10/07/2006,UTEP,24,39,89,37,26,298,1,1,S-M-U,21,23,58,20,10,132,3,1,H,14,3,16,31,17,16,166,-2,0
654,10/07/2006,Utah State,13,36,147,19,9,120,0,0,Fresno State,12,34,164,27,13,155,0,0,H,-25.5,1,2,-17,-8,-4,-35,0,0
655,10/07/2006,Vanderbilt,10,41,129,33,21,271,1,4,Mississippi,17,38,148,9,3,31,2,0,V,1.5,-7,3,-19,24,18,240,-1,4
656,10/07/2006,Virginia,21,27,153,32,16,145,0,0,East Carolina,31,48,208,30,17,224,0,0,V,-3,-10,-21,-55,2,-1,-79,0,0
657,10/07/2006,Wake Forest,17,31,31,24,19,188,1,3,Clemson,27,39,214,30,20,214,3,1,H,-14,-10,-8,-183,-6,-1,-26,-2,2
658,10/07/2006,Washington,20,31,167,39,17,212,0,0,Southern Cal,26,32,148,41,24,263,1,0,V,-19,-6,-1,19,-2,-7,-51,-1,0
659,10/07/2006,Washington State,13,37,85,34,19,270,1,1,Oregon State,6,28,64,34,18,223,1,3,V,3.5,7,9,21,0,1,47,0,-2
660,10/07/2006,West Virginia,42,44,314,10,6,92,0,0,Mississippi State,14,37,56,35,17,250,2,0,V,21,28,7,258,-25,-11,-158,-2,0
661,10/07/2006,Western Michigan,20,35,103,40,24,243,2,1,Ohio,27,36,257,16,8,79,2,1,V,3.5,-7,-1,-154,24,16,164,0,0
662,10/07/2006,Wisconsin,41,48,307,21,16,220,1,2,Northwestern,9,28,122,24,10,94,1,0,H,19.5,32,20,185,-3,6,126,0,2
663,10/07/2006,Wyoming,14,37,114,32,19,204,2,1,New Mexico,10,35,78,32,11,112,0,1,V,0,4,2,36,0,8,92,2,0
664,10/08/2006,Miami-Ohio,25,26,99,30,22,372,1,1,Northern Illinois,28,37,154,25,15,186,1,0,H,-13,-3,-11,-55,5,7,186,0,1
665,10/08/2006,Northern Illinois,28,37,154,25,15,186,1,0,Miami-Ohio,25,26,97,30,22,372,1,1,V,13,3,11,57,-5,-7,-186,0,-1
666,10/12/2006,Air Force,24,64,318,13,8,102,0,2,Colorado State,21,27,106,23,14,282,2,0,H,6,3,37,212,-10,-6,-180,-2,2
667,10/12/2006,Boston College,22,34,90,29,16,174,0,0,Virginia Tech,3,28,33,34,23,148,2,2,H,-2.5,19,6,57,-5,-7,26,-2,-2
668,10/12/2006,Clemson,63,45,337,13,12,222,0,2,Temple,9,29,111,25,13,110,0,1,H,44.5,54,16,226,-12,-1,112,0,1
669,10/12/2006,Colorado State,21,27,106,23,14,282,2,0,Air Force,24,64,318,13,8,102,0,2,V,-6,-3,-37,-212,10,6,180,2,-2
670,10/12/2006,Florida Atlantic,32,41,193,35,21,295,2,1,Southern Utah,7,22,118,33,17,173,2,0,H, ,25,19,75,2,4,122,0,1
671,10/12/2006,Temple,9,29,111,25,13,110,0,1,Clemson,63,45,337,13,12,222,0,2,V,-44.5,-54,-16,-226,12,1,-112,0,-1
672,10/12/2006,Virginia Tech,3,28,33,34,23,148,2,2,Boston College,22,34,90,29,16,174,0,0,V,2.5,-19,-6,-57,5,7,-26,2,2
673,10/13/2006,Pittsburgh,52,45,261,17,13,206,0,0,U-C-F,7,42,110,29,18,210,1,3,V,10,45,3,151,-12,-5,-4,-1,-3
674,10/13/2006,U-C-F,7,42,110,29,18,210,1,3,Pittsburgh,52,45,261,17,13,206,0,0,H,-10,-45,-3,-151,12,5,4,1,3
675,10/14/2006,Alabama,26,42,228,28,16,206,0,0,Mississippi,23,35,119,21,14,168,0,0,H,16.5,3,7,109,7,2,38,0,0
676,10/14/2006,Arizona,20,51,220,13,10,74,1,0,Stanford,7,19,-6,13,8,58,0,1,V,4,13,32,226,0,2,16,1,-1
677,10/14/2006,Arizona State,21,33,121,21,12,124,0,1,Southern Cal,28,36,159,25,12,148,1,1,V,-18.5,-7,-3,-38,-4,0,-24,-1,0
678,10/14/2006,Arkansas,63,41,381,23,13,149,0,1,S E Missouri St,7,23,31,33,9,113,3,0,H, ,56,18,350,-10,4,36,-3,1
679,10/14/2006,Arkansas State,26,51,216,23,12,219,2,1,Memphis,23,31,127,28,13,215,0,0,V,-8,3,20,89,-5,-1,4,2,1
680,10/14/2006,Army,7,32,97,30,16,155,3,1,Connecticut,21,40,226,22,10,139,0,0,V,-6,-14,-8,-129,8,6,16,3,1
681,10/14/2006,Auburn,27,40,133,27,18,182,0,1,Florida,17,28,171,17,9,108,1,2,H,-1.5,10,12,-38,10,9,74,-1,-1
682,10/14/2006,Ball State,7,25,53,30,23,160,2,3,Central Michigan,18,45,173,30,18,171,1,1,V,-10,-11,-20,-120,0,5,-11,1,2
683,10/14/2006,Baylor,31,11,27,48,26,320,1,4,Texas,63,37,162,32,21,275,1,0,V,-27.5,-32,-26,-135,16,5,45,0,4
684,10/14/2006,Bowling Green,24,42,159,24,14,165,0,1,Eastern Michigan,21,26,82,39,25,248,3,0,H,10.5,3,16,77,-15,-11,-83,-3,1
685,10/14/2006,California,21,40,177,31,17,176,2,1,Washington State,3,19,88,41,21,262,2,0,V,9,18,21,89,-10,-4,-86,0,1
686,10/14/2006,Central Michigan,18,45,173,30,18,171,1,1,Ball State,7,25,53,30,23,160,2,3,H,10,11,20,120,0,-5,11,-1,-2
687,10/14/2006,Cincinnati,17,52,212,28,10,129,0,1,Louisville,23,25,105,37,20,324,1,2,V,-26.5,-6,27,107,-9,-10,-195,-1,-1
688,10/14/2006,Colorado,30,46,228,19,12,152,0,2,Texas Tech,6,15,31,45,29,245,3,2,H,-5.5,24,31,197,-26,-17,-93,-3,0
689,10/14/2006,Connecticut,21,40,226,22,10,139,0,0,Army,7,32,97,30,16,155,3,1,H,6,14,8,129,-8,-6,-16,-3,-1
690,10/14/2006,Duke,24,40,52,41,19,255,0,2,Florida State,51,21,157,40,23,321,3,1,H,-23,-27,19,-105,1,-4,-66,-3,1
691,10/14/2006,East Carolina,10,26,126,28,14,115,0,3,Tulsa,31,54,234,21,15,124,1,1,H,-3.5,-21,-28,-108,7,-1,-9,-1,2
692,10/14/2006,Eastern Michigan,21,26,82,39,25,248,3,0,Bowling Green,24,42,159,24,14,165,0,1,V,-10.5,-3,-16,-77,15,11,83,3,-1
693,10/14/2006,Florida,17,28,171,17,9,108,1,2,Auburn,27,40,133,27,18,182,0,1,V,1.5,-10,-12,38,-10,-9,-74,1,1
694,10/14/2006,Florida Intl,0,31,28,25,12,86,2,1,Miami-Florida,35,29,90,26,17,189,0,1,V,-27,-35,2,-62,-1,-5,-103,2,0
695,10/14/2006,Florida State,51,21,157,40,23,321,3,1,Duke,24,40,52,41,19,255,0,2,V,23,27,-19,105,-1,4,66,3,-1
696,10/14/2006,Fresno State,37,41,183,29,18,304,1,2,Hawaii,68,18,100,44,37,470,0,0,H,-3,-31,23,83,-15,-19,-166,1,2
697,10/14/2006,Georgia,22,35,136,30,20,237,0,1,Vanderbilt,24,29,101,29,15,190,2,0,H,14.5,-2,6,35,1,5,47,-2,1
698,10/14/2006,Hawaii,68,18,100,44,37,470,0,0,Fresno State,37,41,183,29,18,304,1,2,V,3,31,-23,-83,15,19,166,-1,-2
699,10/14/2006,Houston,27,27,38,39,22,339,0,1,Southern Miss,31,39,145,26,17,180,0,1,V,-2,-4,-12,-107,13,5,159,0,0
700,10/14/2006,Idaho,24,44,144,27,14,238,1,2,Louisiana Tech,14,27,74,26,10,102,4,4,V,-3,10,17,70,1,4,136,-3,-2
701,10/14/2006,Illinois,17,36,211,34,16,186,1,4,Ohio,20,36,124,20,9,114,1,0,H,6.5,-3,0,87,14,7,72,0,4
702,10/14/2006,Indiana,31,42,158,25,19,255,0,2,Iowa,28,37,175,40,23,292,1,1,H,-19.5,3,5,-17,-15,-4,-37,-1,1
703,10/14/2006,Iowa,28,37,175,40,23,292,1,1,Indiana,31,42,158,25,19,255,0,2,V,19.5,-3,-5,17,15,4,37,1,-1
704,10/14/2006,Iowa State,9,29,89,25,14,149,2,0,Oklahoma,34,34,185,27,16,195,0,0,V,-18.5,-25,-5,-96,-2,-2,-46,2,0
705,10/14/2006,Kansas,32,35,178,27,15,187,1,1,Oklahoma State,42,43,192,35,23,411,1,3,H,2.5,-10,-8,-14,-8,-8,-224,0,-2
706,10/14/2006,Kansas State,3,18,22,47,23,272,2,0,Nebraska,21,43,190,22,13,166,0,0,H,-9,-18,-25,-168,25,10,106,2,0
707,10/14/2006,Kent State,40,47,270,15,8,78,1,1,Toledo,14,38,102,31,17,132,2,2,H,6.5,26,9,168,-16,-9,-54,-1,-1
708,10/14/2006,Kentucky,0,23,61,41,16,166,1,0,Louisiana State,49,43,268,25,19,278,0,0,V,-26,-49,-20,-207,16,-3,-112,1,0
709,10/14/2006,Louisiana State,49,43,268,25,19,278,0,0,Kentucky,0,23,61,41,16,166,1,0,H,26,49,20,207,-16,3,112,-1,0
710,10/14/2006,Louisiana Tech,14,27,74,26,11,137,4,4,Idaho,24,44,144,27,14,238,1,2,H,3,-10,-17,-70,-1,-3,-101,3,2
711,10/14/2006,Louisville,23,25,105,37,20,324,1,2,Cincinnati,17,52,212,28,10,129,0,1,H,26.5,6,-27,-107,9,10,195,1,1
712,10/14/2006,Marshall,21,27,107,32,19,192,3,1,S-M-U,31,45,135,29,23,231,0,1,V,-6,-10,-18,-28,3,-4,-39,3,0
713,10/14/2006,Maryland,28,34,174,28,17,171,1,0,Virginia,26,35,181,21,13,243,1,1,V,3,2,-1,-7,7,4,-72,0,-1
714,10/14/2006,Memphis,23,31,127,28,13,215,0,0,Arkansas State,26,51,216,23,12,219,2,1,H,8,-3,-20,-89,5,1,-4,-2,-1
715,10/14/2006,Miami-Florida,35,29,90,26,17,189,0,1,Florida Intl,0,31,28,25,12,86,2,1,H,27,35,-2,62,1,5,103,-2,0
716,10/14/2006,Michigan,17,33,116,30,15,196,0,0,Penn State,10,25,-14,31,17,200,0,1,V,5.5,7,8,130,-1,-2,-4,0,-1
717,10/14/2006,Michigan State,7,30,63,30,19,135,1,0,Ohio State,38,44,182,24,16,239,0,1,H,-14.5,-31,-14,-119,6,3,-104,1,-1
718,10/14/2006,Minnesota,12,29,106,28,13,94,1,1,Wisconsin,48,44,208,19,12,193,0,2,V,-9,-36,-15,-102,9,1,-99,1,-1
719,10/14/2006,Mississippi,23,35,119,21,14,168,0,0,Alabama,26,42,228,28,16,206,0,0,V,-16.5,-3,-7,-109,-7,-2,-38,0,0
720,10/14/2006,Mississippi State,35,34,125,25,11,183,1,1,Jacksonville St,3,32,52,26,12,149,1,1,H, ,32,2,73,-1,-1,34,0,0
721,10/14/2006,Missouri,19,26,74,31,22,306,0,3,Texas A+M,25,51,180,24,20,223,0,0,V,1,-6,-25,-106,7,2,83,0,3
722,10/14/2006,Navy,0,50,113,16,4,48,0,1,Rutgers,34,33,124,26,15,215,1,2,H,3,-34,17,-11,-10,-11,-167,-1,-1
723,10/14/2006,Nebraska,21,43,190,22,13,166,0,0,Kansas State,3,18,22,47,23,272,2,0,V,9,18,25,168,-25,-10,-106,-2,0
724,10/14/2006,Nevada-Las Vegas,36,29,84,33,18,295,2,2,New Mexico,39,39,112,27,13,168,1,0,H,-3,-3,-10,-28,6,5,127,1,2
725,10/14/2006,New Mexico,39,39,112,27,13,168,1,0,Nevada-Las Vegas,36,29,84,33,18,295,2,2,V,3,3,10,28,-6,-5,-127,-1,-2
726,10/14/2006,No Carolina State,23,28,134,37,21,200,1,0,Wake Forest,25,37,142,14,9,124,0,0,H,3,-2,-9,-8,23,12,76,1,0
727,10/14/2006,North Carolina,20,39,168,26,9,117,2,0,South Florida,37,47,234,22,15,183,0,2,H,-2.5,-17,-8,-66,4,-6,-66,2,-2
728,10/14/2006,Northern Illinois,14,22,0,25,14,157,3,0,Western Michigan,16,40,129,44,29,251,1,0,V,3,-2,-18,-129,-19,-15,-94,2,0
729,10/14/2006,Northwestern,10,42,168,15,9,83,1,0,Purdue,31,28,62,52,36,448,1,0,H,-7.5,-21,14,106,-37,-27,-365,0,0
730,10/14/2006,Ohio,20,36,124,20,9,114,1,0,Illinois,17,36,211,34,16,186,1,4,V,-6.5,3,0,-87,-14,-7,-72,0,-4
731,10/14/2006,Ohio State,38,44,182,24,16,239,0,1,Michigan State,7,30,63,30,19,135,1,0,V,14.5,31,14,119,-6,-3,104,-1,1
732,10/14/2006,Oklahoma,34,34,185,27,16,195,0,0,Iowa State,9,29,89,25,14,149,2,0,H,18.5,25,5,96,2,2,46,-2,0
733,10/14/2006,Oklahoma State,42,43,192,35,23,411,1,3,Kansas,32,35,178,27,15,187,1,1,V,-2.5,10,8,14,8,8,224,0,2
734,10/14/2006,Oregon,30,43,256,22,11,148,1,1,U.C.L.A.,20,30,104,31,16,112,1,0,H,10,10,13,152,-9,-5,36,0,1
735,10/14/2006,Oregon State,27,39,180,21,14,308,2,1,Washington,17,37,84,30,14,172,0,0,V,-9,10,2,96,-9,0,136,2,1
736,10/14/2006,Penn State,10,25,-14,31,17,200,0,1,Michigan,17,33,116,30,15,196,0,0,H,-5.5,-7,-8,-130,1,2,4,0,1
737,10/14/2006,Purdue,31,28,62,52,36,448,1,0,Northwestern,10,42,168,15,9,83,1,0,V,7.5,21,-14,-106,37,27,365,0,0
738,10/14/2006,Rice,34,36,230,33,21,191,2,0,U-A-B,33,32,175,29,16,309,0,1,H,-4.5,1,4,55,4,5,-118,2,-1
739,10/14/2006,Rutgers,34,33,124,26,15,215,1,2,Navy,0,50,113,16,4,48,0,1,V,-3,34,-17,11,10,11,167,1,1
740,10/14/2006,S-M-U,31,45,135,29,23,231,0,1,Marshall,21,27,107,32,19,192,3,1,H,6,10,18,28,-3,4,39,-3,0
741,10/14/2006,San Jose State,21,30,123,28,15,252,2,2,Utah State,14,44,156,24,21,145,0,1,H,16,7,-14,-33,4,-6,107,2,1
742,10/14/2006,South Florida,37,47,234,22,15,183,0,2,North Carolina,20,39,168,26,9,117,2,0,V,2.5,17,8,66,-4,6,66,-2,2
743,10/14/2006,Southern Cal,28,36,159,25,12,148,1,1,Arizona State,21,33,121,21,12,124,0,1,H,18.5,7,3,38,4,0,24,1,0
744,10/14/2006,Southern Miss,31,39,145,26,17,180,0,1,Houston,27,27,38,39,22,339,0,1,H,2,4,12,107,-13,-5,-159,0,0
745,10/14/2006,Stanford,7,19,-6,13,8,58,0,1,Arizona,20,51,220,13,10,74,1,0,H,-4,-13,-32,-226,0,-2,-16,-1,1
746,10/14/2006,Syracuse,17,35,81,22,9,146,0,1,West Virginia,41,45,457,20,13,105,1,2,V,-26.5,-24,-10,-376,2,-4,41,-1,-1
747,10/14/2006,Texas,63,37,162,32,21,275,1,0,Baylor,31,11,27,48,26,320,1,4,H,27.5,32,26,135,-16,-5,-45,0,-4
748,10/14/2006,Texas A+M,25,51,180,24,20,223,0,0,Missouri,19,26,74,31,22,306,0,3,H,-1,6,25,106,-7,-2,-83,0,-3
749,10/14/2006,Texas Tech,6,15,31,45,29,245,3,2,Colorado,30,46,228,19,12,152,0,2,V,5.5,-24,-31,-197,26,17,93,3,0
750,10/14/2006,Toledo,14,38,102,31,17,132,2,2,Kent State,40,47,270,15,8,78,1,1,V,-6.5,-26,-9,-168,16,9,54,1,1
751,10/14/2006,Troy,24,37,161,40,27,246,3,2,UL-Monroe,19,32,141,40,19,249,2,2,H,8.5,5,5,20,0,8,-3,1,0
752,10/14/2006,Tulane,20,25,186,55,32,295,2,3,UTEP,34,36,135,33,24,230,0,0,V,-13,-14,-11,51,22,8,65,2,3
753,10/14/2006,Tulsa,31,54,234,21,15,124,1,1,East Carolina,10,26,126,28,14,115,0,3,V,3.5,21,28,108,-7,1,9,1,-2
754,10/14/2006,U-A-B,33,32,175,29,16,309,0,1,Rice,34,36,230,33,21,191,2,0,V,4.5,-1,-4,-55,-4,-5,118,-2,1
755,10/14/2006,U.C.L.A.,20,30,104,31,16,112,1,0,Oregon,30,43,256,22,11,148,1,1,V,-10,-10,-13,-152,9,5,-36,0,-1
756,10/14/2006,UL-Monroe,19,32,141,40,19,249,2,2,Troy,24,37,161,40,27,246,3,2,V,-8.5,-5,-5,-20,0,-8,3,-1,0
757,10/14/2006,UTEP,34,36,135,33,24,230,0,0,Tulane,20,25,186,55,32,295,2,3,H,13,14,11,-51,-22,-8,-65,-2,-3
758,10/14/2006,Utah,15,29,33,31,16,111,2,2,Wyoming,31,44,100,24,17,202,0,2,V,4,-16,-15,-67,7,-1,-91,2,0
759,10/14/2006,Utah State,14,44,156,24,21,145,0,1,San Jose State,21,30,123,28,15,252,2,2,V,-16,-7,14,33,-4,6,-107,-2,-1
760,10/14/2006,Vanderbilt,24,29,101,29,15,190,2,0,Georgia,22,35,136,30,20,237,0,1,V,-14.5,2,-6,-35,-1,-5,-47,2,-1
761,10/14/2006,Virginia,26,35,181,21,13,243,1,1,Maryland,28,34,174,28,17,171,1,0,H,-3,-2,1,7,-7,-4,72,0,1
762,10/14/2006,Wake Forest,25,37,142,14,9,124,0,0,No Carolina State,23,28,134,37,21,200,1,0,V,-3,2,9,8,-23,-12,-76,-1,0
763,10/14/2006,Washington,17,37,84,30,14,172,0,0,Oregon State,27,39,180,21,14,308,2,1,H,9,-10,-2,-96,9,0,-136,-2,-1
764,10/14/2006,Washington State,3,19,88,41,21,262,2,0,California,21,40,177,31,17,176,2,1,H,-9,-18,-21,-89,10,4,86,0,-1
765,10/14/2006,West Virginia,41,45,457,20,13,105,1,2,Syracuse,17,35,81,22,9,146,0,1,H,26.5,24,10,376,-2,4,-41,1,1
766,10/14/2006,Western Michigan,16,40,129,44,29,251,1,0,Northern Illinois,14,22,0,25,14,157,3,0,H,-3,2,18,129,19,15,94,-2,0
767,10/14/2006,Wisconsin,48,44,208,19,12,193,0,2,Minnesota,12,29,106,28,13,94,1,1,H,9,36,15,102,-9,-1,99,-1,1
768,10/14/2006,Wyoming,31,44,100,24,17,202,0,2,Utah,15,29,33,31,16,111,2,2,H,-4,16,15,67,-7,1,91,-2,0
769,10/15/2006,Boise State,40,42,255,21,14,215,1,1,New Mexico State,28,20,8,65,49,526,2,1,V,27.5,12,22,247,-44,-35,-311,-1,0
770,10/15/2006,Buffalo,31,29,104,24,13,174,4,0,Miami-Ohio,38,41,93,28,17,167,1,2,H,-8,-7,-12,11,-4,-4,7,3,-2
771,10/15/2006,Miami-Ohio,38,41,91,28,17,167,1,2,Buffalo,31,29,104,24,13,174,4,0,V,8,7,12,-13,4,4,-7,-3,2
772,10/15/2006,New Mexico State,28,20,8,65,48,491,2,1,Boise State,40,42,255,21,14,215,1,1,H,-27.5,-12,-22,-247,44,34,276,1,0
773,10/18/2006,Florida Atlantic,0,26,87,34,18,150,2,2,UL-Lafayette,6,37,144,21,11,84,1,1,H,-8.5,-6,-11,-57,13,7,66,1,1
774,10/18/2006,UL-Lafayette,6,37,144,21,11,84,1,1,Florida Atlantic,0,26,87,34,18,150,2,2,V,8.5,6,11,57,-13,-7,-66,-1,-1
775,10/19/2006,Bowling Green,14,42,130,30,16,187,1,0,Central Michigan,31,25,154,25,15,212,0,2,V,-7,-17,17,-24,5,1,-25,1,-2
776,10/19/2006,Central Michigan,31,25,154,25,15,212,0,2,Bowling Green,14,42,130,30,16,187,1,0,H,7,17,-17,24,-5,-1,25,-1,2
777,10/19/2006,New Mexico,34,34,117,33,19,350,1,0,Utah,31,41,160,31,18,234,0,0,H,-6,3,-7,-43,2,1,116,1,0
778,10/19/2006,North Carolina,0,33,98,20,9,84,1,2,Virginia,23,38,194,26,18,176,0,0,V,-7,-23,-5,-96,-6,-9,-92,1,2
779,10/19/2006,Utah,31,41,160,31,18,234,0,0,New Mexico,34,34,117,33,19,350,1,0,V,6,-3,7,43,-2,-1,-116,-1,0
780,10/19/2006,Virginia,23,38,194,26,18,176,0,0,North Carolina,0,33,98,20,9,84,1,2,H,7,23,5,96,6,9,92,-1,-2
781,10/20/2006,Connecticut,11,33,95,34,15,115,2,0,West Virginia,37,42,263,14,9,156,1,1,H,-23.5,-26,-9,-168,20,6,-41,1,-1
782,10/20/2006,West Virginia,37,42,263,14,9,156,1,1,Connecticut,11,33,95,34,15,115,2,0,V,23.5,26,9,168,-20,-6,41,-1,1
783,10/21/2006,Air Force,12,65,297,7,4,47,1,1,San Diego State,19,30,151,19,12,133,0,0,V,10.5,-7,35,146,-12,-8,-86,1,1
784,10/21/2006,Akron,24,34,127,24,14,197,0,2,Miami-Ohio,13,30,57,47,21,263,0,0,H,9.5,11,4,70,-23,-7,-66,0,2
785,10/21/2006,Alabama,13,30,53,29,13,158,0,0,Tennessee,16,21,57,46,28,302,3,0,V,-11,-3,9,-4,-17,-15,-144,-3,0
786,10/21/2006,Arizona,10,28,22,30,17,161,2,1,Oregon State,17,38,151,22,16,181,2,1,H,-2,-7,-10,-129,8,1,-20,0,0
787,10/21/2006,Arizona State,38,47,206,19,17,175,0,0,Stanford,3,30,79,25,7,66,1,2,H,24,35,17,127,-6,10,109,-1,-2
788,10/21/2006,Arkansas,38,37,141,18,14,205,0,0,Mississippi,3,31,102,36,13,143,0,0,H,20.5,35,6,39,-18,1,62,0,0
789,10/21/2006,Arkansas State,29,51,279,19,11,187,0,0,North Texas,10,31,160,16,11,103,1,1,H,8.5,19,20,119,3,0,84,-1,-1
790,10/21/2006,Army,17,29,86,24,12,110,3,2,Texas Christian,31,44,190,23,13,169,1,3,H,-12,-14,-15,-104,1,-1,-59,2,-1
791,10/21/2006,Auburn,38,41,220,19,16,212,0,1,Tulane,13,27,106,39,20,283,1,2,H,28.5,25,14,114,-20,-4,-71,-1,-1
792,10/21/2006,Ball State,27,29,9,38,28,360,3,0,Western Michigan,41,38,166,24,20,291,0,2,H,-2,-14,-9,-157,14,8,69,3,-2
793,10/21/2006,Baylor,36,15,66,55,33,394,2,1,Kansas,35,46,284,24,11,98,1,0,H,3.5,1,-31,-218,31,22,296,1,1
794,10/21/2006,Boise State,42,37,208,23,10,145,1,0,Idaho,26,27,66,46,25,331,2,0,V,20.5,16,10,142,-23,-15,-186,-1,0
795,10/21/2006,Boston College,24,32,60,26,16,262,1,1,Florida State,19,20,39,48,32,326,2,1,V,-6,5,12,21,-22,-16,-64,-1,0
796,10/21/2006,Brigham Young,52,41,308,25,20,266,1,0,Nevada-Las Vegas,7,26,92,38,19,216,4,2,H,28.5,45,15,216,-13,1,50,-3,-2
797,10/21/2006,Buffalo,7,23,39,27,15,132,0,0,Ohio,42,43,223,20,14,147,0,1,V,-17,-35,-20,-184,7,1,-15,0,-1
798,10/21/2006,California,31,35,195,36,21,291,0,0,Washington,24,36,162,31,17,284,5,0,H,24,7,-1,33,5,4,7,-5,0
799,10/21/2006,Clemson,31,37,332,16,7,105,1,1,Georgia Tech,7,37,88,25,12,117,1,0,H,7.5,24,0,244,-9,-5,-12,0,1
800,10/21/2006,Colorado,3,30,74,14,3,39,1,1,Oklahoma,24,49,166,26,17,105,0,1,V,-14,-21,-19,-92,-12,-14,-66,1,0
801,10/21/2006,Colorado State,0,22,42,45,23,217,2,1,Wyoming,24,39,166,22,10,152,0,0,V,-5,-24,-17,-124,23,13,65,2,1
802,10/21/2006,Duke,15,29,96,41,21,284,4,1,Miami-Florida,20,26,30,41,24,299,1,0,H,-20,-5,3,66,0,-3,-15,3,1
803,10/21/2006,East Carolina,38,29,36,41,32,402,0,0,S-M-U,21,34,89,33,22,224,0,1,H,5,17,-5,-53,8,10,178,0,-1
804,10/21/2006,Eastern Michigan,17,37,133,27,17,196,1,0,Toledo,13,37,175,31,18,143,0,0,H,-2.5,4,0,-42,-4,-1,53,1,0
805,10/21/2006,Florida State,19,21,28,48,32,326,2,1,Boston College,24,32,60,26,16,262,1,1,H,6,-5,-11,-32,22,16,64,1,0
806,10/21/2006,Fresno State,6,33,77,20,13,134,0,0,Louisiana State,38,32,184,19,15,210,0,0,V,-31,-32,1,-107,1,-2,-76,0,0
807,10/21/2006,Georgia,27,28,103,32,20,267,3,2,Mississippi State,24,33,64,31,14,234,2,1,H,16.5,3,-5,39,1,6,33,1,1
808,10/21/2006,Georgia Tech,7,37,88,25,12,117,1,0,Clemson,31,38,321,16,7,105,1,1,V,-7.5,-24,-1,-233,9,5,12,0,-1
809,10/21/2006,Hawaii,49,33,155,34,23,353,0,1,New Mexico State,30,30,118,46,32,330,1,2,V,19.5,19,3,37,-12,-9,23,-1,-1
810,10/21/2006,Houston,34,42,204,30,20,208,1,0,UTEP,17,23,30,30,19,206,1,0,H,6,17,19,174,0,1,2,0,0
811,10/21/2006,Idaho,26,28,69,45,24,328,2,0,Boise State,42,37,208,23,10,145,1,0,H,-20.5,-16,-9,-139,22,14,183,1,0
812,10/21/2006,Illinois,12,42,202,33,13,156,2,2,Penn State,26,24,40,34,18,144,1,1,V,-18,-14,18,162,-1,-5,12,1,1
813,10/21/2006,Indiana,3,28,7,35,20,158,2,0,Ohio State,44,39,270,25,17,270,0,1,V,-31.5,-41,-11,-263,10,3,-112,2,-1
814,10/21/2006,Iowa,6,24,41,36,21,197,0,1,Michigan,20,39,88,33,23,203,1,0,V,-13.5,-14,-15,-47,3,-2,-6,-1,1
815,10/21/2006,Iowa State,26,36,75,34,14,146,2,0,Texas Tech,42,20,107,40,31,368,0,2,H,-2.5,-16,16,-32,-6,-17,-222,2,-2
816,10/21/2006,Kansas,35,46,284,24,11,98,1,0,Baylor,36,15,66,55,33,394,2,1,V,-3.5,-1,31,218,-31,-22,-296,-1,-1
817,10/21/2006,Kansas State,21,47,262,20,5,63,2,2,Missouri,41,37,171,31,24,262,0,2,V,-14,-20,10,91,-11,-19,-199,2,0
818,10/21/2006,Louisiana State,38,32,184,19,15,210,0,0,Fresno State,6,33,77,20,13,134,0,0,H,31,32,-1,107,-1,2,76,0,0
819,10/21/2006,Louisiana Tech,48,47,344,18,13,226,0,1,Utah State,35,36,124,28,12,249,2,0,H,6,13,11,220,-10,1,-23,-2,1
820,10/21/2006,Louisville,28,37,223,25,18,203,1,2,Syracuse,13,28,19,41,24,303,1,1,V,18,15,9,204,-16,-6,-100,0,1
821,10/21/2006,Marshall,31,46,317,12,9,156,2,0,U-A-B,24,28,137,30,18,205,2,0,V,-5.5,7,18,180,-18,-9,-49,0,0
822,10/21/2006,Maryland,26,41,165,9,7,115,0,1,No Carolina State,20,38,154,26,15,145,2,1,H,1.5,6,3,11,-17,-8,-30,-2,0
823,10/21/2006,Memphis,14,29,75,38,24,157,1,0,Tulsa,35,33,139,20,17,217,1,0,H,-14,-21,-4,-64,18,7,-60,0,0
824,10/21/2006,Miami-Florida,20,26,30,41,24,299,1,0,Duke,15,29,96,41,21,284,4,1,V,20,5,-3,-66,0,3,15,-3,-1
825,10/21/2006,Miami-Ohio,13,30,57,47,21,263,0,0,Akron,24,34,127,24,14,197,0,2,V,-9.5,-11,-4,-70,23,7,66,0,-2
826,10/21/2006,Michigan,20,39,88,33,23,203,1,0,Iowa,6,24,41,36,21,197,0,1,H,13.5,14,15,47,-3,2,6,1,-1
827,10/21/2006,Michigan State,41,28,96,43,32,340,2,1,Northwestern,38,35,177,30,16,263,2,0,V,9.5,3,-7,-81,13,16,77,0,1
828,10/21/2006,Middle Tennessee,35,46,215,24,19,234,1,3,UL-Monroe,21,29,102,28,15,184,0,0,V,3,14,17,113,-4,4,50,1,3
829,10/21/2006,Minnesota,10,30,99,24,14,150,0,0,North Dakota St,9,39,143,37,22,237,1,1,H, ,1,-9,-44,-13,-8,-87,-1,-1
830,10/21/2006,Mississippi,3,31,102,36,13,143,0,0,Arkansas,38,37,141,18,14,205,0,0,V,-20.5,-35,-6,-39,18,-1,-62,0,0
831,10/21/2006,Mississippi State,24,33,64,31,14,234,2,1,Georgia,27,28,103,32,20,267,3,2,V,-16.5,-3,5,-39,-1,-6,-33,-1,-1
832,10/21/2006,Missouri,41,37,171,31,24,262,0,2,Kansas State,21,47,262,20,5,63,2,2,H,14,20,-10,-91,11,19,199,-2,0
833,10/21/2006,Nebraska,20,24,38,29,16,302,1,2,Texas,22,34,128,40,25,220,0,1,H,-5.5,-2,-10,-90,-11,-9,82,1,1
834,10/21/2006,Nevada-Las Vegas,7,26,92,38,19,216,4,2,Brigham Young,52,41,308,25,20,266,1,0,V,-28.5,-45,-15,-216,13,-1,-50,3,2
835,10/21/2006,Nevada-Reno,23,55,230,28,20,178,1,1,San Jose State,7,27,162,22,10,77,1,2,H,13.5,16,28,68,6,10,101,0,-1
836,10/21/2006,New Mexico State,30,29,115,47,33,333,1,2,Hawaii,49,33,155,34,23,353,0,1,H,-19.5,-19,-4,-40,13,10,-20,1,1
837,10/21/2006,No Carolina State,20,38,154,26,15,145,2,1,Maryland,26,41,165,9,7,115,0,1,V,-1.5,-6,-3,-11,17,8,30,2,0
838,10/21/2006,North Texas,10,31,160,16,11,103,1,1,Arkansas State,29,51,279,19,11,187,0,0,V,-8.5,-19,-20,-119,-3,0,-84,1,1
839,10/21/2006,Northern Illinois,43,35,89,42,27,377,1,0,Temple,21,22,-6,29,20,322,1,2,H,31,22,13,95,13,7,55,0,-2
840,10/21/2006,Northwestern,38,35,177,30,16,263,2,0,Michigan State,41,28,96,43,32,340,2,1,H,-9.5,-3,7,81,-13,-16,-77,0,-1
841,10/21/2006,Notre Dame,20,35,41,45,27,304,0,1,U.C.L.A.,17,28,26,32,16,217,1,1,H,13.5,3,7,15,13,11,87,-1,0
842,10/21/2006,Ohio,42,43,223,20,14,147,0,1,Buffalo,7,23,39,27,15,132,0,0,H,17,35,20,184,-7,-1,15,0,1
843,10/21/2006,Ohio State,44,39,270,25,17,270,0,1,Indiana,3,28,7,35,20,158,2,0,H,31.5,41,11,263,-10,-3,112,-2,1
844,10/21/2006,Oklahoma,24,49,166,26,17,105,0,1,Colorado,3,30,74,14,3,39,1,1,H,14,21,19,92,12,14,66,-1,0
845,10/21/2006,Oklahoma State,33,37,226,22,10,133,1,0,Texas A+M,34,48,231,27,17,192,1,1,H,2,-1,-11,-5,-5,-7,-59,0,-1
846,10/21/2006,Oregon,23,31,104,47,28,367,2,2,Washington State,34,41,193,23,20,179,1,2,V,3.5,-11,-10,-89,24,8,188,1,0
847,10/21/2006,Oregon State,17,38,151,22,16,181,2,1,Arizona,10,28,22,30,17,161,2,1,V,2,7,10,129,-8,-1,20,0,0
848,10/21/2006,Penn State,26,24,40,34,18,144,1,1,Illinois,12,42,202,33,13,156,2,2,H,18,14,-18,-162,1,5,-12,-1,-1
849,10/21/2006,Pittsburgh,10,26,67,26,16,169,0,1,Rutgers,20,48,268,18,10,72,0,0,H,6.5,-10,-22,-201,8,6,97,0,1
850,10/21/2006,Purdue,3,24,99,40,20,187,1,0,Wisconsin,24,46,241,22,13,201,1,0,H,-7,-21,-22,-142,18,7,-14,0,0
851,10/21/2006,Rice,40,35,250,29,16,170,0,0,U-C-F,29,35,155,42,27,327,1,2,V,-6.5,11,0,95,-13,-11,-157,-1,-2
852,10/21/2006,Rutgers,20,48,268,18,10,72,0,0,Pittsburgh,10,26,67,26,16,169,0,1,V,-6.5,10,22,201,-8,-6,-97,0,-1
853,10/21/2006,S-M-U,21,34,89,33,22,224,0,1,East Carolina,38,29,36,41,32,402,0,0,V,-5,-17,5,53,-8,-10,-178,0,1
854,10/21/2006,San Diego State,19,30,151,19,12,133,0,0,Air Force,12,65,297,7,4,47,1,1,H,-10.5,7,-35,-146,12,8,86,-1,-1
855,10/21/2006,San Jose State,7,27,162,22,10,77,1,2,Nevada-Reno,23,55,230,28,20,178,1,1,V,-13.5,-16,-28,-68,-6,-10,-101,0,1
856,10/21/2006,South Carolina,31,39,194,18,11,133,1,3,Vanderbilt,13,36,133,25,11,120,2,1,V,3.5,18,3,61,-7,0,13,-1,2
857,10/21/2006,Southern Miss,6,37,82,24,13,134,0,2,Virginia Tech,36,39,284,16,6,114,1,0,V,-16,-30,-2,-202,8,7,20,-1,2
858,10/21/2006,Stanford,3,30,79,25,7,66,1,2,Arizona State,38,47,206,19,17,175,0,0,V,-24,-35,-17,-127,6,-10,-109,1,2
859,10/21/2006,Syracuse,13,28,19,41,24,303,1,1,Louisville,28,36,223,26,18,203,1,2,H,-18,-15,-8,-204,15,6,100,0,-1
860,10/21/2006,Temple,21,22,-6,29,20,322,1,2,Northern Illinois,43,35,89,42,27,377,1,0,V,-31,-22,-13,-95,-13,-7,-55,0,2
861,10/21/2006,Tennessee,16,21,57,46,28,302,3,0,Alabama,13,30,53,29,13,158,0,0,H,11,3,-9,4,17,15,144,3,0
862,10/21/2006,Texas,22,34,128,40,25,220,0,1,Nebraska,20,24,38,29,16,302,1,2,V,5.5,2,10,90,11,9,-82,-1,-1
863,10/21/2006,Texas A+M,34,48,231,27,17,192,1,1,Oklahoma State,33,37,226,22,10,133,1,0,V,-2,1,11,5,5,7,59,0,1
864,10/21/2006,Texas Christian,31,44,190,23,13,169,1,3,Army,17,29,86,24,12,110,3,2,V,12,14,15,104,-1,1,59,-2,1
865,10/21/2006,Texas Tech,42,20,107,40,31,368,0,2,Iowa State,26,36,75,34,14,146,2,0,V,2.5,16,-16,32,6,17,222,-2,2
866,10/21/2006,Toledo,13,37,175,31,18,143,0,0,Eastern Michigan,17,37,133,27,17,196,1,0,V,2.5,-4,0,42,4,1,-53,-1,0
867,10/21/2006,Tulane,13,28,112,38,19,277,1,2,Auburn,38,41,220,19,16,212,0,1,V,-28.5,-25,-13,-108,19,3,65,1,1
868,10/21/2006,Tulsa,35,33,139,20,17,217,1,0,Memphis,14,29,75,38,24,157,1,0,V,14,21,4,64,-18,-7,60,0,0
869,10/21/2006,U-A-B,24,28,137,30,18,205,2,1,Marshall,31,46,317,12,9,156,2,0,H,5.5,-7,-18,-180,18,9,49,0,1
870,10/21/2006,U-C-F,29,35,155,42,27,327,1,1,Rice,40,35,250,29,16,170,0,0,H,6.5,-11,0,-95,13,11,157,1,1
871,10/21/2006,U.C.L.A.,17,28,26,32,16,217,1,1,Notre Dame,20,35,41,45,27,304,0,1,V,-13.5,-3,-7,-15,-13,-11,-87,1,0
872,10/21/2006,UL-Monroe,21,29,102,28,15,184,0,0,Middle Tennessee,35,46,215,24,19,234,1,3,H,-3,-14,-17,-113,4,-4,-50,-1,-3
873,10/21/2006,UTEP,17,23,30,30,19,206,1,0,Houston,34,43,210,29,19,202,1,0,V,-6,-17,-20,-180,1,0,4,0,0
874,10/21/2006,Utah State,35,36,124,28,12,249,2,0,Louisiana Tech,48,47,344,18,13,226,0,1,V,-6,-13,-11,-220,10,-1,23,2,-1
875,10/21/2006,Vanderbilt,13,36,133,25,11,120,2,1,South Carolina,31,39,194,18,11,133,1,3,H,-3.5,-18,-3,-61,7,0,-13,1,-2
876,10/21/2006,Virginia Tech,36,39,284,16,6,114,1,0,Southern Miss,6,37,82,24,13,134,0,2,H,16,30,2,202,-8,-7,-20,1,-2
877,10/21/2006,Washington,24,36,162,31,17,284,5,0,California,31,35,195,36,21,291,0,0,V,-24,-7,1,-33,-5,-4,-7,5,0
878,10/21/2006,Washington State,34,41,193,23,20,179,1,2,Oregon,23,31,104,47,28,367,2,2,H,-3.5,11,10,89,-24,-8,-188,-1,0
879,10/21/2006,Western Michigan,41,38,166,24,20,291,0,2,Ball State,27,29,9,38,28,360,3,0,V,2,14,9,157,-14,-8,-69,-3,2
880,10/21/2006,Wisconsin,24,46,241,22,13,201,1,0,Purdue,3,24,99,40,20,187,1,0,V,7,21,22,142,-18,-7,14,0,0
881,10/21/2006,Wyoming,24,39,166,22,10,152,0,0,Colorado State,0,22,42,45,23,217,2,1,H,5,24,17,124,-23,-13,-65,-2,-1
882,10/22/2006,Cincinnati,23,46,191,18,11,105,0,0,South Florida,6,30,92,35,19,127,1,2,H,-1,17,16,99,-17,-8,-22,-1,-2
883,10/22/2006,South Florida,6,29,92,36,19,127,1,2,Cincinnati,23,46,191,18,11,105,0,0,V,1,-17,-17,-99,18,8,22,1,2
884,10/26/2006,Clemson,7,29,69,28,11,86,1,1,Virginia Tech,24,58,224,15,9,108,0,1,V,4.5,-17,-29,-155,13,2,-22,1,0
885,10/26/2006,Virginia Tech,24,58,224,15,9,108,0,1,Clemson,7,28,80,28,11,86,1,1,H,-4.5,17,30,144,-13,-2,22,-1,0
886,10/27/2006,Tulsa,30,46,154,23,16,176,1,1,UTEP,20,17,33,38,22,260,1,0,H,14.5,10,29,121,-15,-6,-84,0,1
887,10/27/2006,UTEP,20,18,40,37,21,253,1,0,Tulsa,30,46,154,23,16,176,1,1,V,-14.5,-10,-28,-114,14,5,77,0,-1
888,10/28/2006,Air Force,14,49,190,10,4,39,1,1,Brigham Young,33,34,153,31,23,258,0,0,H,-10,-19,15,37,-21,-19,-219,1,1
889,10/28/2006,Akron,20,34,107,29,13,191,2,0,Toledo,35,50,175,17,9,139,0,1,V,3.5,-15,-16,-68,12,4,52,2,-1
890,10/28/2006,Arizona State,26,34,190,23,16,170,0,0,Washington,23,35,126,32,14,148,2,0,V,1.5,3,-1,64,-9,2,22,-2,0
891,10/28/2006,Arkansas,44,40,331,23,10,97,2,1,UL-Monroe,10,38,114,26,14,147,5,1,H,33,34,2,217,-3,-4,-50,-3,0
892,10/28/2006,Arkansas State,0,26,6,24,9,98,5,1,Florida Atlantic,29,46,178,20,9,91,1,0,V,4,-29,-20,-172,4,0,7,4,1
893,10/28/2006,Army,28,23,73,24,16,194,2,0,Tulane,42,40,177,46,33,409,0,1,V,-4,-14,-17,-104,-22,-17,-215,2,-1
894,10/28/2006,Auburn,23,41,175,34,21,253,1,1,Mississippi,17,28,86,17,9,170,2,0,V,19,6,13,89,17,12,83,-1,1
895,10/28/2006,Ball State,20,38,128,24,11,98,1,1,Miami-Ohio,17,36,133,35,20,226,1,1,V,-3.5,3,2,-5,-11,-9,-128,0,0
896,10/28/2006,Baylor,21,24,77,23,14,260,1,0,Texas A+M,31,48,292,21,12,215,0,0,H,-4.5,-10,-24,-215,2,2,45,1,0
897,10/28/2006,Boston College,41,48,207,26,17,142,1,0,Buffalo,0,15,-23,30,15,104,3,2,H,30.5,41,33,230,-4,2,38,-2,-2
898,10/28/2006,Bowling Green,14,46,249,36,19,158,2,1,Temple,28,28,94,13,10,162,2,0,V,15.5,-14,18,155,23,9,-4,0,1
899,10/28/2006,Brigham Young,33,33,146,32,24,265,0,0,Air Force,14,49,190,10,4,39,1,1,V,10,19,-16,-44,22,20,226,-1,-1
900,10/28/2006,Buffalo,0,14,-12,30,15,104,3,2,Boston College,41,48,207,26,17,142,1,0,V,-30.5,-41,-34,-219,4,-2,-38,2,2
901,10/28/2006,Cincinnati,17,42,147,18,13,205,2,0,Syracuse,3,31,61,29,13,119,0,0,H,6.5,14,11,86,-11,0,86,2,0
902,10/28/2006,Colorado,15,42,172,28,10,144,2,0,Kansas,20,33,161,29,18,180,3,1,V,-1,-5,9,11,-1,-8,-36,-1,-1
903,10/28/2006,Colorado State,19,26,37,40,25,254,1,0,New Mexico,20,31,79,25,15,195,0,1,H,6.5,-1,-5,-42,15,10,59,1,-1
904,10/28/2006,Duke,28,39,253,25,10,106,2,0,Vanderbilt,45,38,235,29,16,277,0,2,H,-7.5,-17,1,18,-4,-6,-171,2,-2
905,10/28/2006,East Carolina,20,41,102,33,20,197,2,0,Southern Miss,17,28,101,20,13,79,1,0,V,-6,3,13,1,13,7,118,1,0
906,10/28/2006,Eastern Michigan,15,32,65,39,22,220,2,0,Western Michigan,18,35,178,32,18,150,0,2,V,-13.5,-3,-3,-113,7,4,70,2,-2
907,10/28/2006,Florida,21,35,156,28,14,163,1,1,Georgia,14,26,64,33,13,151,2,3,N,14,7,9,92,-5,1,12,-1,-2
908,10/28/2006,Florida Atlantic,29,46,178,20,9,91,1,0,Arkansas State,0,26,6,24,9,98,5,1,H,-4,29,20,172,-4,0,-7,-4,-1
909,10/28/2006,Florida State,24,34,172,36,22,286,0,1,Maryland,27,32,92,20,12,131,0,0,V,3.5,-3,2,80,16,10,155,0,1
910,10/28/2006,Georgia,14,26,64,33,13,151,2,3,Florida,21,35,156,28,14,163,1,1,N,-14,-7,-9,-92,5,-1,-12,1,2
911,10/28/2006,Georgia Tech,30,33,87,28,12,195,0,1,Miami-Florida,23,34,71,31,20,246,1,3,H,4.5,7,-1,16,-3,-8,-51,-1,-2
912,10/28/2006,Hawaii,68,15,78,51,40,497,0,1,Idaho,10,31,141,37,14,193,1,1,H,25.5,58,-16,-63,14,26,304,-1,0
913,10/28/2006,Houston,51,33,211,34,22,305,1,0,U-C-F,31,47,248,31,18,282,2,2,H,14.5,20,-14,-37,3,4,23,-1,-2
914,10/28/2006,Idaho,10,31,141,37,14,193,1,1,Hawaii,68,15,78,51,40,497,0,1,V,-25.5,-58,16,63,-14,-26,-304,1,0
915,10/28/2006,Illinois,24,41,121,30,13,171,1,1,Wisconsin,30,41,99,26,15,217,1,1,V,-21,-6,0,22,4,-2,-46,0,0
916,10/28/2006,Indiana,46,51,185,26,15,261,1,2,Michigan State,21,26,66,28,14,149,1,1,H,-7,25,25,119,-2,1,112,0,1
917,10/28/2006,Iowa,24,43,149,30,19,256,1,2,Northern Illinois,14,26,73,30,15,123,2,1,H,14.5,10,17,76,0,4,133,-1,1
918,10/28/2006,Iowa State,10,35,104,41,23,280,1,2,Kansas State,31,32,156,20,14,161,1,0,V,-5.5,-21,3,-52,21,9,119,0,2
919,10/28/2006,Kansas,20,33,161,29,18,180,3,1,Colorado,15,42,172,28,10,144,2,0,H,1,5,-9,-11,1,8,36,1,1
920,10/28/2006,Kansas State,31,32,156,20,14,161,1,0,Iowa State,10,35,104,41,23,280,1,2,H,5.5,21,-3,52,-21,-9,-119,0,-2
921,10/28/2006,Kent State,7,45,179,20,7,79,0,0,Ohio,17,43,209,15,7,52,1,0,H,6.5,-10,2,-30,5,0,27,-1,0
922,10/28/2006,Kentucky,34,38,106,29,19,284,1,1,Mississippi State,31,24,24,41,22,384,2,1,V,0,3,14,82,-12,-3,-100,-1,0
923,10/28/2006,Louisiana Tech,10,22,41,34,16,181,0,0,San Jose State,44,58,476,17,11,168,0,0,V,-10,-34,-36,-435,17,5,13,0,0
924,10/28/2006,Marshall,41,31,130,24,15,278,0,2,Memphis,27,37,147,42,26,322,3,1,H,9.5,14,-6,-17,-18,-11,-44,-3,1
925,10/28/2006,Maryland,27,32,92,20,12,131,0,0,Florida State,24,34,172,36,22,286,0,1,H,-3.5,3,-2,-80,-16,-10,-155,0,-1
926,10/28/2006,Memphis,27,37,147,42,26,322,3,1,Marshall,41,31,130,24,15,278,0,2,V,-9.5,-14,6,17,18,11,44,3,-1
927,10/28/2006,Miami-Florida,23,34,71,31,20,246,1,3,Georgia Tech,30,33,87,28,12,195,0,1,V,-4.5,-7,1,-16,3,8,51,1,2
928,10/28/2006,Miami-Ohio,17,36,133,35,20,226,1,1,Ball State,20,38,128,24,11,98,1,1,H,3.5,-3,-2,5,11,9,128,0,0
929,10/28/2006,Michigan,17,46,202,20,10,116,0,2,Northwestern,3,17,-13,42,20,204,3,2,H,29.5,14,29,215,-22,-10,-88,-3,0
930,10/28/2006,Michigan State,21,26,66,28,14,149,1,1,Indiana,46,51,185,26,15,261,1,2,V,7,-25,-25,-119,2,-1,-112,0,-1
931,10/28/2006,Middle Tennessee,34,37,101,27,19,244,1,0,UL-Lafayette,20,30,154,24,12,182,4,2,V,-3,14,7,-53,3,7,62,-3,-2
932,10/28/2006,Minnesota,0,26,47,28,15,135,3,0,Ohio State,44,46,266,25,17,218,0,3,V,-27,-44,-20,-219,3,-2,-83,3,-3
933,10/28/2006,Mississippi,17,28,86,17,9,170,2,0,Auburn,23,41,175,34,21,253,1,1,H,-19,-6,-13,-89,-17,-12,-83,1,-1
934,10/28/2006,Mississippi State,31,24,24,41,22,384,2,1,Kentucky,34,38,106,29,19,284,1,1,H,0,-3,-14,-82,12,3,100,1,0
935,10/28/2006,Missouri,10,27,76,46,23,284,3,1,Oklahoma,26,52,231,19,11,127,0,2,H,1,-16,-25,-155,27,12,157,3,-1
936,10/28/2006,Navy,14,56,271,7,4,43,0,1,Notre Dame,38,37,176,25,18,295,0,0,H,-14,-24,19,95,-18,-14,-252,0,1
937,10/28/2006,Nebraska,29,40,211,39,21,241,0,1,Oklahoma State,41,41,267,21,13,229,1,1,V,5.5,-12,-1,-56,18,8,12,-1,0
938,10/28/2006,Nevada-Las Vegas,23,29,65,35,25,232,2,1,Utah,45,34,110,24,20,290,0,2,V,-22,-22,-5,-45,11,5,-58,2,-1
939,10/28/2006,Nevada-Reno,48,42,231,33,20,230,3,1,New Mexico State,21,23,17,47,29,278,3,2,H,17.5,27,19,214,-14,-9,-48,0,-1
940,10/28/2006,New Mexico,20,31,79,25,15,195,0,1,Colorado State,19,26,37,40,25,254,1,0,V,-6.5,1,5,42,-15,-10,-59,-1,1
941,10/28/2006,New Mexico State,21,23,17,47,29,278,3,2,Nevada-Reno,48,41,236,33,20,230,3,1,V,-17.5,-27,-18,-219,14,9,48,0,1
942,10/28/2006,No Carolina State,7,29,70,35,21,220,1,0,Virginia,14,37,125,22,12,131,0,0,V,-2,-7,-8,-55,13,9,89,1,0
943,10/28/2006,North Carolina,17,40,134,30,19,236,2,1,Wake Forest,24,40,200,8,7,89,0,0,H,-7.5,-7,0,-66,22,12,147,2,1
944,10/28/2006,North Texas,6,35,83,25,11,147,0,0,Troy,14,39,142,22,13,101,1,1,V,-11,-8,-4,-59,3,-2,46,-1,-1
945,10/28/2006,Northern Illinois,14,26,73,30,15,123,2,1,Iowa,24,43,149,30,19,256,1,2,V,-14.5,-10,-17,-76,0,-4,-133,1,-1
946,10/28/2006,Northwestern,3,17,-13,42,20,204,3,2,Michigan,17,46,202,20,10,116,0,2,V,-29.5,-14,-29,-215,22,10,88,3,0
947,10/28/2006,Notre Dame,38,37,176,25,18,295,0,0,Navy,14,56,271,7,4,43,0,1,V,14,24,-19,-95,18,14,252,0,-1
948,10/28/2006,Ohio,17,43,209,15,7,52,1,0,Kent State,7,45,179,20,7,79,0,0,V,-6.5,10,-2,30,-5,0,-27,1,0
949,10/28/2006,Ohio State,44,46,266,25,17,218,0,3,Minnesota,0,26,47,28,15,135,3,0,H,27,44,20,219,-3,2,83,-3,3
950,10/28/2006,Oklahoma,26,52,231,19,11,127,0,2,Missouri,10,27,76,46,23,284,3,1,V,-1,16,25,155,-27,-12,-157,-3,1
951,10/28/2006,Oklahoma State,41,41,267,21,13,229,1,1,Nebraska,29,40,211,39,21,241,0,1,H,-5.5,12,1,56,-18,-8,-12,1,0
952,10/28/2006,Oregon,55,39,196,36,20,235,0,0,Portland State,12,32,111,22,9,93,3,1,H, ,43,7,85,14,11,142,-3,-1
953,10/28/2006,Oregon State,33,35,89,32,21,262,0,0,Southern Cal,31,27,86,39,24,406,1,3,H,-10.5,2,8,3,-7,-3,-144,-1,-3
954,10/28/2006,Penn State,12,50,240,31,14,182,0,1,Purdue,0,24,62,39,22,178,2,1,V,3.5,12,26,178,-8,-8,4,-2,0
955,10/28/2006,Purdue,0,24,62,39,22,178,2,1,Penn State,12,50,240,31,14,182,0,1,H,-3.5,-12,-26,-178,8,8,-4,2,0
956,10/28/2006,San Diego State,14,41,149,15,10,157,0,1,Cal-San Luis Obispo,16,51,204,13,4,80,0,1,H, ,-2,-10,-55,2,6,77,0,0
957,10/28/2006,San Jose State,44,58,476,17,11,168,0,0,Louisiana Tech,10,23,36,34,16,181,0,0,H,10,34,35,440,-17,-5,-13,0,0
958,10/28/2006,South Carolina,24,35,165,30,16,230,3,0,Tennessee,31,23,71,29,21,254,0,1,H,-4,-7,12,94,1,-5,-24,3,-1
959,10/28/2006,Southern Cal,31,27,86,39,24,406,1,3,Oregon State,33,35,89,32,21,262,0,0,V,10.5,-2,-8,-3,7,3,144,1,3
960,10/28/2006,Southern Miss,17,28,101,20,13,79,1,0,East Carolina,20,41,102,33,20,197,2,0,H,6,-3,-13,-1,-13,-7,-118,-1,0
961,10/28/2006,Syracuse,3,31,61,29,13,119,0,0,Cincinnati,17,42,147,18,13,205,2,0,V,-6.5,-14,-11,-86,11,0,-86,-2,0
962,10/28/2006,Temple,28,28,94,13,10,162,2,0,Bowling Green,14,46,249,36,19,158,2,1,H,-15.5,14,-18,-155,-23,-9,4,0,-1
963,10/28/2006,Tennessee,31,23,71,29,21,254,0,1,South Carolina,24,35,165,30,16,230,3,0,V,4,7,-12,-94,-1,5,24,-3,1
964,10/28/2006,Texas,35,44,227,31,21,256,1,3,Texas Tech,31,13,-1,62,42,519,1,1,V,10,4,31,228,-31,-21,-263,0,2
965,10/28/2006,Texas A+M,31,48,292,21,12,215,0,0,Baylor,21,24,77,23,14,260,1,0,V,4.5,10,24,215,-2,-2,-45,-1,0
966,10/28/2006,Texas Christian,26,41,188,18,11,244,2,1,Wyoming,3,26,28,28,15,137,1,1,H,8,23,15,160,-10,-4,107,1,0
967,10/28/2006,Texas Tech,31,13,-1,62,42,519,1,1,Texas,35,44,227,31,21,256,1,3,H,-10,-4,-31,-228,31,21,263,0,-2
968,10/28/2006,Toledo,35,50,175,17,9,139,0,1,Akron,20,34,107,29,13,191,2,0,H,-3.5,15,16,68,-12,-4,-52,-2,1
969,10/28/2006,Troy,14,39,142,22,13,101,1,1,North Texas,6,35,83,25,11,147,0,0,H,11,8,4,59,-3,2,-46,1,1
970,10/28/2006,Tulane,42,40,177,46,33,409,0,1,Army,28,23,73,24,16,194,2,0,H,4,14,17,104,22,17,215,-2,1
971,10/28/2006,U-C-F,31,47,248,31,18,282,2,2,Houston,51,33,211,34,22,305,1,0,V,-14.5,-20,14,37,-3,-4,-23,1,2
972,10/28/2006,U.C.L.A.,15,24,74,37,17,252,2,1,Washington State,37,36,110,38,28,405,2,0,H,2.5,-22,-12,-36,-1,-11,-153,0,1
973,10/28/2006,UL-Lafayette,20,30,154,24,12,182,4,2,Middle Tennessee,34,37,101,27,19,244,1,0,H,3,-14,-7,53,-3,-7,-62,3,2
974,10/28/2006,UL-Monroe,10,38,114,26,14,147,5,1,Arkansas,44,40,331,23,10,97,2,1,V,-33,-34,-2,-217,3,4,50,3,0
975,10/28/2006,Utah,45,34,110,24,20,290,0,2,Nevada-Las Vegas,23,29,65,35,25,232,2,1,H,22,22,5,45,-11,-5,58,-2,1
976,10/28/2006,Vanderbilt,45,38,235,29,16,277,0,2,Duke,28,39,253,25,10,106,2,0,V,7.5,17,-1,-18,4,6,171,-2,2
977,10/28/2006,Virginia,14,37,125,22,12,131,0,0,No Carolina State,7,29,70,35,21,220,1,0,H,2,7,8,55,-13,-9,-89,-1,0
978,10/28/2006,Wake Forest,24,40,200,8,7,89,0,0,North Carolina,17,40,134,30,19,236,2,1,V,7.5,7,0,66,-22,-12,-147,-2,-1
979,10/28/2006,Washington,23,35,126,32,14,148,2,0,Arizona State,26,34,190,23,16,170,0,0,H,-1.5,-3,1,-64,9,-2,-22,2,0
980,10/28/2006,Washington State,37,36,110,38,28,405,2,0,U.C.L.A.,15,24,74,37,17,252,2,1,V,-2.5,22,12,36,1,11,153,0,-1
981,10/28/2006,Western Michigan,18,35,178,32,18,150,0,2,Eastern Michigan,15,32,65,39,22,220,2,0,H,13.5,3,3,113,-7,-4,-70,-2,2
982,10/28/2006,Wisconsin,30,41,99,26,15,217,1,1,Illinois,24,41,121,30,13,171,1,1,H,21,6,0,-22,-4,2,46,0,0
983,10/28/2006,Wyoming,3,26,28,28,15,137,1,1,Texas Christian,26,41,188,18,11,244,2,1,V,-8,-23,-15,-160,10,4,-107,-1,0
984,10/29/2006,Connecticut,13,44,188,17,8,67,1,2,Rutgers,24,29,114,24,11,123,1,1,V,-20.5,-11,15,74,-7,-3,-56,0,1
985,10/29/2006,Rutgers,24,29,114,24,11,123,1,1,Connecticut,13,44,188,17,8,67,1,2,H,20.5,11,-15,-74,7,3,56,0,-1
986,10/31/2006,S-M-U,22,26,110,23,18,148,1,1,U-A-B,9,34,89,36,18,133,1,0,H,5.5,13,-8,21,-13,0,15,0,1
987,10/31/2006,U-A-B,9,34,89,36,18,133,1,0,S-M-U,22,26,110,23,18,148,1,1,V,-5.5,-13,8,-21,13,0,-15,0,-1
988,11/01/2006,Boise State,45,47,300,25,19,180,1,0,Fresno State,21,26,102,24,12,121,1,0,H,22.5,24,21,198,1,7,59,0,0
989,11/01/2006,Fresno State,21,26,102,24,12,121,1,0,Boise State,45,47,300,25,19,180,1,0,V,-22.5,-24,-21,-198,-1,-7,-59,0,0
990,11/02/2006,Louisville,44,32,114,26,19,354,0,1,West Virginia,34,50,318,21,13,222,0,3,H,0,10,-18,-204,5,6,132,0,-2
991,11/02/2006,West Virginia,34,50,318,21,13,222,0,3,Louisville,44,32,114,26,19,354,0,1,V,0,-10,18,204,-5,-6,-132,0,2
992,11/03/2006,Air Force,43,63,267,5,2,44,0,1,Army,7,27,131,21,12,116,4,2,V,5,36,36,136,-16,-10,-72,-4,-1
993,11/03/2006,Army,7,27,131,21,12,116,4,2,Air Force,43,63,267,5,2,44,0,1,H,-5,-36,-36,-136,16,10,72,4,1
994,11/04/2006,Akron,35,39,222,25,17,248,1,1,Bowling Green,28,38,176,36,20,192,0,0,H,7.5,7,1,46,-11,-3,56,1,1
995,11/04/2006,Alabama,16,56,208,63,33,304,2,0,Mississippi State,24,65,171,49,18,278,2,2,H,14,-8,-9,37,14,15,26,0,-2
996,11/04/2006,Arizona,27,44,116,17,10,159,1,1,Washington State,17,27,45,33,18,265,0,2,V,-15.5,10,17,71,-16,-8,-106,1,-1
997,11/04/2006,Arizona State,10,34,99,29,9,124,2,0,Oregon State,44,36,121,36,17,282,0,0,V,-2,-34,-2,-22,-7,-8,-158,2,0
998,11/04/2006,Arkansas,26,50,267,20,11,228,2,0,South Carolina,20,15,51,40,22,289,1,0,V,2,6,35,216,-20,-11,-61,1,0
999,11/04/2006,Arkansas State,0,35,88,22,12,89,1,1,Auburn,27,28,148,22,12,251,3,1,V,-34.5,-27,7,-60,0,0,-162,-2,0
1000,11/04/2006,Auburn,27,28,148,22,12,251,3,1,Arkansas State,0,35,88,22,12,89,1,1,H,34.5,27,-7,60,0,0,162,2,0
1001,11/04/2006,Ball State,26,22,47,34,18,250,1,0,Michigan,34,46,352,25,17,155,1,0,V,-33,-8,-24,-305,9,1,95,0,0
1002,11/04/2006,Baylor,21,29,20,30,16,197,1,2,Texas Tech,55,19,175,58,38,507,1,0,V,-17,-34,10,-155,-28,-22,-310,0,2
1003,11/04/2006,Boston College,14,25,28,57,40,402,2,1,Wake Forest,21,27,160,24,15,120,2,0,V,4,-7,-2,-132,33,25,282,0,1
1004,11/04/2006,Bowling Green,28,38,176,36,20,192,0,0,Akron,35,39,222,25,17,248,1,1,V,-7.5,-7,-1,-46,11,3,-56,-1,-1
1005,11/04/2006,Brigham Young,24,37,112,30,22,290,1,0,Colorado State,3,23,26,23,13,125,0,0,V,14.5,21,14,86,7,9,165,1,0
1006,11/04/2006,Buffalo,41,34,176,20,14,193,1,1,Kent State,14,34,103,34,18,195,2,3,H,-17,27,0,73,-14,-4,-2,-1,-2
1007,11/04/2006,California,38,34,167,24,20,266,0,1,U.C.L.A.,24,34,187,40,22,329,2,0,H,17,14,0,-20,-16,-2,-63,-2,1
1008,11/04/2006,Central Michigan,42,32,216,25,19,283,1,0,Temple,26,33,78,36,25,231,0,1,V,20.5,16,-1,138,-11,-6,52,1,-1
1009,11/04/2006,Clemson,12,41,143,27,18,251,0,0,Maryland,13,28,54,35,23,247,1,0,H,18.5,-1,13,89,-8,-5,4,-1,0
1010,11/04/2006,Colorado,21,41,226,17,9,84,0,1,Kansas State,34,38,188,26,22,251,0,0,H,3.5,-13,3,38,-9,-13,-167,0,1
1011,11/04/2006,Colorado State,3,23,26,23,13,125,0,0,Brigham Young,24,37,112,30,22,290,1,0,H,-14.5,-21,-14,-86,-7,-9,-165,-1,0
1012,11/04/2006,Duke,13,33,113,22,15,178,0,1,Navy,38,70,435,5,2,32,0,3,H,-9.5,-25,-37,-322,17,13,146,0,-2
1013,11/04/2006,East Carolina,23,46,170,30,16,135,2,0,U-C-F,10,26,58,34,18,205,2,0,V,4,13,20,112,-4,-2,-70,0,0
1014,11/04/2006,Eastern Michigan,10,33,120,25,13,107,1,0,Ohio,16,51,278,12,7,46,0,0,H,-7,-6,-18,-158,13,6,61,1,0
1015,11/04/2006,Florida,25,33,88,28,19,242,3,0,Vanderbilt,19,23,93,44,27,298,1,0,V,16.5,6,10,-5,-16,-8,-56,2,0
1016,11/04/2006,Florida Atlantic,14,45,103,39,21,267,2,2,Middle Tennessee,35,36,271,11,5,71,1,1,V,-14,-21,9,-168,28,16,196,1,1
1017,11/04/2006,Florida State,33,27,117,31,14,226,0,0,Virginia,0,32,58,32,17,125,2,0,H,13.5,33,-5,59,-1,-3,101,-2,0
1018,11/04/2006,Georgia,20,32,159,29,16,230,3,1,Kentucky,24,42,147,32,23,204,2,1,V,6.5,-4,-10,12,-3,-7,26,1,0
1019,11/04/2006,Georgia Tech,31,43,194,35,13,215,2,0,No Carolina State,23,21,58,53,21,270,0,0,V,4,8,22,136,-18,-8,-55,2,0
1020,11/04/2006,Hawaii,63,13,86,38,23,486,1,0,Utah State,10,42,137,31,17,225,1,3,V,24.5,53,-29,-51,7,6,261,0,-3
1021,11/04/2006,Houston,27,38,227,21,16,244,0,1,Tulsa,10,24,113,34,16,136,1,1,H,-1.5,17,14,114,-13,0,108,-1,0
1022,11/04/2006,Idaho,7,24,93,21,12,116,1,3,Nevada-Reno,45,49,222,27,17,195,1,0,H,-10,-38,-25,-129,-6,-5,-79,0,3
1023,11/04/2006,Illinois,10,22,99,35,14,134,1,1,Ohio State,17,47,116,23,13,108,1,1,H,-26.5,-7,-25,-17,12,1,26,0,0
1024,11/04/2006,Indiana,26,37,165,47,27,335,3,0,Minnesota,63,25,163,33,22,378,0,0,V,-6,-37,12,2,14,5,-43,3,0
1025,11/04/2006,Iowa,7,32,117,27,18,147,2,1,Northwestern,21,41,225,29,19,218,2,0,H,20.5,-14,-9,-108,-2,-1,-71,0,1
1026,11/04/2006,Iowa State,10,30,33,31,16,180,1,3,Kansas,41,46,169,27,20,234,1,3,H,1,-31,-16,-136,4,-4,-54,0,0
1027,11/04/2006,Kansas,41,46,169,27,20,234,1,3,Iowa State,10,31,34,30,15,119,1,3,V,-1,31,15,135,-3,5,115,0,0
1028,11/04/2006,Kansas State,34,38,188,26,22,251,0,0,Colorado,21,40,225,18,10,145,0,1,V,-3.5,13,-2,-37,8,12,106,0,-1
1029,11/04/2006,Kent State,14,34,103,34,18,195,2,3,Buffalo,41,34,176,20,14,193,1,1,V,17,-27,0,-73,14,4,2,1,2
1030,11/04/2006,Kentucky,24,42,147,32,23,204,2,1,Georgia,20,32,159,29,16,230,3,1,H,-6.5,4,10,-12,3,7,-26,-1,0
1031,11/04/2006,Louisiana State,28,45,231,36,24,247,3,1,Tennessee,24,20,62,30,12,186,1,0,V,4,4,25,169,6,12,61,2,1
1032,11/04/2006,Louisiana Tech,34,29,142,32,23,306,0,2,North Texas,31,45,188,26,13,227,3,2,V,-2.5,3,-16,-46,6,10,79,-3,0
1033,11/04/2006,Marshall,42,32,134,33,25,340,2,1,Tulane,21,27,80,46,26,262,2,1,H,6.5,21,5,54,-13,-1,78,0,0
1034,11/04/2006,Maryland,13,28,54,35,23,247,1,0,Clemson,12,41,143,27,18,251,0,0,V,-18.5,1,-13,-89,8,5,-4,1,0
1035,11/04/2006,Miami-Florida,10,27,153,30,14,84,3,0,Virginia Tech,17,40,53,19,5,86,1,0,H,-2.5,-7,-13,100,11,9,-2,2,0
1036,11/04/2006,Miami-Ohio,24,29,93,26,16,282,1,2,Western Michigan,27,46,224,35,23,205,2,0,V,-11.5,-3,-17,-131,-9,-7,77,-1,2
1037,11/04/2006,Michigan,34,46,352,25,17,155,1,0,Ball State,26,22,47,34,18,250,1,0,H,33,8,24,305,-9,-1,-95,0,0
1038,11/04/2006,Michigan State,15,35,144,29,16,161,1,1,Purdue,17,27,77,30,21,286,0,2,H,3,-2,8,67,-1,-5,-125,1,-1
1039,11/04/2006,Middle Tennessee,35,36,271,11,5,71,1,1,Florida Atlantic,14,45,103,39,21,267,2,2,H,14,21,-9,168,-28,-16,-196,-1,-1
1040,11/04/2006,Minnesota,63,25,163,33,22,378,0,0,Indiana,26,37,165,47,27,335,3,0,H,6,37,-12,-2,-14,-5,43,-3,0
1041,11/04/2006,Mississippi,27,34,192,28,16,209,0,1,Northwestern St(LA),7,34,170,18,10,91,0,0,H, ,20,0,22,10,6,118,0,1
1042,11/04/2006,Mississippi State,24,38,131,23,9,143,1,1,Alabama,16,26,101,39,19,187,2,0,V,-14,8,12,30,-16,-10,-44,-1,1
1043,11/04/2006,Missouri,20,32,119,38,20,244,2,1,Nebraska,34,47,183,22,14,236,0,2,V,-7,-14,-15,-64,16,6,8,2,-1
1044,11/04/2006,Navy,38,70,435,5,2,32,0,3,Duke,13,33,113,22,15,181,0,1,V,9.5,25,37,322,-17,-13,-149,0,2
1045,11/04/2006,Nebraska,34,47,183,22,14,236,0,2,Missouri,20,32,119,38,20,244,2,1,H,7,14,15,64,-16,-6,-8,-2,1
1046,11/04/2006,Nevada-Las Vegas,10,24,118,27,10,128,1,0,Texas Christian,25,55,221,28,15,195,0,2,H,-19,-15,-31,-103,-1,-5,-67,1,-2
1047,11/04/2006,Nevada-Reno,45,49,222,27,17,195,1,0,Idaho,7,24,93,21,12,116,1,3,V,10,38,25,129,6,5,79,0,-3
1048,11/04/2006,New Mexico State,21,25,65,49,34,364,0,1,San Jose State,31,50,256,16,9,105,0,1,H,-6,-10,-25,-191,33,25,259,0,0
1049,11/04/2006,No Carolina State,23,21,58,53,21,270,0,0,Georgia Tech,31,43,194,35,13,215,2,0,H,-4,-8,-22,-136,18,8,55,-2,0
1050,11/04/2006,North Carolina,26,25,31,24,14,213,0,0,Notre Dame,45,35,106,37,23,346,0,1,V,-25.5,-19,-10,-75,-13,-9,-133,0,-1
1051,11/04/2006,North Texas,31,45,188,26,13,227,3,2,Louisiana Tech,34,29,142,32,23,306,0,2,H,2.5,-3,16,46,-6,-10,-79,3,0
1052,11/04/2006,Northwestern,21,41,225,29,19,218,2,0,Iowa,7,32,117,27,18,147,2,1,V,-20.5,14,9,108,2,1,71,0,-1
1053,11/04/2006,Notre Dame,45,35,106,37,23,346,0,1,North Carolina,26,25,31,24,14,213,0,0,H,25.5,19,10,75,13,9,133,0,1
1054,11/04/2006,Ohio,16,51,278,12,7,46,0,0,Eastern Michigan,10,33,120,25,13,107,1,0,V,7,6,18,158,-13,-6,-61,-1,0
1055,11/04/2006,Ohio State,17,47,116,23,13,108,1,1,Illinois,10,22,99,35,14,134,1,1,V,26.5,7,25,17,-12,-1,-26,0,0
1056,11/04/2006,Oklahoma,17,45,224,12,3,39,0,2,Texas A+M,16,40,204,18,8,63,1,0,V,3,1,5,20,-6,-5,-24,-1,2
1057,11/04/2006,Oklahoma State,10,21,80,28,11,123,2,1,Texas,36,45,164,29,23,346,0,2,V,-18,-26,-24,-84,-1,-12,-223,2,-1
1058,11/04/2006,Oregon,34,54,316,30,18,138,2,1,Washington,14,21,13,34,15,125,1,0,H,15,20,33,303,-4,3,13,1,1
1059,11/04/2006,Oregon State,44,36,121,36,17,282,0,0,Arizona State,10,34,99,29,9,124,2,0,H,2,34,2,22,7,8,158,-2,0
1060,11/04/2006,Penn State,3,19,36,36,19,165,1,2,Wisconsin,13,45,167,26,16,180,0,2,V,-7,-10,-26,-131,10,3,-15,1,0
1061,11/04/2006,Pittsburgh,12,23,55,23,11,159,3,0,South Florida,22,48,190,26,20,187,2,2,V,4.5,-10,-25,-135,-3,-9,-28,1,-2
1062,11/04/2006,Purdue,17,27,77,30,21,292,0,2,Michigan State,15,35,144,29,16,161,1,1,V,-3,2,-8,-67,1,5,131,-1,1
1063,11/04/2006,Rice,37,48,238,26,19,233,0,1,UTEP,31,18,73,34,16,315,1,0,V,-10,6,30,165,-8,3,-82,-1,1
1064,11/04/2006,San Diego State,24,20,40,21,10,192,1,0,Wyoming,27,54,222,25,15,97,0,1,V,-14.5,-3,-34,-182,-4,-5,95,1,-1
1065,11/04/2006,San Jose State,31,50,256,16,9,105,0,1,New Mexico State,21,25,65,49,34,364,0,1,V,6,10,25,191,-33,-25,-259,0,0
1066,11/04/2006,South Carolina,20,15,51,40,22,289,1,0,Arkansas,26,50,267,20,11,228,2,0,H,-2,-6,-35,-216,20,11,61,-1,0
1067,11/04/2006,South Florida,22,48,190,26,20,187,2,2,Pittsburgh,12,23,55,23,11,159,3,0,H,-4.5,10,25,135,3,9,28,-1,2
1068,11/04/2006,Southern Cal,42,32,108,25,14,247,0,0,Stanford,0,30,30,30,16,178,2,1,V,28.5,42,2,78,-5,-2,69,-2,-1
1069,11/04/2006,Stanford,0,30,30,30,16,178,2,1,Southern Cal,42,32,108,25,14,247,0,0,H,-28.5,-42,-2,-78,5,2,-69,2,1
1070,11/04/2006,Temple,26,33,78,36,25,231,0,1,Central Michigan,42,32,216,25,19,283,1,0,H,-20.5,-16,1,-138,11,6,-52,-1,1
1071,11/04/2006,Tennessee,24,20,62,30,12,186,1,0,Louisiana State,28,45,231,36,24,247,3,1,H,-4,-4,-25,-169,-6,-12,-61,-2,-1
1072,11/04/2006,Texas,36,45,164,29,23,346,0,2,Oklahoma State,10,22,68,27,11,123,2,1,H,18,26,23,96,2,12,223,-2,1
1073,11/04/2006,Texas A+M,16,40,204,18,8,63,1,0,Oklahoma,17,45,224,12,3,39,0,2,H,-3,-1,-5,-20,6,5,24,1,-2
1074,11/04/2006,Texas Christian,25,55,221,28,15,195,0,2,Nevada-Las Vegas,10,24,118,27,10,128,1,0,V,19,15,31,103,1,5,67,-1,2
1075,11/04/2006,Texas Tech,55,20,163,57,38,507,1,0,Baylor,21,29,20,30,16,197,1,2,H,17,34,-9,143,27,22,310,0,-2
1076,11/04/2006,Troy,42,39,208,19,12,153,1,1,UL-Lafayette,28,38,170,30,16,230,1,0,H,2.5,14,1,38,-11,-4,-77,0,1
1077,11/04/2006,Tulane,21,27,80,46,26,262,2,1,Marshall,42,32,134,33,25,340,2,1,V,-6.5,-21,-5,-54,13,1,-78,0,0
1078,11/04/2006,Tulsa,10,24,113,34,16,136,1,1,Houston,27,38,227,21,16,244,0,1,V,1.5,-17,-14,-114,13,0,-108,1,0
1079,11/04/2006,U-C-F,10,26,58,34,18,205,2,0,East Carolina,23,46,170,30,16,135,2,0,H,-4,-13,-20,-112,4,2,70,0,0
1080,11/04/2006,U.C.L.A.,24,34,187,40,22,329,2,0,California,38,34,167,24,20,266,0,1,V,-17,-14,0,20,16,2,63,2,-1
1081,11/04/2006,UL-Lafayette,28,38,170,30,16,230,1,0,Troy,42,39,208,19,12,153,1,1,V,-2.5,-14,-1,-38,11,4,77,0,-1
1082,11/04/2006,UTEP,31,18,73,34,16,315,1,0,Rice,37,48,238,26,19,233,0,1,H,10,-6,-30,-165,8,-3,82,1,-1
1083,11/04/2006,Utah State,10,42,137,31,17,225,1,3,Hawaii,63,13,86,38,23,486,1,0,H,-24.5,-53,29,51,-7,-6,-261,0,3
1084,11/04/2006,Vanderbilt,19,23,93,44,27,298,1,0,Florida,25,33,88,28,19,239,3,0,H,-16.5,-6,-10,5,16,8,59,-2,0
1085,11/04/2006,Virginia,0,32,58,32,17,125,2,0,Florida State,33,27,117,31,14,226,0,0,V,-13.5,-33,5,-59,1,3,-101,2,0
1086,11/04/2006,Virginia Tech,17,40,53,19,5,86,1,0,Miami-Florida,10,27,153,30,14,84,3,0,V,2.5,7,13,-100,-11,-9,2,-2,0
1087,11/04/2006,Wake Forest,21,27,160,24,15,120,2,0,Boston College,14,25,28,57,40,402,2,1,H,-4,7,2,132,-33,-25,-282,0,-1
1088,11/04/2006,Washington,14,21,13,34,15,125,1,0,Oregon,34,54,316,30,18,138,2,1,V,-15,-20,-33,-303,4,-3,-13,-1,-1
1089,11/04/2006,Washington State,17,27,45,33,18,265,0,2,Arizona,27,44,116,17,10,159,1,1,H,15.5,-10,-17,-71,16,8,106,-1,1
1090,11/04/2006,Western Michigan,27,46,224,35,23,205,2,0,Miami-Ohio,24,29,93,26,16,282,1,2,H,11.5,3,17,131,9,7,-77,1,-2
1091,11/04/2006,Wisconsin,13,45,167,26,16,174,0,2,Penn State,3,19,36,36,19,165,1,2,H,7,10,26,131,-10,-3,9,-1,0
1092,11/04/2006,Wyoming,27,54,222,25,15,97,0,1,San Diego State,24,20,40,21,10,192,1,0,H,14.5,3,34,182,4,5,-95,-1,1
1093,11/05/2006,Memphis,21,32,158,34,12,151,0,0,Southern Miss,42,40,254,25,15,232,0,0,H,-6.5,-21,-8,-96,9,-3,-81,0,0
1094,11/05/2006,Southern Miss,42,40,254,25,15,232,0,0,Memphis,21,32,158,34,12,151,0,0,V,6.5,21,8,96,-9,3,81,0,0
1095,11/07/2006,Northern Illinois,13,22,23,47,20,244,1,1,Toledo,17,49,238,21,8,49,1,0,H,12.5,-4,-27,-215,26,12,195,0,1
1096,11/07/2006,Toledo,17,49,238,21,8,49,1,0,Northern Illinois,13,22,23,47,20,244,1,1,V,-12.5,4,27,215,-26,-12,-195,0,-1
1097,11/09/2006,Akron,31,37,144,21,14,274,0,1,Buffalo,16,36,98,24,15,150,1,1,H,16.5,15,1,46,-3,-1,124,-1,0
1098,11/09/2006,Brigham Young,55,43,141,26,20,313,0,0,Wyoming,7,23,144,28,14,102,2,0,H,17.5,48,20,-3,-2,6,211,-2,0
1099,11/09/2006,Buffalo,16,36,98,24,15,150,1,1,Akron,31,37,144,21,14,274,0,1,V,-16.5,-15,-1,-46,3,1,-124,1,0
1100,11/09/2006,Louisville,25,39,103,27,13,163,1,0,Rutgers,28,30,143,21,8,189,1,0,V,6.5,-3,9,-40,6,5,-26,0,0
1101,11/09/2006,Rutgers,28,30,143,21,8,189,1,0,Louisville,25,39,103,27,13,163,1,0,H,-6.5,3,-9,40,-6,-5,26,0,0
1102,11/09/2006,Wyoming,7,23,144,28,14,102,2,0,Brigham Young,55,43,141,26,20,313,0,0,V,-17.5,-48,-20,3,2,-6,-211,2,0
1103,11/10/2006,Central Michigan,31,35,142,27,17,163,1,0,Western Michigan,7,38,175,23,12,59,1,2,H,6.5,24,-3,-33,4,5,104,0,-2
1104,11/10/2006,U-A-B,17,31,94,27,16,266,2,1,UTEP,36,23,9,39,24,447,0,1,H,2.5,-19,8,85,-12,-8,-181,2,0
1105,11/10/2006,UTEP,36,23,9,39,24,447,0,1,U-A-B,17,31,94,27,16,266,2,1,V,-2.5,19,-8,-85,12,8,181,-2,0
1106,11/10/2006,Western Michigan,7,38,175,23,12,59,1,2,Central Michigan,31,35,142,27,17,163,1,0,V,-6.5,-24,3,33,-4,-5,-104,0,2
1107,11/11/2006,Air Force,17,60,200,19,14,205,0,0,Notre Dame,39,27,176,19,14,207,0,0,H,-11,-22,33,24,0,0,-2,0,0
1108,11/11/2006,Alabama,14,28,78,36,22,291,1,1,Louisiana State,28,34,211,21,18,207,0,0,V,-17.5,-14,-6,-133,15,4,84,1,1
1109,11/11/2006,Arizona,24,33,60,34,17,202,0,0,California,20,23,106,36,17,250,3,0,H,-14,4,10,-46,-2,0,-48,-3,0
1110,11/11/2006,Arizona State,47,49,196,29,16,366,1,1,Washington State,14,19,27,32,15,165,2,0,H,3,33,30,169,-3,1,201,-1,1
1111,11/11/2006,Arkansas,31,45,259,16,11,166,0,1,Tennessee,14,29,92,34,16,174,1,0,H,5,17,16,167,-18,-5,-8,-1,1
1112,11/11/2006,Arkansas State,10,45,162,35,14,146,1,0,Middle Tennessee,38,37,211,14,11,134,0,0,H,-3.5,-28,8,-49,21,3,12,1,0
1113,11/11/2006,Auburn,15,25,136,12,4,35,4,0,Georgia,37,46,227,20,14,219,0,3,H,11.5,-22,-21,-91,-8,-10,-184,4,-3
1114,11/11/2006,Baylor,24,21,93,41,24,262,3,3,Oklahoma State,66,54,387,15,13,123,0,0,V,-17,-42,-33,-294,26,11,139,3,3
1115,11/11/2006,Boise State,23,44,160,20,14,181,1,0,San Jose State,20,27,75,23,17,173,0,0,V,14,3,17,85,-3,-3,8,1,0
1116,11/11/2006,Boston College,28,42,241,40,25,260,1,1,Duke,7,31,170,40,20,131,2,0,H,29,21,11,71,0,5,129,-1,1
1117,11/11/2006,California,20,23,106,36,17,250,3,0,Arizona,24,33,60,34,17,202,0,0,V,14,-4,-10,46,2,0,48,3,0
1118,11/11/2006,Cincinnati,24,31,57,41,23,310,3,1,West Virginia,42,38,313,14,8,98,0,0,V,-19,-18,-7,-256,27,15,212,3,1
1119,11/11/2006,Clemson,20,39,223,24,15,146,2,1,No Carolina State,14,45,178,25,10,95,2,0,H,18.5,6,-6,45,-1,5,51,0,1
1120,11/11/2006,Colorado,33,38,263,19,13,200,0,0,Iowa State,16,30,102,29,18,209,0,0,H,8.5,17,8,161,-10,-5,-9,0,0
1121,11/11/2006,Colorado State,22,34,148,33,15,235,2,0,Utah,35,42,205,34,21,321,1,0,V,-11.5,-13,-8,-57,-1,-6,-86,1,0
1122,11/11/2006,Connecticut,46,62,317,29,20,164,0,1,Pittsburgh,45,41,180,25,20,234,0,0,H,-7,1,21,137,4,0,-70,0,1
1123,11/11/2006,Duke,7,31,170,40,20,131,2,0,Boston College,28,42,241,40,25,260,1,1,V,-29,-21,-11,-71,0,-5,-129,1,-1
1124,11/11/2006,East Carolina,33,40,74,31,23,310,0,2,Marshall,20,14,35,46,25,305,1,2,H,8,13,26,39,-15,-2,5,-1,0
1125,11/11/2006,Eastern Michigan,21,29,138,37,24,220,2,1,Navy,49,56,323,9,7,151,0,2,H,-15,-28,-27,-185,28,17,69,2,-1
1126,11/11/2006,Florida,17,32,147,29,19,254,1,0,South Carolina,16,28,135,34,24,275,0,0,H,13,1,4,12,-5,-5,-21,1,0
1127,11/11/2006,Florida Atlantic,17,27,35,37,24,312,2,0,Troy,24,39,129,29,20,325,1,1,H,-3,-7,-12,-94,8,4,-13,1,-1
1128,11/11/2006,Florida Intl,0,21,10,36,19,200,1,2,UL-Monroe,35,47,162,18,15,184,0,2,H,3,-35,-26,-152,18,4,16,1,0
1129,11/11/2006,Florida State,0,23,26,28,9,113,4,0,Wake Forest,30,46,169,20,13,138,0,0,H,10,-30,-23,-143,8,-4,-25,4,0
1130,11/11/2006,Fresno State,23,41,164,19,11,99,0,0,New Mexico State,18,22,9,51,39,367,0,4,H,14,5,19,155,-32,-28,-268,0,-4
1131,11/11/2006,Georgia,37,46,227,20,14,219,0,3,Auburn,15,25,136,12,4,35,4,0,V,-11.5,22,21,91,8,10,184,-4,3
1132,11/11/2006,Georgia Tech,7,44,143,24,10,78,1,1,North Carolina,0,23,60,34,13,156,2,0,V,13.5,7,21,83,-10,-3,-78,-1,1
1133,11/11/2006,Hawaii,61,12,112,44,30,506,1,1,Louisiana Tech,17,41,135,38,17,225,2,0,H,37.5,44,-29,-23,6,13,281,-1,1
1134,11/11/2006,Houston,37,48,357,21,12,147,0,1,S-M-U,27,35,44,36,23,299,0,2,V,3.5,10,13,313,-15,-11,-152,0,-1
1135,11/11/2006,Illinois,31,42,316,29,8,95,1,4,Purdue,42,38,202,42,20,229,1,1,H,3,-11,4,114,-13,-12,-134,0,3
1136,11/11/2006,Indiana,3,20,26,33,16,105,1,0,Michigan,34,46,208,16,12,168,1,0,H,-19,-31,-26,-182,17,4,-63,0,0
1137,11/11/2006,Iowa,21,19,134,31,10,170,1,0,Wisconsin,24,44,143,24,17,228,0,2,H,-1,-3,-25,-9,7,-7,-58,1,-2
1138,11/11/2006,Iowa State,16,30,102,29,18,209,0,0,Colorado,33,38,263,19,13,200,0,0,V,-8.5,-17,-8,-161,10,5,9,0,0
1139,11/11/2006,Kansas State,45,25,23,34,22,323,1,1,Texas,42,45,143,35,17,241,0,2,H,-16,3,-20,-120,-1,5,82,1,-1
1140,11/11/2006,Kent State,0,34,84,16,6,98,1,2,Virginia Tech,23,36,73,22,12,141,0,1,V,-30.5,-23,-2,11,-6,-6,-43,1,1
1141,11/11/2006,Kentucky,38,37,147,43,29,450,0,1,Vanderbilt,26,30,175,37,23,446,2,2,H,1,12,7,-28,6,6,4,-2,-1
1142,11/11/2006,Louisiana State,28,34,211,21,18,207,0,0,Alabama,14,28,78,36,22,291,1,1,H,17.5,14,6,133,-15,-4,-84,-1,-1
1143,11/11/2006,Louisiana Tech,17,41,135,38,17,225,2,0,Hawaii,61,12,112,44,30,506,1,1,V,-37.5,-44,29,23,-6,-13,-281,1,-1
1144,11/11/2006,Marshall,20,14,35,46,25,305,1,2,East Carolina,33,40,74,31,23,310,0,2,V,-8,-13,-26,-39,15,2,-5,1,0
1145,11/11/2006,Maryland,14,21,61,16,11,202,0,0,Miami-Florida,13,46,180,27,14,140,1,1,H,3,1,-25,-119,-11,-3,62,-1,-1
1146,11/11/2006,Memphis,24,19,78,43,28,287,0,0,U-C-F,26,44,148,28,19,319,0,0,H,-3,-2,-25,-70,15,9,-32,0,0
1147,11/11/2006,Miami-Florida,13,46,180,27,14,140,1,1,Maryland,14,21,56,16,11,202,0,0,V,-3,-1,25,124,11,3,-62,1,1
1148,11/11/2006,Michigan,34,46,208,16,12,168,1,0,Indiana,3,20,26,33,16,105,1,0,V,19,31,26,182,-17,-4,63,0,0
1149,11/11/2006,Michigan State,18,28,3,53,28,341,2,1,Minnesota,31,33,122,29,16,243,0,0,H,0,-13,-5,-119,24,12,98,2,1
1150,11/11/2006,Middle Tennessee,38,37,211,14,11,134,0,0,Arkansas State,10,45,162,35,14,146,1,0,V,3.5,28,-8,49,-21,-3,-12,-1,0
1151,11/11/2006,Minnesota,31,33,122,29,16,243,0,0,Michigan State,18,28,3,53,28,341,2,1,V,0,13,5,119,-24,-12,-98,-2,-1
1152,11/11/2006,Navy,49,56,323,9,7,151,0,2,Eastern Michigan,21,29,138,37,24,220,2,1,V,15,28,27,185,-28,-17,-69,-2,1
1153,11/11/2006,Nebraska,28,38,123,36,21,267,1,0,Texas A+M,27,27,155,32,19,288,0,0,V,1,1,11,-32,4,2,-21,1,0
1154,11/11/2006,Nevada-Las Vegas,7,28,39,39,20,211,2,0,San Diego State,21,47,170,21,16,136,1,1,V,-10,-14,-19,-131,18,4,75,1,-1
1155,11/11/2006,Nevada-Reno,42,44,202,20,12,140,0,2,Utah State,0,38,125,21,9,82,3,0,H,28.5,42,6,77,-1,3,58,-3,2
1156,11/11/2006,New Mexico,21,40,102,25,15,183,1,2,Texas Christian,27,35,167,16,6,25,0,1,H,-5,-6,5,-65,9,9,158,1,1
1157,11/11/2006,New Mexico State,18,22,9,51,39,367,0,4,Fresno State,23,41,164,19,11,99,0,0,V,-14,-5,-19,-155,32,28,268,0,4
1158,11/11/2006,No Carolina State,14,45,178,25,10,95,2,0,Clemson,20,39,223,24,15,146,2,1,V,-18.5,-6,6,-45,1,-5,-51,0,-1
1159,11/11/2006,North Carolina,0,23,55,34,13,156,2,0,Georgia Tech,7,44,143,24,10,78,1,1,H,-13.5,-7,-21,-88,10,3,78,1,-1
1160,11/11/2006,North Texas,16,49,119,16,9,128,1,0,UL-Lafayette,7,32,40,29,17,168,0,1,V,-10,9,17,79,-13,-8,-40,1,-1
1161,11/11/2006,Northwestern,10,24,68,36,21,229,2,3,Ohio State,54,44,231,24,14,194,1,1,H,-23,-44,-20,-163,12,7,35,1,2
1162,11/11/2006,Notre Dame,39,27,176,19,14,207,0,0,Air Force,17,60,200,19,14,205,0,0,V,11,22,-33,-24,0,0,2,0,0
1163,11/11/2006,Ohio State,54,44,231,24,14,194,1,1,Northwestern,10,24,68,36,21,229,2,3,V,23,44,20,163,-12,-7,-35,-1,-2
1164,11/11/2006,Oklahoma,34,36,139,31,24,309,1,3,Texas Tech,24,11,31,48,26,250,1,0,H,8.5,10,25,108,-17,-2,59,0,3
1165,11/11/2006,Oklahoma State,66,54,387,15,13,123,0,0,Baylor,24,21,93,41,24,262,3,3,H,17,42,33,294,-26,-11,-139,-3,-3
1166,11/11/2006,Oregon,10,40,102,48,30,256,1,1,Southern Cal,35,28,167,27,16,176,3,0,V,-9.5,-25,12,-65,21,14,80,-2,1
1167,11/11/2006,Oregon State,7,34,85,29,17,175,0,4,U.C.L.A.,25,36,136,23,12,126,1,1,V,-1.5,-18,-2,-51,6,5,49,-1,3
1168,11/11/2006,Penn State,47,33,212,30,17,199,1,0,Temple,0,29,16,19,8,58,1,2,H,36,47,4,196,11,9,141,0,-2
1169,11/11/2006,Pittsburgh,45,41,180,25,20,234,0,0,Connecticut,46,62,317,29,20,164,0,1,V,7,-1,-21,-137,-4,0,70,0,-1
1170,11/11/2006,Purdue,42,38,202,42,20,229,1,1,Illinois,31,42,316,29,8,95,1,4,V,-3,11,-4,-114,13,12,134,0,-3
1171,11/11/2006,Rice,41,33,147,37,14,209,0,0,Tulsa,38,52,260,29,17,308,1,3,V,-14.5,3,-19,-113,8,-3,-99,-1,-3
1172,11/11/2006,S-M-U,27,35,44,36,23,299,0,2,Houston,37,48,357,21,12,147,0,1,H,-3.5,-10,-13,-313,15,11,152,0,1
1173,11/11/2006,San Diego State,21,47,141,21,16,136,1,1,Nevada-Las Vegas,7,26,39,39,20,211,2,0,H,10,14,21,102,-18,-4,-75,-1,1
1174,11/11/2006,San Jose State,20,27,75,23,17,173,0,0,Boise State,23,44,160,20,14,181,1,0,H,-14,-3,-17,-85,3,3,-8,-1,0
1175,11/11/2006,South Carolina,16,28,135,34,24,275,0,0,Florida,17,32,147,29,19,254,1,0,V,-13,-1,-4,-12,5,5,21,-1,0
1176,11/11/2006,South Florida,27,40,150,35,25,364,1,2,Syracuse,10,39,76,32,15,174,1,2,H,10,17,1,74,3,10,190,0,0
1177,11/11/2006,Southern Cal,35,28,167,27,16,176,3,0,Oregon,10,40,102,48,30,256,1,1,H,9.5,25,-12,65,-21,-14,-80,2,-1
1178,11/11/2006,Southern Miss,31,50,226,25,17,167,0,1,Tulane,3,32,43,16,4,42,1,1,V,6,28,18,183,9,13,125,-1,0
1179,11/11/2006,Stanford,20,35,20,20,11,206,0,0,Washington,3,28,39,44,11,122,3,0,V,-18.5,17,7,-19,-24,0,84,-3,0
1180,11/11/2006,Syracuse,10,39,76,32,15,174,1,2,South Florida,27,40,150,35,25,364,1,2,V,-10,-17,-1,-74,-3,-10,-190,0,0
1181,11/11/2006,Temple,0,29,16,19,8,58,1,2,Penn State,47,33,212,30,17,199,1,0,V,-36,-47,-4,-196,-11,-9,-141,0,2
1182,11/11/2006,Tennessee,14,29,92,34,16,174,1,0,Arkansas,31,45,259,16,11,166,0,1,V,-5,-17,-16,-167,18,5,8,1,-1
1183,11/11/2006,Texas,42,45,143,35,17,241,0,2,Kansas State,45,25,23,34,22,323,1,1,V,16,-3,20,120,1,-5,-82,-1,1
1184,11/11/2006,Texas A+M,27,27,155,32,19,288,0,0,Nebraska,28,38,123,36,21,267,1,0,H,-1,-1,-11,32,-4,-2,21,-1,0
1185,11/11/2006,Texas Christian,27,35,196,16,6,25,0,1,New Mexico,21,42,102,25,15,183,1,2,V,5,6,-7,94,-9,-9,-158,-1,-1
1186,11/11/2006,Texas Tech,24,11,31,48,26,250,1,0,Oklahoma,34,36,139,31,24,309,1,3,V,-8.5,-10,-25,-108,17,2,-59,0,-3
1187,11/11/2006,Troy,24,39,129,29,20,325,1,1,Florida Atlantic,17,27,35,37,24,312,2,0,V,3,7,12,94,-8,-4,13,-1,1
1188,11/11/2006,Tulane,3,32,43,16,4,42,1,1,Southern Miss,31,50,226,25,17,167,0,1,H,-6,-28,-18,-183,-9,-13,-125,1,0
1189,11/11/2006,Tulsa,38,52,260,29,17,308,1,3,Rice,41,33,147,37,14,209,0,0,H,14.5,-3,19,113,-8,3,99,1,3
1190,11/11/2006,U-C-F,26,44,148,28,19,319,0,0,Memphis,24,19,78,43,28,287,0,0,V,3,2,25,70,-15,-9,32,0,0
1191,11/11/2006,U.C.L.A.,25,36,136,23,12,126,1,1,Oregon State,7,34,85,29,17,175,0,4,H,1.5,18,2,51,-6,-5,-49,1,-3
1192,11/11/2006,UL-Lafayette,7,32,40,29,17,168,0,1,North Texas,16,49,119,16,9,128,1,0,H,10,-9,-17,-79,13,8,40,-1,1
1193,11/11/2006,UL-Monroe,35,47,162,18,15,184,0,2,Florida Intl,0,21,10,36,19,200,1,2,V,-3,35,26,152,-18,-4,-16,-1,0
1194,11/11/2006,Utah,35,42,205,34,21,321,1,0,Colorado State,22,34,148,33,15,235,2,0,H,11.5,13,8,57,1,6,86,-1,0
1195,11/11/2006,Utah State,0,38,125,21,9,82,3,0,Nevada-Reno,42,44,202,20,12,140,0,2,V,-28.5,-42,-6,-77,1,-3,-58,3,-2
1196,11/11/2006,Vanderbilt,26,30,175,37,23,446,2,2,Kentucky,38,37,147,43,29,450,0,1,V,-1,-12,-7,28,-6,-6,-4,2,1
1197,11/11/2006,Virginia Tech,23,36,73,22,12,141,0,1,Kent State,0,34,84,16,6,98,1,2,H,30.5,23,2,-11,6,6,43,-1,-1
1198,11/11/2006,Wake Forest,30,46,169,20,13,138,0,0,Florida State,0,23,26,28,9,113,4,0,V,-10,30,23,143,-8,4,25,-4,0
1199,11/11/2006,Washington,3,28,39,44,11,122,3,0,Stanford,20,35,20,20,11,206,0,0,H,18.5,-17,-7,19,24,0,-84,3,0
1200,11/11/2006,Washington State,14,19,27,32,15,165,2,0,Arizona State,47,49,196,29,16,366,1,1,V,-3,-33,-30,-169,3,-1,-201,1,-1
1201,11/11/2006,West Virginia,42,38,313,14,8,98,0,0,Cincinnati,24,31,57,41,23,310,3,1,H,19,18,7,256,-27,-15,-212,-3,-1
1202,11/11/2006,Wisconsin,24,44,143,24,17,228,0,2,Iowa,21,19,134,31,10,170,1,0,V,1,3,25,9,-7,7,58,-1,2
1203,11/14/2006,Ball State,20,34,144,31,15,212,0,0,Toledo,17,40,226,27,14,152,0,1,V,-4.5,3,-6,-82,4,1,60,0,-1
1204,11/14/2006,Toledo,17,40,226,27,14,152,0,1,Ball State,20,34,144,31,15,212,0,0,H,4.5,-3,6,82,-4,-1,-60,0,1
1205,11/15/2006,Bowling Green,7,33,129,24,13,131,0,0,Miami-Ohio,9,37,73,24,12,130,0,1,H,4,-2,-4,56,0,1,1,0,-1
1206,11/15/2006,Miami-Ohio,9,37,73,24,12,130,0,1,Bowling Green,7,33,129,24,13,131,0,0,V,-4,2,4,-56,0,-1,-1,0,1
1207,11/16/2006,Akron,7,21,-4,46,21,227,2,1,Ohio,17,50,208,15,6,49,0,3,V,-6,-10,-29,-212,31,15,178,2,-2
1208,11/16/2006,Ohio,17,50,208,15,6,49,0,3,Akron,7,21,-4,46,21,227,2,1,H,6,10,29,212,-31,-15,-178,-2,2
1209,11/16/2006,Pittsburgh,27,19,-1,37,28,341,0,0,West Virginia,45,47,437,16,11,204,0,0,H,-10,-18,-28,-438,21,17,137,0,0
1210,11/16/2006,West Virginia,45,47,437,16,11,204,0,0,Pittsburgh,27,19,-1,37,28,341,0,0,V,10,18,28,438,-21,-17,-137,0,0
1211,11/17/2006,Central Michigan,10,22,104,42,25,217,2,1,Northern Illinois,31,39,215,27,17,185,1,0,V,3,-21,-17,-111,15,8,32,1,1
1212,11/17/2006,Eastern Michigan,6,28,68,34,15,174,4,1,Kent State,14,41,129,18,9,188,1,0,V,-11,-8,-13,-61,16,6,-14,3,1
1213,11/17/2006,Kent State,14,41,129,18,9,188,1,0,Eastern Michigan,6,28,68,34,15,174,4,1,H,11,8,13,61,-16,-6,14,-3,-1
1214,11/17/2006,Northern Illinois,31,39,215,27,17,185,1,0,Central Michigan,10,22,104,42,25,217,2,1,H,-3,21,17,111,-15,-8,-32,-1,-1
1215,11/18/2006,Air Force,14,41,116,22,16,218,0,0,Utah,17,35,119,38,24,236,0,0,H,1,-3,6,-3,-16,-8,-18,0,0
1216,11/18/2006,Alabama,15,30,112,33,18,252,1,3,Auburn,22,40,124,14,6,137,0,1,H,-3,-7,-10,-12,19,12,115,1,2
1217,11/18/2006,Arizona,37,45,230,14,9,133,0,0,Oregon,10,26,163,45,25,183,4,2,V,-14.5,27,19,67,-31,-16,-50,-4,-2
1218,11/18/2006,Arizona State,12,37,115,30,11,149,1,0,U.C.L.A.,24,30,87,24,14,187,0,0,H,5.5,-12,7,28,6,-3,-38,1,0
1219,11/18/2006,Arkansas,28,38,128,18,9,128,1,0,Mississippi State,14,30,154,36,15,201,2,0,V,14.5,14,8,-26,-18,-6,-73,-1,0
1220,11/18/2006,Arkansas State,33,51,233,26,13,188,0,0,Troy,26,26,88,30,19,267,2,1,V,-9.5,7,25,145,-4,-6,-79,-2,-1
1221,11/18/2006,Army,9,36,58,21,8,92,2,1,Notre Dame,41,35,221,30,22,218,1,1,V,-29.5,-32,1,-163,-9,-14,-126,1,0
1222,11/18/2006,Auburn,22,40,124,14,6,137,0,1,Alabama,15,30,112,33,18,252,1,3,V,3,7,10,12,-19,-12,-115,-1,-2
1223,11/18/2006,Baylor,10,20,-48,45,22,188,2,0,Oklahoma,36,41,236,19,12,178,1,4,H,-21.5,-26,-21,-284,26,10,10,1,-4
1224,11/18/2006,Boise State,49,41,231,27,25,257,0,2,Utah State,10,30,90,19,9,98,1,0,H,39.5,39,11,141,8,16,159,-1,2
1225,11/18/2006,Boston College,38,30,124,29,19,249,0,0,Maryland,16,29,73,43,28,258,2,2,H,8,22,1,51,-14,-9,-9,-2,-2
1226,11/18/2006,Brigham Young,42,32,189,42,28,464,2,0,New Mexico,17,31,173,39,22,245,2,1,H,27,25,1,16,3,6,219,0,-1
1227,11/18/2006,Buffalo,3,28,52,23,6,107,1,3,Wisconsin,35,42,128,27,16,308,1,2,V,-38,-32,-14,-76,-4,-10,-201,0,1
1228,11/18/2006,California,9,26,99,38,17,176,2,1,Southern Cal,23,31,120,31,18,238,0,0,V,-5.5,-14,-5,-21,7,-1,-62,2,1
1229,11/18/2006,Cincinnati,30,46,125,15,11,277,0,3,Rutgers,11,21,50,42,21,238,4,0,H,-7,19,25,75,-27,-10,39,-4,3
1230,11/18/2006,Connecticut,14,39,70,33,21,196,3,0,Syracuse,20,39,163,19,9,143,0,1,V,-1.5,-6,0,-93,14,12,53,3,-1
1231,11/18/2006,Duke,21,26,41,33,19,237,2,2,Georgia Tech,49,42,214,25,13,248,2,0,V,-24,-28,-16,-173,8,6,-11,0,2
1232,11/18/2006,East Carolina,17,35,218,17,10,83,2,0,Rice,18,37,179,45,23,279,2,0,V,3,-1,-2,39,-28,-13,-196,0,0
1233,11/18/2006,Florida,62,34,282,24,19,300,0,0,Western Carolina,0,28,24,12,5,35,0,0,H, ,62,6,258,12,14,265,0,0
1234,11/18/2006,Florida Atlantic,17,38,132,25,12,107,0,0,North Texas,16,40,254,18,11,84,3,1,V,-4,1,-2,-122,7,1,23,-3,-1
1235,11/18/2006,Florida Intl,7,19,53,32,17,137,1,0,UL-Lafayette,17,55,270,20,8,84,1,1,H,-3,-10,-36,-217,12,9,53,0,-1
1236,11/18/2006,Florida State,28,28,73,23,14,178,0,2,Western Michigan,20,30,33,50,27,229,2,0,H,19,8,-2,40,-27,-13,-51,-2,2
1237,11/18/2006,Fresno State,34,42,290,23,14,109,2,0,Idaho,0,30,107,30,10,92,1,0,H,12.5,34,12,183,-7,4,17,1,0
1238,11/18/2006,Georgia Tech,49,42,214,25,13,248,2,0,Duke,21,26,41,33,19,237,2,2,H,24,28,16,173,-8,-6,11,0,-2
1239,11/18/2006,Hawaii,54,26,151,40,29,417,1,1,San Jose State,17,38,82,17,7,110,1,2,H,24.5,37,-12,69,23,22,307,0,-1
1240,11/18/2006,Houston,23,49,205,24,19,166,0,2,Memphis,20,35,135,27,13,114,2,1,V,16,3,14,70,-3,6,52,-2,1
1241,11/18/2006,Idaho,0,30,107,30,10,92,1,0,Fresno State,34,42,290,23,14,109,2,0,V,-12.5,-34,-12,-183,7,-4,-17,-1,0
1242,11/18/2006,Illinois,16,26,214,18,4,65,0,3,Northwestern,27,52,95,30,22,269,0,2,V,1,-11,-26,119,-12,-18,-204,0,1
1243,11/18/2006,Indiana,19,31,215,42,26,290,0,4,Purdue,28,39,175,32,18,260,4,1,V,-13,-9,-8,40,10,8,30,-4,3
1244,11/18/2006,Iowa,24,36,182,38,27,364,4,1,Minnesota,34,42,192,30,18,267,1,0,V,-3.5,-10,-6,-10,8,9,97,3,1
1245,11/18/2006,Iowa State,21,48,196,27,15,153,1,0,Missouri,16,24,90,44,29,310,0,1,H,-13.5,5,24,106,-17,-14,-157,1,-1
1246,11/18/2006,Kansas,39,36,247,23,11,108,2,2,Kansas State,20,30,118,44,23,244,3,3,H,3,19,6,129,-21,-12,-136,-1,-1
1247,11/18/2006,Kansas State,20,30,118,44,23,244,3,3,Kansas,39,36,247,23,11,108,2,2,V,-3,-19,-6,-129,21,12,136,1,1
1248,11/18/2006,Kentucky,42,29,98,35,25,359,0,1,UL-Monroe,40,57,351,19,10,150,1,0,H,18,2,-28,-253,16,15,209,-1,1
1249,11/18/2006,Louisiana State,23,32,91,35,19,217,0,1,Mississippi,20,44,100,20,9,95,0,1,H,28.5,3,-12,-9,15,10,122,0,0
1250,11/18/2006,Louisiana Tech,0,33,163,27,14,168,2,2,Nevada-Reno,42,42,213,23,13,196,1,1,H,-16.5,-42,-9,-50,4,1,-28,1,1
1251,11/18/2006,Louisville,31,36,172,33,19,274,0,1,South Florida,8,30,49,32,15,237,1,0,H,19,23,6,123,1,4,37,-1,1
1252,11/18/2006,Marshall,49,48,259,15,5,135,1,1,UTEP,21,22,25,47,33,376,3,2,H,3,28,26,234,-32,-28,-241,-2,-1
1253,11/18/2006,Maryland,16,29,73,43,28,258,2,2,Boston College,38,30,124,29,19,249,0,0,V,-8,-22,-1,-51,14,9,9,2,2
1254,11/18/2006,Memphis,20,35,135,27,13,114,2,1,Houston,23,49,205,24,19,166,0,2,H,-16,-3,-14,-70,3,-6,-52,2,-1
1255,11/18/2006,Miami-Florida,7,29,111,18,11,152,1,1,Virginia,17,42,132,33,23,217,0,0,V,3.5,-10,-13,-21,-15,-12,-65,1,1
1256,11/18/2006,Michigan,39,30,130,35,21,267,0,0,Ohio State,42,29,187,41,29,316,1,2,V,-7,-3,1,-57,-6,-8,-49,-1,-2
1257,11/18/2006,Michigan State,13,15,14,62,30,291,0,0,Penn State,17,39,105,37,17,220,0,4,V,-18.5,-4,-24,-91,25,13,71,0,-4
1258,11/18/2006,Middle Tennessee,7,32,81,19,6,119,0,0,South Carolina,52,28,154,29,22,391,0,1,V,-16,-45,4,-73,-10,-16,-272,0,-1
1259,11/18/2006,Minnesota,34,42,192,30,18,267,1,0,Iowa,24,36,182,38,27,364,4,1,H,3.5,10,6,10,-8,-9,-97,-3,-1
1260,11/18/2006,Mississippi,20,44,100,20,9,95,0,1,Louisiana State,23,32,91,35,19,217,0,1,V,-28.5,-3,12,9,-15,-10,-122,0,0
1261,11/18/2006,Mississippi State,14,30,154,36,15,201,2,0,Arkansas,28,38,128,18,9,128,1,0,H,-14.5,-14,-8,26,18,6,73,1,0
1262,11/18/2006,Missouri,16,24,90,44,29,310,0,1,Iowa State,21,48,196,27,15,153,1,0,V,13.5,-5,-24,-106,17,14,157,-1,1
1263,11/18/2006,Navy,42,56,420,8,3,35,1,1,Temple,6,27,13,33,20,216,2,0,H,34,36,29,407,-25,-17,-181,-1,1
1264,11/18/2006,Nevada-Las Vegas,26,23,59,37,19,162,1,2,Wyoming,34,39,89,27,19,197,2,0,H,-9,-8,-16,-30,10,0,-35,-1,2
1265,11/18/2006,Nevada-Reno,42,42,213,23,13,196,1,1,Louisiana Tech,0,33,163,27,14,168,2,2,V,16.5,42,9,50,-4,-1,28,-1,-1
1266,11/18/2006,New Mexico,17,31,173,39,22,245,2,1,Brigham Young,42,32,189,42,28,464,2,0,V,-27,-25,-1,-16,-3,-6,-219,0,1
1267,11/18/2006,No Carolina State,9,27,80,41,22,261,3,1,North Carolina,23,41,123,15,8,137,0,1,V,3,-14,-14,-43,26,14,124,3,0
1268,11/18/2006,North Carolina,23,41,123,15,8,137,0,1,No Carolina State,9,27,80,41,22,261,3,1,H,-3,14,14,43,-26,-14,-124,-3,0
1269,11/18/2006,North Texas,16,40,254,18,11,84,3,1,Florida Atlantic,17,38,132,25,12,107,0,0,H,4,-1,2,122,-7,-1,-23,3,1
1270,11/18/2006,Northwestern,27,52,95,30,22,269,0,2,Illinois,16,26,214,18,4,65,0,3,H,-1,11,26,-119,12,18,204,0,-1
1271,11/18/2006,Notre Dame,41,35,221,30,22,218,1,1,Army,9,36,58,21,8,92,2,1,H,29.5,32,-1,163,9,14,126,-1,0
1272,11/18/2006,Ohio State,42,29,187,41,29,316,1,2,Michigan,39,30,130,35,21,267,0,0,H,7,3,-1,57,6,8,49,1,2
1273,11/18/2006,Oklahoma,36,41,236,19,12,178,1,4,Baylor,10,20,-48,45,22,188,2,0,V,21.5,26,21,284,-26,-10,-10,-1,4
1274,11/18/2006,Oklahoma State,24,50,221,34,13,164,1,0,Texas Tech,30,17,81,44,28,353,0,1,V,-7,-6,33,140,-10,-15,-189,1,-1
1275,11/18/2006,Oregon,10,26,163,45,25,183,4,2,Arizona,37,44,193,15,10,170,0,0,H,14.5,-27,-18,-30,30,15,13,4,2
1276,11/18/2006,Oregon State,30,47,208,25,16,177,0,0,Stanford,7,21,85,26,9,125,1,1,V,16,23,26,123,-1,7,52,-1,-1
1277,11/18/2006,Penn State,17,39,105,37,17,220,0,4,Michigan State,13,15,14,62,30,291,0,0,H,18.5,4,24,91,-25,-13,-71,0,4
1278,11/18/2006,Purdue,28,39,175,32,18,260,4,1,Indiana,19,31,215,42,26,290,0,4,H,13,9,8,-40,-10,-8,-30,4,-3
1279,11/18/2006,Rice,18,37,179,45,23,279,2,0,East Carolina,17,35,218,17,10,83,2,0,H,-3,1,2,-39,28,13,196,0,0
1280,11/18/2006,Rutgers,11,21,50,42,21,238,4,0,Cincinnati,30,46,125,15,11,277,0,3,V,7,-19,-25,-75,27,10,-39,4,-3
1281,11/18/2006,S-M-U,34,34,179,19,11,190,0,0,Tulsa,24,36,126,30,22,230,0,1,H,-6,10,-2,53,-11,-11,-40,0,-1
1282,11/18/2006,San Diego State,0,24,31,25,11,56,2,0,Texas Christian,52,49,275,26,22,349,0,1,V,-17,-52,-25,-244,-1,-11,-293,2,-1
1283,11/18/2006,San Jose State,17,38,82,17,7,110,1,2,Hawaii,54,26,151,40,29,417,1,1,V,-24.5,-37,12,-69,-23,-22,-307,0,1
1284,11/18/2006,South Carolina,52,28,154,29,22,391,0,1,Middle Tennessee,7,32,81,19,6,119,0,0,H,16,45,-4,73,10,16,272,0,1
1285,11/18/2006,South Florida,8,30,49,32,15,237,1,0,Louisville,31,36,172,33,19,274,0,1,V,-19,-23,-6,-123,-1,-4,-37,1,-1
1286,11/18/2006,Southern Cal,23,30,83,32,19,275,0,0,California,9,26,99,38,17,176,2,1,H,5.5,14,4,-16,-6,2,99,-2,-1
1287,11/18/2006,Southern Miss,25,44,212,18,8,128,1,3,U-A-B,20,38,82,18,9,155,2,0,H,14,5,6,130,0,-1,-27,-1,3
1288,11/18/2006,Stanford,7,21,85,26,9,125,1,1,Oregon State,30,47,208,25,16,177,0,0,H,-16,-23,-26,-123,1,-7,-52,1,1
1289,11/18/2006,Syracuse,20,39,163,19,9,143,0,1,Connecticut,14,39,70,33,21,196,3,0,H,1.5,6,0,93,-14,-12,-53,-3,1
1290,11/18/2006,Temple,6,27,13,33,20,216,2,0,Navy,42,56,420,8,3,35,1,1,V,-34,-36,-29,-407,25,17,181,1,-1
1291,11/18/2006,Tennessee,39,26,163,30,21,266,0,1,Vanderbilt,10,34,109,24,11,109,2,0,V,7.5,29,-8,54,6,10,157,-2,1
1292,11/18/2006,Texas Christian,52,49,275,26,22,349,0,1,San Diego State,0,24,31,25,11,56,2,0,H,17,52,25,244,1,11,293,-2,1
1293,11/18/2006,Texas Tech,30,17,81,44,28,353,0,1,Oklahoma State,24,50,221,34,13,164,1,0,H,7,6,-33,-140,10,15,189,-1,1
1294,11/18/2006,Troy,26,26,88,30,19,267,2,1,Arkansas State,33,51,233,26,13,188,0,0,H,9.5,-7,-25,-145,4,6,79,2,1
1295,11/18/2006,Tulane,10,26,28,43,26,267,2,0,U-C-F,9,32,74,35,22,230,0,1,H,2.5,1,-6,-46,8,4,37,2,-1
1296,11/18/2006,Tulsa,24,36,126,30,22,230,0,1,S-M-U,34,34,179,19,11,190,0,0,V,6,-10,2,-53,11,11,40,0,1
1297,11/18/2006,U-A-B,20,38,82,18,9,155,2,0,Southern Miss,25,43,204,19,9,136,1,3,V,-14,-5,-5,-122,-1,0,19,1,-3
1298,11/18/2006,U-C-F,9,32,74,35,22,230,0,1,Tulane,10,26,28,43,26,267,2,0,V,-2.5,-1,6,46,-8,-4,-37,-2,1
1299,11/18/2006,U.C.L.A.,24,30,87,24,14,187,0,0,Arizona State,12,37,115,30,11,149,1,0,V,-5.5,12,-7,-28,-6,3,38,-1,0
1300,11/18/2006,UL-Lafayette,17,55,270,20,8,84,1,1,Florida Intl,7,19,53,32,17,137,1,0,V,3,10,36,217,-12,-9,-53,0,1
1301,11/18/2006,UL-Monroe,40,57,351,19,10,150,1,0,Kentucky,42,29,98,35,25,359,0,1,V,-18,-2,28,253,-16,-15,-209,1,-1
1302,11/18/2006,UTEP,21,21,17,48,34,384,3,2,Marshall,49,48,259,15,5,135,1,1,V,-3,-28,-27,-242,33,29,249,2,1
1303,11/18/2006,Utah,17,35,119,38,24,236,0,0,Air Force,14,41,116,22,16,218,0,0,V,-1,3,-6,3,16,8,18,0,0
1304,11/18/2006,Utah State,10,30,90,19,9,98,1,0,Boise State,49,41,231,27,25,257,0,2,V,-39.5,-39,-11,-141,-8,-16,-159,1,-2
1305,11/18/2006,Vanderbilt,10,34,109,24,11,109,2,0,Tennessee,39,26,163,30,21,266,0,1,H,-7.5,-29,8,-54,-6,-10,-157,2,-1
1306,11/18/2006,Virginia,17,42,132,33,23,217,0,0,Miami-Florida,7,29,111,18,11,152,1,1,H,-3.5,10,13,21,15,12,65,-1,-1
1307,11/18/2006,Virginia Tech,27,33,92,22,14,252,1,0,Wake Forest,6,32,62,30,17,195,0,1,V,1,21,1,30,-8,-3,57,1,-1
1308,11/18/2006,Wake Forest,6,32,62,30,17,195,0,1,Virginia Tech,27,33,92,22,14,252,1,0,H,-1,-21,-1,-30,8,3,-57,-1,1
1309,11/18/2006,Washington,35,31,109,27,14,271,2,0,Washington State,32,31,102,54,32,328,0,1,V,-8.5,3,0,7,-27,-18,-57,2,-1
1310,11/18/2006,Washington State,32,31,102,54,32,328,0,1,Washington,35,31,109,27,14,271,2,0,H,8.5,-3,0,-7,27,18,57,-2,1
1311,11/18/2006,Western Michigan,20,30,33,50,27,229,2,0,Florida State,28,28,73,23,14,178,0,2,V,-19,-8,2,-40,27,13,51,2,-2
1312,11/18/2006,Wisconsin,35,42,128,27,16,308,1,2,Buffalo,3,28,52,23,6,107,1,3,H,38,32,14,76,4,10,201,0,-1
1313,11/18/2006,Wyoming,34,39,89,27,19,197,2,0,Nevada-Las Vegas,26,23,59,37,19,162,1,2,V,9,8,16,30,-10,0,35,1,-2
1314,11/21/2006,Bowling Green,21,31,76,42,24,246,1,0,Toledo,31,47,208,13,10,107,0,0,V,-6.5,-10,-16,-132,29,14,139,1,0
1315,11/21/2006,Toledo,31,47,208,13,10,107,0,0,Bowling Green,21,31,76,42,24,246,1,0,H,6.5,10,16,132,-29,-14,-139,-1,0
1316,11/23/2006,Boston College,14,25,24,34,17,169,1,1,Miami-Florida,17,34,66,26,13,181,3,1,V,4,-3,-9,-42,8,4,-12,-2,0
1317,11/23/2006,Miami-Florida,17,34,66,26,13,181,3,1,Boston College,14,25,24,34,17,169,1,1,H,-4,3,9,42,-8,-4,12,2,0
1318,11/24/2006,Air Force,39,45,204,18,10,211,0,0,Nevada-Las Vegas,42,43,204,34,26,351,0,3,V,10.5,-3,2,0,-16,-16,-140,0,-3
1319,11/24/2006,Akron,0,20,-13,27,13,132,1,1,Western Michigan,17,42,110,29,17,217,1,0,H,2.5,-17,-22,-123,-2,-4,-85,0,1
1320,11/24/2006,Arkansas,26,39,298,20,5,62,1,0,Louisiana State,31,36,118,22,14,210,0,2,H,-2,-5,3,180,-2,-9,-148,1,-2
1321,11/24/2006,Ball State,30,39,137,31,16,268,1,0,Kent State,6,32,84,35,19,181,1,0,H,2.5,24,7,53,-4,-3,87,0,0
1322,11/24/2006,Buffalo,28,27,124,41,21,225,1,1,Central Michigan,55,29,47,20,16,346,0,0,H,-15.5,-27,-2,77,21,5,-121,1,1
1323,11/24/2006,Central Michigan,55,29,47,20,16,346,0,0,Buffalo,28,27,124,41,21,225,1,1,V,15.5,27,2,-77,-21,-5,121,-1,-1
1324,11/24/2006,Colorado,14,31,166,23,11,131,0,0,Nebraska,37,46,190,30,20,278,0,2,V,-13,-23,-15,-24,-7,-9,-147,0,-2
1325,11/24/2006,Eastern Michigan,0,24,45,18,10,67,0,1,Northern Illinois,27,45,240,37,24,261,3,1,H,-9.5,-27,-21,-195,-19,-14,-194,-3,0
1326,11/24/2006,Fresno State,34,38,336,23,14,142,1,2,Louisiana Tech,27,36,166,31,18,189,2,0,V,14,7,2,170,-8,-4,-47,-1,2
1327,11/24/2006,Kent State,6,32,84,35,19,181,1,0,Ball State,30,39,137,31,16,268,1,0,V,-2.5,-24,-7,-53,4,3,-87,0,0
1328,11/24/2006,Louisiana State,31,35,112,23,15,216,0,2,Arkansas,26,39,298,20,5,62,1,0,V,2,5,-4,-186,3,10,154,-1,2
1329,11/24/2006,Louisiana Tech,27,36,166,31,18,189,2,0,Fresno State,34,38,336,23,14,142,1,2,H,-14,-7,-2,-170,8,4,47,1,-2
1330,11/24/2006,Miami-Ohio,24,26,128,36,20,180,1,2,Ohio,34,44,304,17,10,133,1,2,H,-4,-10,-18,-176,19,10,47,0,0
1331,11/24/2006,Nebraska,37,46,190,30,20,278,0,2,Colorado,14,31,166,23,11,131,0,0,H,13,23,15,24,7,9,147,0,2
1332,11/24/2006,Nevada-Las Vegas,42,43,204,34,26,351,0,3,Air Force,39,45,204,18,10,211,0,0,H,-10.5,3,-2,0,16,16,140,0,3
1333,11/24/2006,Northern Illinois,27,45,240,37,24,261,3,1,Eastern Michigan,0,24,45,18,10,67,0,1,V,9.5,27,21,195,19,14,194,3,0
1334,11/24/2006,Ohio,34,44,304,17,10,133,1,2,Miami-Ohio,24,26,128,36,20,180,1,2,V,4,10,18,176,-19,-10,-47,0,0
1335,11/24/2006,Oregon,28,33,153,43,25,274,1,1,Oregon State,30,30,88,27,16,255,0,1,V,-3,-2,3,65,16,9,19,1,0
1336,11/24/2006,Oregon State,30,30,88,27,16,255,0,1,Oregon,28,33,153,43,25,274,1,1,H,3,2,-3,-65,-16,-9,-19,-1,0
1337,11/24/2006,Texas,7,25,70,29,17,160,4,0,Texas A+M,12,51,244,13,7,58,0,1,H,13,-5,-26,-174,16,10,102,4,-1
1338,11/24/2006,Texas A+M,12,51,244,13,7,58,0,1,Texas,7,25,70,29,17,160,4,0,V,-13,5,26,174,-16,-10,-102,-4,1
1339,11/24/2006,Tulane,3,32,74,21,10,78,0,0,Tulsa,38,38,191,22,16,267,0,0,V,-17,-35,-6,-117,-1,-6,-189,0,0
1340,11/24/2006,Tulsa,38,38,191,22,16,267,0,0,Tulane,3,32,74,21,10,78,0,0,H,17,35,6,117,1,6,189,0,0
1341,11/24/2006,Western Michigan,17,42,110,29,17,217,1,0,Akron,0,20,-13,27,13,132,1,1,V,-2.5,17,22,123,2,4,85,0,-1
1342,11/25/2006,Arizona,14,23,33,40,17,135,2,0,Arizona State,28,45,215,26,17,214,1,1,H,3,-14,-22,-182,14,0,-79,1,-1
1343,11/25/2006,Arizona State,28,45,215,26,17,214,1,1,Arizona,14,23,33,40,17,135,2,0,V,-3,14,22,182,-14,0,79,-1,1
1344,11/25/2006,Arkansas State,13,38,233,30,13,132,0,1,UL-Lafayette,28,41,265,18,10,107,1,1,V,-6.5,-15,-3,-32,12,3,25,-1,0
1345,11/25/2006,Boise State,38,52,178,27,20,299,1,0,Nevada-Reno,7,22,106,15,6,35,0,4,V,2.5,31,30,72,12,14,264,1,-4
1346,11/25/2006,Brigham Young,33,24,54,44,28,375,0,0,Utah,31,33,98,41,25,376,0,0,V,10.5,2,-9,-44,3,3,-1,0,0
1347,11/25/2006,Cincinnati,26,41,151,34,20,291,1,0,Connecticut,23,31,123,24,13,172,0,0,V,5.5,3,10,28,10,7,119,1,0
1348,11/25/2006,Clemson,28,33,181,19,13,191,1,1,South Carolina,31,35,208,37,24,284,3,1,H,5.5,-3,-2,-27,-18,-11,-93,-2,0
1349,11/25/2006,Colorado State,14,18,34,36,23,266,2,0,Texas Christian,45,50,350,28,18,256,0,1,H,-9,-31,-32,-316,8,5,10,2,-1
1350,11/25/2006,Connecticut,23,31,123,24,13,172,0,0,Cincinnati,26,41,151,34,20,291,1,0,H,-5.5,-3,-10,-28,-10,-7,-119,-1,0
1351,11/25/2006,Duke,44,27,103,36,21,291,2,0,North Carolina,45,32,200,31,20,253,1,2,H,-6.5,-1,-5,-97,5,1,38,1,-2
1352,11/25/2006,East Carolina,21,38,124,29,14,220,0,0,No Carolina State,16,29,107,28,17,186,1,0,V,-2.5,5,9,17,1,-3,34,-1,0
1353,11/25/2006,Florida,21,32,105,35,21,283,0,1,Florida State,14,18,46,43,18,189,3,0,V,8,7,14,59,-8,3,94,-3,1
1354,11/25/2006,Florida Atlantic,31,45,142,22,15,219,0,0,Florida Intl,0,19,50,31,15,153,1,0,N,3.5,31,26,92,-9,0,66,-1,0
1355,11/25/2006,Florida Intl,0,19,50,31,15,153,1,0,Florida Atlantic,31,45,142,22,15,219,0,0,N,-3.5,-31,-26,-92,9,0,-66,1,0
1356,11/25/2006,Florida State,14,18,46,43,18,189,3,0,Florida,21,32,105,35,21,283,0,1,H,-8,-7,-14,-59,8,-3,-94,3,-1
1357,11/25/2006,Georgia,15,37,84,29,16,171,0,1,Georgia Tech,12,35,146,22,6,42,2,1,H,2,3,2,-62,7,10,129,-2,0
1358,11/25/2006,Georgia Tech,12,35,146,22,6,42,2,1,Georgia,15,37,84,29,16,171,0,1,V,-2,-3,-2,62,-7,-10,-129,2,0
1359,11/25/2006,Hawaii,42,20,219,48,33,434,1,2,Purdue,35,27,90,43,30,382,2,1,H,19.5,7,-7,129,5,3,52,-1,1
1360,11/25/2006,Idaho,13,33,123,20,7,131,2,0,San Jose State,28,42,156,17,10,179,1,1,H,-7,-15,-9,-33,3,-3,-48,1,-1
1361,11/25/2006,Kansas,17,29,160,23,12,162,1,1,Missouri,42,37,137,38,26,356,0,0,V,-7,-25,-8,23,-15,-14,-194,1,1
1362,11/25/2006,Kentucky,12,30,128,39,26,282,0,0,Tennessee,17,34,96,33,19,240,0,1,V,-20.5,-5,-4,32,6,7,42,0,-1
1363,11/25/2006,Louisville,48,31,162,29,21,337,0,1,Pittsburgh,24,24,70,51,32,328,3,1,V,11.5,24,7,92,-22,-11,9,-3,0
1364,11/25/2006,Marshall,7,31,150,14,7,129,2,2,Southern Miss,42,43,216,20,15,145,0,0,V,-7.5,-35,-12,-66,-6,-8,-16,2,2
1365,11/25/2006,Maryland,24,33,194,26,14,182,3,0,Wake Forest,38,57,296,13,10,125,1,0,H,1,-14,-24,-102,13,4,57,2,0
1366,11/25/2006,Memphis,38,43,158,26,16,218,0,0,UTEP,19,16,5,44,26,398,2,2,V,-13.5,19,27,153,-18,-10,-180,-2,-2
1367,11/25/2006,Middle Tennessee,20,39,77,22,13,126,0,1,Troy,21,31,81,40,30,235,1,0,H,7,-1,8,-4,-18,-17,-109,-1,1
1368,11/25/2006,Mississippi,20,27,58,23,10,142,0,0,Mississippi State,17,34,146,35,17,168,1,0,H,3,3,-7,-88,-12,-7,-26,-1,0
1369,11/25/2006,Mississippi State,17,35,152,34,16,162,1,0,Mississippi,20,27,58,23,10,142,0,0,V,-3,-3,8,94,11,6,20,1,0
1370,11/25/2006,Missouri,42,37,137,38,26,356,0,0,Kansas,17,29,160,23,12,162,1,1,H,7,25,8,-23,15,14,194,-1,-1
1371,11/25/2006,Nevada-Reno,7,22,106,15,6,35,0,4,Boise State,38,52,178,27,20,299,1,0,H,-2.5,-31,-30,-72,-12,-14,-264,-1,4
1372,11/25/2006,New Mexico,41,32,214,20,9,87,0,0,San Diego State,14,34,104,49,27,327,3,1,H,10,27,-2,110,-29,-18,-240,-3,-1
1373,11/25/2006,New Mexico State,42,40,167,28,21,324,1,1,Utah State,20,33,135,31,15,197,1,1,V,6,22,7,32,-3,6,127,0,0
1374,11/25/2006,No Carolina State,16,29,107,28,17,186,1,0,East Carolina,21,38,124,29,14,220,0,0,H,2.5,-5,-9,-17,-1,3,-34,1,0
1375,11/25/2006,North Carolina,45,32,200,31,20,253,1,2,Duke,44,27,103,36,21,291,2,0,V,6.5,1,5,97,-5,-1,-38,-1,2
1376,11/25/2006,North Texas,3,25,74,21,11,63,2,0,UL-Monroe,23,47,216,19,12,193,0,0,V,-7,-20,-22,-142,2,-1,-130,2,0
1377,11/25/2006,Notre Dame,24,31,130,45,22,274,0,1,Southern Cal,44,32,139,28,17,265,2,0,V,-8.5,-20,-1,-9,17,5,9,-2,1
1378,11/25/2006,Oklahoma,27,47,238,11,7,77,0,0,Oklahoma State,21,39,119,31,17,243,0,1,V,5.5,6,8,119,-20,-10,-166,0,-1
1379,11/25/2006,Oklahoma State,21,39,119,31,17,243,0,1,Oklahoma,27,47,238,11,7,77,0,0,H,-5.5,-6,-8,-119,20,10,166,0,1
1380,11/25/2006,Pittsburgh,24,24,70,51,32,328,3,1,Louisville,48,31,162,29,21,337,0,1,H,-11.5,-24,-7,-92,22,11,-9,3,0
1381,11/25/2006,Purdue,35,27,90,43,30,382,2,1,Hawaii,42,20,219,48,33,434,1,2,V,-19.5,-7,7,-129,-5,-3,-52,1,-1
1382,11/25/2006,Rice,31,42,78,21,13,205,2,1,S-M-U,27,38,140,19,8,137,2,2,H,-2,4,4,-62,2,5,68,0,-1
1383,11/25/2006,Rutgers,38,44,217,15,10,146,0,0,Syracuse,7,31,122,19,10,69,1,1,H,16.5,31,13,95,-4,0,77,-1,-1
1384,11/25/2006,S-M-U,27,38,140,19,8,137,2,2,Rice,31,42,78,21,13,205,2,1,V,2,-4,-4,62,-2,-5,-68,0,1
1385,11/25/2006,San Diego State,14,34,104,49,27,327,3,1,New Mexico,41,32,214,20,9,87,0,0,V,-10,-27,2,-110,29,18,240,3,1
1386,11/25/2006,San Jose State,28,42,156,17,10,179,1,1,Idaho,13,33,123,20,7,131,2,0,V,7,15,9,33,-3,3,48,-1,1
1387,11/25/2006,South Carolina,31,35,208,37,24,284,3,1,Clemson,28,33,181,19,13,191,1,1,V,-5.5,3,2,27,18,11,93,2,0
1388,11/25/2006,South Florida,24,39,84,30,22,279,2,0,West Virginia,19,37,132,22,14,178,2,2,V,-21,5,2,-48,8,8,101,0,-2
1389,11/25/2006,Southern Cal,44,32,139,28,17,265,2,0,Notre Dame,24,31,130,45,22,274,0,1,H,8.5,20,1,9,-17,-5,-9,2,-1
1390,11/25/2006,Southern Miss,42,44,226,19,14,135,0,0,Marshall,7,31,150,14,7,129,2,2,H,7.5,35,13,76,5,7,6,-2,-2
1391,11/25/2006,Syracuse,7,31,122,19,10,69,1,1,Rutgers,38,44,217,15,10,146,0,0,V,-16.5,-31,-13,-95,4,0,-77,1,1
1392,11/25/2006,Tennessee,17,34,96,33,19,240,0,1,Kentucky,12,30,128,39,26,282,0,0,H,20.5,5,4,-32,-6,-7,-42,0,1
1393,11/25/2006,Texas Christian,45,50,350,28,18,256,0,1,Colorado State,14,18,34,36,23,266,2,0,V,9,31,32,316,-8,-5,-10,-2,1
1394,11/25/2006,Troy,21,31,81,40,30,235,1,0,Middle Tennessee,20,39,77,22,13,126,0,1,V,-7,1,-8,4,18,17,109,1,-1
1395,11/25/2006,U-A-B,22,27,89,41,25,289,0,0,U-C-F,31,38,205,25,20,278,1,1,V,-3.5,-9,-11,-116,16,5,11,-1,-1
1396,11/25/2006,U-C-F,31,38,205,25,20,278,1,1,U-A-B,22,27,89,41,25,289,0,0,H,3.5,9,11,116,-16,-5,-11,1,1
1397,11/25/2006,UL-Lafayette,28,41,265,18,10,107,1,1,Arkansas State,13,38,233,30,13,132,0,1,H,6.5,15,3,32,-12,-3,-25,1,0
1398,11/25/2006,UL-Monroe,23,47,216,19,12,193,0,0,North Texas,3,25,74,21,11,63,2,0,H,7,20,22,142,-2,1,130,-2,0
1399,11/25/2006,UTEP,19,15,-5,45,27,408,2,2,Memphis,38,43,158,26,16,218,0,0,H,13.5,-19,-28,-163,19,11,190,2,2
1400,11/25/2006,Utah,31,33,98,41,25,376,0,0,Brigham Young,33,24,54,44,28,375,0,0,H,-10.5,-2,9,44,-3,-3,1,0,0
1401,11/25/2006,Utah State,20,33,135,31,15,197,1,1,New Mexico State,42,40,167,28,21,324,1,1,H,-6,-22,-7,-32,3,-6,-127,0,0
1402,11/25/2006,Virginia,0,23,46,21,10,66,1,1,Virginia Tech,17,45,156,18,12,146,1,0,V,-16,-17,-22,-110,3,-2,-80,0,1
1403,11/25/2006,Virginia Tech,17,45,156,18,12,146,1,0,Virginia,0,23,46,21,10,66,1,1,H,16,17,22,110,-3,2,80,0,-1
1404,11/25/2006,Wake Forest,38,57,296,13,10,125,1,0,Maryland,24,33,194,26,14,182,3,0,V,-1,14,24,102,-13,-4,-57,-2,0
1405,11/25/2006,West Virginia,19,37,132,22,14,178,2,2,South Florida,24,39,84,30,22,279,2,0,H,21,-5,-2,48,-8,-8,-101,0,2
1406,11/30/2006,Central Michigan,31,21,143,30,22,314,1,0,Ohio,10,39,87,27,17,137,2,1,N,3,21,-18,56,3,5,177,-1,-1
1407,11/30/2006,Ohio,10,39,87,27,17,137,2,1,Central Michigan,31,21,143,30,22,314,1,0,N,-3,-21,18,-56,-3,-5,-177,1,1
1408,12/01/2006,Houston,34,33,167,32,20,276,0,0,Southern Miss,20,33,163,32,17,186,0,1,H,5.5,14,0,4,0,3,90,0,-1
1409,12/01/2006,Southern Miss,20,33,163,32,17,186,0,1,Houston,34,33,167,32,20,276,0,0,V,-5.5,-14,0,-4,0,-3,-90,0,1
1410,12/02/2006,Air Force,14,44,98,11,4,44,1,3,Texas Christian,38,42,141,32,23,236,0,1,V,-17,-24,2,-43,-21,-19,-192,1,2
1411,12/02/2006,Arkansas,28,35,132,26,12,179,3,1,Florida,38,30,202,31,17,194,2,0,N,-3,-10,5,-70,-5,-5,-15,1,1
1412,12/02/2006,Army,14,36,102,23,16,151,2,0,Navy,26,54,264,6,1,11,0,1,N,-20,-12,-18,-162,17,15,140,2,-1
1413,12/02/2006,California,26,33,127,31,14,217,0,1,Stanford,17,33,65,31,15,204,0,2,H,30,9,0,62,0,-1,13,0,-1
1414,12/02/2006,Colorado State,6,38,113,41,21,175,1,0,San Diego State,17,32,184,19,7,51,0,1,V,0,-11,6,-71,22,14,124,1,-1
1415,12/02/2006,Connecticut,17,31,147,19,7,89,1,1,Louisville,48,44,221,29,21,349,1,2,V,-29.5,-31,-13,-74,-10,-14,-260,0,-1
1416,12/02/2006,Florida,38,30,202,31,17,194,2,0,Arkansas,28,35,132,26,12,179,3,1,N,3,10,-5,70,5,5,15,-1,-1
1417,12/02/2006,Florida Intl,13,25,20,51,30,225,1,1,Troy,26,43,245,23,9,53,0,1,H,-11,-13,-18,-225,28,21,172,1,0
1418,12/02/2006,Fresno State,14,36,154,37,21,215,4,0,San Jose State,24,36,187,27,15,216,1,1,V,-3.5,-10,0,-33,10,6,-1,3,-1
1419,12/02/2006,Georgia Tech,6,38,143,29,9,129,2,0,Wake Forest,9,43,91,25,14,201,0,0,N,2,-3,-5,52,4,-5,-72,2,0
1420,12/02/2006,Hawaii,32,29,103,50,37,401,2,0,Oregon State,35,26,71,17,11,245,0,0,H,7.5,-3,3,32,33,26,156,2,0
1421,12/02/2006,Louisiana Tech,23,29,135,40,23,296,3,1,New Mexico State,50,26,133,57,43,518,0,1,V,-14,-27,3,2,-17,-20,-222,3,0
1422,12/02/2006,Louisville,48,44,221,29,21,349,1,2,Connecticut,17,31,147,19,7,89,1,1,H,29.5,31,13,74,10,14,260,0,1
1423,12/02/2006,Navy,26,54,264,6,1,11,0,1,Army,14,36,102,23,16,151,2,0,N,20,12,18,162,-17,-15,-140,-2,1
1424,12/02/2006,Nebraska,7,21,84,50,23,282,3,2,Oklahoma,21,28,42,35,19,265,1,0,N,-3.5,-14,-7,42,15,4,17,2,2
1425,12/02/2006,New Mexico State,50,25,126,58,44,525,0,1,Louisiana Tech,23,29,135,40,23,296,3,1,H,14,27,-4,-9,18,21,229,-3,0
1426,12/02/2006,Oklahoma,21,28,42,35,19,265,1,0,Nebraska,7,21,84,50,23,282,3,2,N,3.5,14,7,-42,-15,-4,-17,-2,-2
1427,12/02/2006,Oregon State,35,26,71,17,11,245,0,0,Hawaii,32,29,103,50,37,401,2,0,V,-7.5,3,-3,-32,-33,-26,-156,-2,0
1428,12/02/2006,Rutgers,39,37,174,26,19,278,0,0,West Virginia,41,47,195,30,14,244,1,0,V,-9.5,-2,-10,-21,-4,5,34,-1,0
1429,12/02/2006,San Diego State,17,32,184,19,7,51,0,1,Colorado State,6,38,113,41,21,175,1,0,H,0,11,-6,71,-22,-14,-124,-1,1
1430,12/02/2006,San Jose State,24,36,187,27,15,216,1,1,Fresno State,14,36,154,37,21,215,4,0,H,3.5,10,0,33,-10,-6,1,-3,1
1431,12/02/2006,Southern Cal,9,29,55,39,23,274,1,0,U.C.L.A.,13,36,121,21,12,114,0,1,V,11.5,-4,-7,-66,18,11,160,1,-1
1432,12/02/2006,Stanford,17,33,65,31,15,204,0,2,California,26,33,127,31,14,217,0,1,V,-30,-9,0,-62,0,1,-13,0,1
1433,12/02/2006,Texas Christian,38,42,141,32,23,236,0,1,Air Force,14,42,98,11,4,44,1,3,H,17,24,0,43,21,19,192,-1,-2
1434,12/02/2006,Troy,26,43,245,23,9,53,0,1,Florida Intl,13,25,20,51,30,225,1,1,V,11,13,18,225,-28,-21,-172,-1,0
1435,12/02/2006,U.C.L.A.,13,36,121,21,12,114,0,1,Southern Cal,9,29,55,39,23,274,1,0,H,-11.5,4,7,66,-18,-11,-160,-1,1
1436,12/02/2006,UL-Lafayette,20,41,173,42,22,189,3,0,UL-Monroe,39,33,173,18,11,244,0,1,H,3,-19,8,0,24,11,-55,3,-1
1437,12/02/2006,UL-Monroe,39,33,173,18,11,244,0,1,UL-Lafayette,20,41,173,42,22,189,3,0,V,-3,19,-8,0,-24,-11,55,-3,1
1438,12/02/2006,Wake Forest,9,43,91,25,14,201,0,0,Georgia Tech,6,38,143,29,9,129,2,0,N,-2,3,5,-52,-4,5,72,-2,0
1439,12/02/2006,West Virginia,41,47,195,30,14,244,1,0,Rutgers,39,37,174,26,19,278,0,0,H,9.5,2,10,21,4,-5,-34,1,0
