,Unnamed: 0,Date,TeamName,ScoreOff,RushAttOff,RushYdsOff,PassAttOff,PassCompOff,PassYdsOff,PassIntOff,FumblesOff,Opponent,ScoreDef,RushAttDef,RushYdsDef,PassAttDef,PassCompDef,PassYdsDef,PassIntDef,FumblesDef,ScoreDiff,RushAttDiff,RushYdsDiff,PassAttDiff,PassCompDiff,PassYdsDiff,PassIntDiff,FumblesDiff,season
0,0,08/23/2001,Louisville,45,30,101,32,18,272,1,0,New Mexico State,24,68,407,16,8,137,0,0,21,-38,-306,16,10,135,1,0,2001
1,1,08/23/2001,New Mexico State,24,68,407,16,8,137,0,0,Louisville,45,30,101,32,18,272,1,0,-21,38,306,-16,-10,-135,-1,0,2001
2,2,08/25/2001,Brigham Young,70,49,437,33,27,297,0,1,Tulane,35,43,219,49,23,289,1,0,35,6,218,-16,4,8,-1,1,2001
3,3,08/25/2001,Nebraska,21,50,159,18,10,151,1,0,Texas Christian,7,28,56,22,11,130,0,0,14,22,103,-4,-1,21,1,0,2001
4,4,08/25/2001,North Carolina,27,35,64,41,17,226,1,4,Oklahoma,41,33,108,31,21,178,1,0,-14,2,-44,10,-4,48,0,4,2001
5,5,08/25/2001,Oklahoma,41,33,108,31,21,178,1,0,North Carolina,27,35,64,41,17,226,1,4,14,-2,44,-10,4,-48,0,-4,2001
6,6,08/25/2001,Texas Christian,7,28,56,22,11,130,0,0,Nebraska,21,50,159,18,10,151,1,0,-14,-22,-103,4,1,-21,-1,0,2001
7,7,08/25/2001,Tulane,35,43,219,49,23,289,1,0,Brigham Young,70,49,437,33,27,297,0,1,-35,-6,-218,16,-4,-8,1,-1,2001
8,8,08/25/2001,Virginia,17,33,128,32,13,178,2,1,Wisconsin,26,51,228,24,10,191,1,0,-9,-18,-100,8,3,-13,1,1,2001
9,9,08/25/2001,Wisconsin,26,51,228,24,10,191,1,0,Virginia,17,33,128,32,13,178,2,1,9,18,100,-8,-3,13,-1,-1,2001
10,10,08/26/2001,Colorado,22,31,66,51,31,346,2,3,Fresno State,24,35,89,36,21,198,0,0,-2,-4,-23,15,10,148,2,3,2001
11,11,08/26/2001,Fresno State,24,35,89,36,21,198,0,0,Colorado,22,31,66,51,31,346,2,3,2,4,23,-15,-10,-148,-2,-3,2001
12,12,08/26/2001,Georgia Tech,13,46,125,26,15,224,0,0,Syracuse,7,26,59,32,19,183,1,0,6,20,66,-6,-4,41,-1,0,2001
13,13,08/26/2001,Syracuse,7,26,59,32,19,183,1,0,Georgia Tech,13,46,125,26,15,224,0,0,-6,-20,-66,6,4,-41,1,0,2001
14,14,08/30/2001,Akron,31,46,290,24,19,217,0,2,Ohio,29,60,339,11,9,104,0,0,2,-14,-49,13,10,113,0,2,2001
15,15,08/30/2001,Alabama-Birmingham,41,51,267,24,10,161,2,0,Montana State,13,17,-1,42,19,156,2,0,28,34,268,-18,-9,5,0,0,2001
16,16,08/30/2001,Arizona,23,37,55,32,21,176,1,0,San Diego State,10,29,41,38,18,160,0,3,13,8,14,-6,3,16,1,-3,2001
17,17,08/30/2001,Arkansas,14,26,25,32,12,89,1,3,Nevada-Las Vegas,10,54,258,16,4,40,3,1,4,-28,-233,16,8,49,-2,2,2001
18,18,08/30/2001,Buffalo,15,25,55,40,21,180,2,0,Rutgers,31,45,196,23,11,157,2,1,-16,-20,-141,17,10,23,0,-1,2001
19,19,08/30/2001,Central Michigan,42,45,124,29,16,195,0,1,Eastern Kentucky,28,48,224,25,11,129,1,2,14,-3,-100,4,5,66,-1,-1,2001
20,20,08/30/2001,Idaho,7,24,74,30,14,72,0,0,Washington State,36,49,241,32,19,303,0,1,-29,-25,-167,-2,-5,-231,0,-1,2001
21,21,08/30/2001,Mid Tennessee St,37,52,300,36,27,308,0,1,Vanderbilt,28,28,177,32,13,300,0,0,9,24,123,4,14,8,0,1,2001
22,22,08/30/2001,Minnesota,7,30,103,35,22,187,0,1,Toledo,38,50,363,25,17,149,0,1,-31,-20,-260,10,5,38,0,0,2001
23,23,08/30/2001,Navy,26,31,49,30,15,210,1,0,Temple,45,54,285,22,15,175,1,1,-19,-23,-236,8,0,35,0,-1,2001
24,24,08/30/2001,Nevada-Las Vegas,10,54,258,16,4,40,3,1,Arkansas,14,26,25,32,12,89,1,3,-4,28,233,-16,-8,-49,2,-2,2001
25,25,08/30/2001,Northern Illinois,20,47,200,36,20,144,0,1,South Florida,17,30,51,32,17,223,0,1,3,17,149,4,3,-79,0,0,2001
26,26,08/30/2001,Ohio,29,60,339,11,9,104,0,0,Akron,31,46,290,24,19,217,0,2,-2,14,49,-13,-10,-113,0,-2,2001
27,27,08/30/2001,Rutgers,31,45,196,23,11,157,2,1,Buffalo,15,25,55,40,21,180,2,0,16,20,141,-17,-10,-23,0,1,2001
28,28,08/30/2001,San Diego State,10,29,41,38,18,160,0,3,Arizona,23,37,55,32,21,176,1,0,-13,-8,-14,6,-3,-16,-1,3,2001
29,29,08/30/2001,South Florida,17,30,51,32,17,223,0,1,Northern Illinois,20,47,200,36,20,144,0,1,-3,-17,-149,-4,-3,79,0,0,2001
30,30,08/30/2001,Temple,45,54,285,22,15,175,1,1,Navy,26,31,49,30,15,210,1,0,19,23,236,-8,0,-35,0,1,2001
31,31,08/30/2001,Toledo,38,50,363,25,17,149,0,1,Minnesota,7,30,103,35,22,187,0,1,31,20,260,-10,-5,-38,0,0,2001
32,32,08/30/2001,Tulsa,51,48,191,40,33,379,0,0,Indiana State,0,30,49,15,4,20,1,2,51,18,142,25,29,359,-1,-2,2001
33,33,08/30/2001,Vanderbilt,28,28,177,32,13,300,0,0,Mid Tennessee St,37,52,300,36,27,308,0,1,-9,-24,-123,-4,-14,-8,0,-1,2001
34,34,08/30/2001,Washington State,36,49,241,32,19,303,0,1,Idaho,7,24,74,30,14,72,0,0,29,25,167,2,5,231,0,1,2001
35,35,08/30/2001,Western Michigan,48,29,151,43,31,462,0,1,Illinois State,7,37,92,30,17,139,0,0,41,-8,59,13,14,323,0,1,2001
36,36,09/01/2001,Air Force,3,53,137,28,11,112,2,2,Oklahoma,44,35,237,31,14,161,1,2,-41,18,-100,-3,-3,-49,1,0,2001
37,37,09/01/2001,Alabama,17,46,159,25,15,299,1,1,U.C.L.A.,20,38,168,22,8,123,0,0,-3,8,-9,3,7,176,1,1,2001
38,38,09/01/2001,Arkansas State,17,41,143,32,17,180,1,0,Georgia,45,39,212,38,26,386,0,1,-28,2,-69,-6,-9,-206,1,-1,2001
39,39,09/01/2001,Auburn,30,37,142,33,19,243,0,0,Ball State,0,34,60,17,5,32,0,1,30,3,82,16,14,211,0,-1,2001
40,40,09/01/2001,Ball State,0,34,60,17,5,32,0,1,Auburn,30,37,142,33,19,243,0,0,-30,-3,-82,-16,-14,-211,0,1,2001
41,41,09/01/2001,Boise State,13,26,91,32,18,162,1,0,South Carolina,32,41,172,26,18,220,0,1,-19,-15,-81,6,0,-58,1,-1,2001
42,42,09/01/2001,Boston College,34,50,325,26,11,146,1,1,West Virginia,10,40,76,40,22,240,3,2,24,10,249,-14,-11,-94,-2,-1,2001
43,43,09/01/2001,Bowling Green,20,45,194,24,15,148,1,0,Missouri,13,28,76,39,18,158,2,1,7,17,118,-15,-3,-10,-1,-1,2001
44,44,09/01/2001,Brigham Young,52,38,209,40,25,389,0,0,Nevada-Reno,7,36,160,28,15,127,1,0,45,2,49,12,10,262,-1,0,2001
45,45,09/01/2001,California,17,40,167,35,22,214,2,3,Illinois,44,34,76,35,18,297,0,0,-27,6,91,0,4,-83,2,3,2001
46,46,09/01/2001,Central Florida,13,22,31,47,29,297,0,1,Clemson,21,42,138,25,15,151,0,2,-8,-20,-107,22,14,146,0,-1,2001
47,47,09/01/2001,Clemson,21,42,138,25,15,151,0,2,Central Florida,13,22,31,47,29,297,0,1,8,20,107,-22,-14,-146,0,1,2001
48,48,09/01/2001,Colorado,41,54,315,19,15,95,0,1,Colorado State,14,29,108,40,18,186,4,0,27,25,207,-21,-3,-91,-4,1,2001
49,49,09/01/2001,Colorado State,14,29,108,40,18,186,4,0,Colorado,41,54,315,19,15,95,0,1,-27,-25,-207,21,3,91,4,-1,2001
50,50,09/01/2001,Connecticut,10,27,74,29,10,110,1,0,Virginia Tech,52,46,283,30,21,323,0,0,-42,-19,-209,-1,-11,-213,1,0,2001
51,51,09/01/2001,Duke,13,36,32,30,13,194,0,1,Florida State,55,38,200,30,16,189,0,0,-42,-2,-168,0,-3,5,0,1,2001
52,52,09/01/2001,East Carolina,19,25,63,35,18,231,2,1,Wake Forest,21,68,294,16,9,157,0,1,-2,-43,-231,19,9,74,2,0,2001
53,53,09/01/2001,Eastern Michigan,16,37,159,38,16,191,1,1,S E Missouri St,12,39,105,35,17,222,1,0,4,-2,54,3,-1,-31,0,1,2001
54,54,09/01/2001,Florida,49,28,111,38,25,430,1,0,Marshall,14,26,66,43,27,274,0,1,35,2,45,-5,-2,156,1,-1,2001
55,55,09/01/2001,Florida State,55,38,200,30,16,189,0,0,Duke,13,36,32,30,13,194,0,1,42,2,168,0,3,-5,0,-1,2001
56,56,09/01/2001,Georgia,45,39,212,38,26,386,0,1,Arkansas State,17,41,143,32,17,180,1,0,28,-2,69,6,9,206,-1,1,2001
57,57,09/01/2001,Georgia Tech,35,36,122,34,22,351,2,0,The Citadel,7,34,70,26,15,132,0,1,28,2,52,8,7,219,2,-1,2001
58,58,09/01/2001,Houston,14,21,7,47,22,192,1,0,Rice,21,69,354,12,6,42,0,0,-7,-48,-347,35,16,150,1,0,2001
59,59,09/01/2001,Illinois,44,34,76,35,18,297,0,0,California,17,40,167,35,22,214,2,3,27,-6,-91,0,-4,83,-2,-3,2001
60,60,09/01/2001,Iowa,51,49,331,22,15,236,0,1,Kent State,0,30,113,32,13,90,1,1,51,19,218,-10,2,146,-1,0,2001
61,61,09/01/2001,Kansas,24,37,102,29,19,231,2,8,S W Missouri St,10,44,58,32,15,185,1,1,14,-7,44,-3,4,46,1,7,2001
62,62,09/01/2001,Kent State,0,30,113,32,13,90,1,1,Iowa,51,49,331,22,15,236,0,1,-51,-19,-218,10,-2,-146,1,0,2001
63,63,09/01/2001,Kentucky,10,28,58,37,15,155,2,2,Louisville,36,35,118,34,21,368,0,1,-26,-7,-60,3,-6,-213,2,1,2001
64,64,09/01/2001,Louisiana State,48,50,232,31,21,262,0,2,Tulane,17,26,48,47,25,343,1,2,31,24,184,-16,-4,-81,-1,0,2001
65,65,09/01/2001,Louisiana Tech,36,24,56,35,22,189,1,0,Southern Methodist,6,32,70,54,25,216,1,2,30,-8,-14,-19,-3,-27,0,-2,2001
66,66,09/01/2001,Louisville,36,35,118,34,21,368,0,2,Kentucky,10,28,58,37,15,155,2,6,26,7,60,-3,6,213,-2,-4,2001
67,67,09/01/2001,Marshall,14,26,66,43,27,274,0,1,Florida,49,28,111,38,25,430,1,0,-35,-2,-45,5,2,-156,-1,1,2001
68,68,09/01/2001,Maryland,23,46,161,26,10,86,0,0,North Carolina,7,37,118,26,16,158,3,0,16,9,43,0,-6,-72,-3,0,2001
69,69,09/01/2001,Miami-Florida,33,44,258,27,20,344,1,1,Penn State,7,33,82,31,13,241,2,1,26,11,176,-4,7,103,-1,0,2001
70,70,09/01/2001,Miami-Ohio,13,29,127,44,22,223,3,0,Michigan,31,47,189,34,20,214,0,1,-18,-18,-62,10,2,9,3,-1,2001
71,71,09/01/2001,Michigan,31,47,189,34,20,214,0,1,Miami-Ohio,13,29,127,44,22,223,3,0,18,18,62,-10,-2,-9,-3,1,2001
72,72,09/01/2001,Mississippi,49,41,196,31,23,303,0,1,Murray State,14,30,126,30,14,126,2,0,35,11,70,1,9,177,-2,1,2001
73,73,09/01/2001,Missouri,13,28,76,39,18,158,2,1,Bowling Green,20,45,194,24,15,148,1,0,-7,-17,-118,15,3,10,1,1,2001
74,74,09/01/2001,Nebraska,42,60,330,16,9,127,1,3,Troy State,14,35,-25,36,15,190,2,2,28,25,355,-20,-6,-63,-1,1,2001
75,75,09/01/2001,Nevada-Reno,7,36,160,28,15,127,1,0,Brigham Young,52,38,209,40,25,389,0,0,-45,-2,-49,-12,-10,-262,1,0,2001
76,76,09/01/2001,New Mexico,26,46,271,30,6,52,2,0,Texas-El Paso,6,27,-53,32,19,223,2,3,20,19,324,-2,-13,-171,0,-3,2001
77,77,09/01/2001,New Mexico State,7,34,169,16,8,63,0,6,Texas,41,45,171,38,21,228,0,1,-34,-11,-2,-22,-13,-165,0,5,2001
78,78,09/01/2001,North Carolina,7,37,118,26,16,158,3,0,Maryland,23,46,161,26,10,86,0,0,-16,-9,-43,0,6,72,3,0,2001
79,79,09/01/2001,North Texas,5,34,106,12,3,23,0,1,Texas Christian,19,46,106,16,10,92,1,1,-14,-12,0,-4,-7,-69,-1,0,2001
80,80,09/01/2001,Oklahoma,44,35,237,31,14,161,1,2,Air Force,3,53,137,28,11,112,2,2,41,-18,100,3,3,49,-1,0,2001
81,81,09/01/2001,Oklahoma State,9,26,45,38,26,294,0,4,Southern Miss,17,39,53,37,22,277,0,0,-8,-13,-8,1,4,17,0,4,2001
82,82,09/01/2001,Oregon,31,35,136,48,22,277,2,0,Wisconsin,28,32,157,32,16,231,1,1,3,3,-21,16,6,46,1,-1,2001
83,83,09/01/2001,Penn State,7,33,82,31,13,241,2,1,Miami-Florida,33,44,258,27,20,344,1,1,-26,-11,-176,4,-7,-103,1,0,2001
84,84,09/01/2001,Pittsburgh,31,35,229,28,19,185,0,0,East Tennessee St,0,49,79,18,8,101,1,1,31,-14,150,10,11,84,-1,-1,2001
85,85,09/01/2001,Rice,21,69,354,12,6,42,0,0,Houston,14,21,7,47,22,192,1,0,7,48,347,-35,-16,-150,-1,0,2001
86,86,09/01/2001,San Jose State,10,30,115,37,20,213,2,1,Southern Cal,21,33,165,28,21,213,1,0,-11,-3,-50,9,-1,0,1,1,2001
87,87,09/01/2001,South Carolina,32,41,172,26,18,220,0,1,Boise State,13,26,91,32,18,162,1,0,19,15,81,-6,0,58,-1,1,2001
88,88,09/01/2001,Southern Cal,21,33,165,28,21,213,1,0,San Jose State,10,30,115,37,20,213,2,1,11,3,50,-9,1,0,-1,-1,2001
89,89,09/01/2001,Southern Methodist,6,32,70,54,25,216,1,2,Louisiana Tech,36,24,56,35,22,189,1,0,-30,8,14,19,3,27,0,2,2001
90,90,09/01/2001,Southern Miss,17,39,53,37,22,277,0,0,Oklahoma State,9,26,45,38,26,294,0,4,8,13,8,-1,-4,-17,0,-4,2001
91,91,09/01/2001,Syracuse,9,42,75,21,6,115,1,2,Tennessee,33,39,197,27,14,136,1,2,-24,3,-122,-6,-8,-21,0,0,2001
92,92,09/01/2001,Tennessee,33,39,197,27,14,136,1,2,Syracuse,9,42,75,21,6,115,1,2,24,-3,122,6,8,21,0,0,2001
93,93,09/01/2001,Texas,41,45,171,38,21,228,0,0,New Mexico State,7,34,169,16,8,63,0,2,34,11,2,22,13,165,0,-2,2001
94,94,09/01/2001,Texas A & M,38,35,120,40,24,254,1,1,McNeese State,24,35,103,30,13,138,3,0,14,0,17,10,11,116,-2,1,2001
95,95,09/01/2001,Texas Christian,19,46,106,16,10,92,1,2,North Texas,5,34,106,12,3,23,0,2,14,12,0,4,7,69,1,0,2001
96,96,09/01/2001,Texas-El Paso,6,27,-53,32,19,223,2,3,New Mexico,26,46,271,30,6,52,2,0,-20,-19,-324,2,13,171,0,3,2001
97,97,09/01/2001,Troy State,14,35,-25,36,15,190,1,3,Nebraska,42,60,330,16,9,127,2,2,-28,-25,-355,20,6,63,-1,1,2001
98,98,09/01/2001,Tulane,17,26,48,47,25,343,1,2,Louisiana State,48,50,232,31,21,262,0,2,-31,-24,-184,16,4,81,1,0,2001
99,99,09/01/2001,U.C.L.A.,20,38,168,22,8,123,0,0,Alabama,17,46,159,25,15,299,1,1,3,-8,9,-3,-7,-176,-1,-1,2001
100,100,09/01/2001,UL-Lafayette,20,43,110,27,12,179,0,3,Nicholls State,0,34,57,11,0,0,0,2,20,9,53,16,12,179,0,1,2001
101,101,09/01/2001,UL-Monroe,9,30,60,36,18,186,0,2,Sam Houston State,20,33,77,31,17,188,0,0,-11,-3,-17,5,1,-2,0,2,2001
102,102,09/01/2001,Utah,23,46,213,33,16,147,0,1,Utah State,19,21,70,43,23,231,3,2,4,25,143,-10,-7,-84,-3,-1,2001
103,103,09/01/2001,Utah State,19,21,70,43,23,231,3,2,Utah,23,46,213,33,16,147,0,1,-4,-25,-143,10,7,84,3,1,2001
104,104,09/01/2001,Virginia,17,43,110,37,26,242,1,1,Richmond,16,39,197,19,9,129,1,1,1,4,-87,18,17,113,0,0,2001
105,105,09/01/2001,Virginia Tech,52,46,283,30,21,323,0,0,Connecticut,10,27,74,29,10,110,1,0,42,19,209,1,11,213,-1,0,2001
106,106,09/01/2001,Wake Forest,21,68,294,16,9,157,0,1,East Carolina,19,25,63,35,18,231,2,1,2,43,231,-19,-9,-74,-2,0,2001
107,107,09/01/2001,West Virginia,10,40,76,40,22,240,3,2,Boston College,34,50,325,26,11,146,1,1,-24,-10,-249,14,11,94,2,1,2001
108,108,09/01/2001,Wisconsin,28,32,157,32,16,231,1,1,Oregon,31,35,136,48,22,277,2,0,-3,-3,21,-16,-6,-46,-1,1,2001
109,109,09/01/2001,Wyoming,20,39,91,48,30,331,0,0,Furman,14,33,180,25,12,169,1,1,6,6,-89,23,18,162,-1,-1,2001
110,110,09/02/2001,Cincinnati,14,35,87,36,21,220,3,0,Purdue,19,38,153,25,14,117,0,0,-5,-3,-66,11,7,103,3,0,2001
111,111,09/02/2001,Fresno State,44,35,118,34,21,340,0,0,Oregon State,24,30,27,36,21,296,1,0,20,5,91,-2,0,44,-1,0,2001
112,112,09/02/2001,Oregon State,24,30,27,36,21,296,1,0,Fresno State,44,35,118,34,21,340,0,0,-20,-5,-91,2,0,-44,1,0,2001
113,113,09/02/2001,Purdue,19,38,153,25,14,117,0,0,Cincinnati,14,35,87,36,21,220,3,0,5,3,66,-11,-7,-103,-3,0,2001
114,114,09/03/2001,Memphis,10,46,86,17,10,76,0,2,Mississippi State,30,41,179,22,12,174,1,3,-20,5,-93,-5,-2,-98,-1,-1,2001
115,115,09/03/2001,Mississippi State,30,41,179,22,12,174,1,3,Memphis,10,46,86,17,10,76,0,2,20,-5,93,5,2,98,1,1,2001
116,116,09/06/2001,Indiana,14,34,106,33,19,170,0,2,No Carolina State,35,35,118,34,22,243,0,0,-21,-1,-12,-1,-3,-73,0,2,2001
117,117,09/06/2001,No Carolina State,35,35,118,34,22,243,0,0,Indiana,14,34,106,33,19,170,0,2,21,1,12,1,3,73,0,-2,2001
118,118,09/06/2001,Texas A & M,28,42,166,42,30,341,1,0,Wyoming,20,32,102,26,11,171,2,0,8,10,64,16,19,170,-1,0,2001
119,119,09/06/2001,Wyoming,20,32,102,26,11,171,2,0,Texas A & M,28,42,166,42,30,341,1,0,-8,-10,-64,-16,-19,-170,1,0,2001
120,120,09/07/2001,Nevada-Las Vegas,28,41,149,39,18,304,1,1,Northwestern,37,49,187,49,24,224,0,1,-9,-8,-38,-10,-6,80,1,0,2001
121,121,09/07/2001,Northwestern,37,49,187,49,24,224,0,1,Nevada-Las Vegas,28,41,149,39,18,304,1,1,9,8,38,10,6,-80,-1,0,2001
122,122,09/08/2001,Air Force,42,48,212,17,12,167,0,1,Tennessee Tech,0,35,62,27,15,206,1,0,42,13,150,-10,-3,-39,-1,1,2001
123,123,09/08/2001,Akron,14,33,114,32,15,134,0,1,Ohio State,28,56,236,29,17,289,1,2,-14,-23,-122,3,-2,-155,-1,-1,2001
124,124,09/08/2001,Alabama,12,43,229,17,10,128,0,0,Vanderbilt,9,35,143,35,17,253,0,1,3,8,86,-18,-7,-125,0,-1,2001
125,125,09/08/2001,Alabama-Birmingham,7,29,83,27,13,149,1,1,Florida State,29,41,135,23,15,246,0,0,-22,-12,-52,4,-2,-97,1,1,2001
126,126,09/08/2001,Arizona,36,36,181,35,21,310,0,1,Idaho,29,37,113,49,30,366,1,1,7,-1,68,-14,-9,-56,-1,0,2001
127,127,09/08/2001,Arizona State,38,39,154,36,27,271,0,1,San Diego State,7,35,88,29,10,102,1,1,31,4,66,7,17,169,-1,0,2001
128,128,09/08/2001,Arkansas,3,26,19,16,8,73,2,0,Tennessee,13,55,183,17,13,136,0,1,-10,-29,-164,-1,-5,-63,2,-1,2001
129,129,09/08/2001,Arkansas State,3,40,66,29,12,106,1,4,Baylor,24,44,174,31,14,192,1,1,-21,-4,-108,-2,-2,-86,0,3,2001
130,130,09/08/2001,Army,21,31,160,30,19,203,1,3,Cincinnati,24,43,138,44,32,333,0,1,-3,-12,22,-14,-13,-130,1,2,2001
131,131,09/08/2001,Auburn,27,52,194,19,15,142,1,1,Mississippi,21,23,50,39,24,265,1,3,6,29,144,-20,-9,-123,0,-2,2001
132,132,09/08/2001,Ball State,20,51,257,35,19,170,0,0,Kentucky,28,28,146,22,15,215,0,1,-8,23,111,13,4,-45,0,-1,2001
133,133,09/08/2001,Baylor,24,44,174,31,14,192,1,1,Arkansas State,3,40,66,29,12,106,1,4,21,4,108,2,2,86,0,-3,2001
134,134,09/08/2001,Boise State,20,31,54,38,18,316,3,0,Washington State,41,39,110,35,24,380,0,1,-21,-8,-56,3,-6,-64,3,-1,2001
135,135,09/08/2001,Boston College,22,36,130,41,17,202,2,0,Stanford,38,43,160,30,15,232,0,1,-16,-7,-30,11,2,-30,2,-1,2001
136,136,09/08/2001,Bowling Green,35,50,184,26,15,133,0,0,Buffalo,0,24,43,38,16,162,2,1,35,26,141,-12,-1,-29,-2,-1,2001
137,137,09/08/2001,Brigham Young,44,35,193,28,19,295,0,0,California,16,36,120,38,23,291,1,2,28,-1,73,-10,-4,4,-1,-2,2001
138,138,09/08/2001,Buffalo,0,24,43,38,16,162,2,1,Bowling Green,35,50,184,26,15,133,0,0,-35,-26,-141,12,1,29,2,1,2001
139,139,09/08/2001,California,16,36,120,38,23,291,1,2,Brigham Young,44,35,193,28,19,295,0,0,-28,1,-73,10,4,-4,1,2,2001
140,140,09/08/2001,Central Florida,10,30,104,34,13,253,2,1,Syracuse,21,53,205,18,9,155,1,0,-11,-23,-101,16,4,98,1,1,2001
141,141,09/08/2001,Central Michigan,21,40,165,36,18,122,2,1,Michigan State,35,49,196,29,18,290,1,2,-14,-9,-31,7,0,-168,1,-1,2001
142,142,09/08/2001,Cincinnati,24,43,138,44,32,333,0,1,Army,21,31,160,30,19,203,1,4,3,12,-22,14,13,130,-1,-3,2001
143,143,09/08/2001,Clemson,38,41,200,37,26,283,2,1,Wofford,14,56,280,16,6,36,0,2,24,-15,-80,21,20,247,2,-1,2001
144,144,09/08/2001,Colorado,51,55,263,31,19,297,0,0,San Jose State,15,27,125,41,22,180,2,0,36,28,138,-10,-3,117,-2,0,2001
145,145,09/08/2001,Colorado State,35,28,130,16,8,151,1,1,Nevada-Reno,18,32,128,27,12,101,3,1,17,-4,2,-11,-4,50,-2,0,2001
146,146,09/08/2001,Connecticut,17,40,90,21,9,104,1,0,Eastern Washington,35,30,146,42,28,384,1,0,-18,10,-56,-21,-19,-280,0,0,2001
147,147,09/08/2001,Duke,13,42,139,26,15,189,1,2,Rice,15,57,154,18,11,116,0,1,-2,-15,-15,8,4,73,1,1,2001
148,148,09/08/2001,East Carolina,51,45,319,22,11,220,0,0,Tulane,24,39,137,53,29,292,2,2,27,6,182,-31,-18,-72,-2,-2,2001
149,149,09/08/2001,Eastern Michigan,3,29,24,30,15,100,2,0,Maryland,50,52,280,25,16,196,0,1,-47,-23,-256,5,-1,-96,2,-1,2001
150,150,09/08/2001,Florida,55,31,168,49,33,432,1,2,UL-Monroe,6,21,27,26,11,78,0,1,49,10,141,23,22,354,1,1,2001
151,151,09/08/2001,Florida State,29,41,135,23,15,246,0,0,Alabama-Birmingham,7,29,83,27,13,149,1,1,22,12,52,-4,2,97,-1,-1,2001
152,152,09/08/2001,Fresno State,32,45,178,38,22,240,1,0,Wisconsin,20,34,128,31,13,246,2,0,12,11,50,7,9,-6,-1,0,2001
153,153,09/08/2001,Georgia,9,39,113,35,21,169,2,0,South Carolina,14,36,43,29,19,193,0,1,-5,3,70,6,2,-24,2,-1,2001
154,154,09/08/2001,Georgia Tech,70,54,270,19,15,291,1,0,Navy,7,40,106,26,11,111,2,3,63,14,164,-7,4,180,-1,-3,2001
155,155,09/08/2001,Hawaii,30,28,90,54,31,435,2,2,Montana,12,35,165,47,24,232,1,2,18,-7,-75,7,7,203,1,0,2001
156,156,09/08/2001,Idaho,29,37,113,49,30,366,1,1,Arizona,36,36,181,35,21,310,0,1,-7,1,-68,14,9,56,1,0,2001
157,157,09/08/2001,Illinois,17,37,102,34,17,241,0,0,Northern Illinois,12,44,214,44,17,159,2,0,5,-7,-112,-10,0,82,-2,0,2001
158,158,09/08/2001,Iowa,44,40,141,32,22,270,1,0,Miami-Ohio,19,38,165,20,10,223,2,1,25,2,-24,12,12,47,-1,-1,2001
159,159,09/08/2001,Iowa State,45,45,249,18,9,88,0,1,Northern Iowa,0,41,183,30,10,116,6,1,45,4,66,-12,-1,-28,-6,0,2001
160,160,09/08/2001,Kansas,17,36,86,33,12,156,2,1,U.C.L.A.,41,61,292,19,13,183,0,3,-24,-25,-206,14,-1,-27,2,-2,2001
161,161,09/08/2001,Kansas State,10,57,340,16,7,26,1,1,Southern Cal,6,30,100,36,16,197,0,1,4,27,240,-20,-9,-171,1,0,2001
162,162,09/08/2001,Kent State,38,44,212,26,10,145,0,1,Bucknell,17,39,236,51,25,179,2,3,21,5,-24,-25,-15,-34,-2,-2,2001
163,163,09/08/2001,Kentucky,28,28,146,22,15,215,0,1,Ball State,20,51,257,35,19,170,0,0,8,-23,-111,-13,-4,45,0,1,2001
164,164,09/08/2001,Louisiana State,31,43,275,24,13,229,0,3,Utah State,14,24,91,52,30,235,2,2,17,19,184,-28,-17,-6,-2,1,2001
165,165,09/08/2001,Louisiana Tech,23,25,29,54,29,286,2,0,Oklahoma State,30,48,165,22,11,137,1,2,-7,-23,-136,32,18,149,1,-2,2001
166,166,09/08/2001,Louisville,31,32,176,25,14,218,0,1,Western Carolina,7,52,173,22,12,104,1,1,24,-20,3,3,2,114,-1,0,2001
167,167,09/08/2001,Marshall,49,32,214,32,21,331,1,1,Massachusetts,20,56,201,38,13,154,0,2,29,-24,13,-6,8,177,1,-1,2001
168,168,09/08/2001,Maryland,50,52,280,25,16,196,0,1,Eastern Michigan,3,29,24,30,15,100,2,0,47,23,256,-5,1,96,-2,1,2001
169,169,09/08/2001,Memphis,43,43,245,29,20,198,0,0,Chattanooga,10,29,30,46,20,201,1,0,33,14,215,-17,0,-3,-1,0,2001
170,170,09/08/2001,Miami-Florida,61,42,227,26,14,315,1,1,Rutgers,0,40,64,22,9,62,1,5,61,2,163,4,5,253,0,-4,2001
171,171,09/08/2001,Miami-Ohio,19,38,165,20,10,223,2,1,Iowa,44,40,141,32,22,270,1,0,-25,-2,24,-12,-12,-47,1,1,2001
172,172,09/08/2001,Michigan,18,37,124,45,26,248,2,0,Washington,23,35,69,22,13,199,0,0,-5,2,55,23,13,49,2,0,2001
173,173,09/08/2001,Michigan State,35,49,196,29,18,290,1,2,Central Michigan,21,40,165,36,18,122,2,1,14,9,31,-7,0,168,-1,1,2001
174,174,09/08/2001,Mid Tennessee St,54,55,313,28,20,328,1,1,Troy State,17,27,61,42,25,268,2,0,37,28,252,-14,-5,60,-1,1,2001
175,175,09/08/2001,Minnesota,44,61,331,28,15,202,1,1,UL-Lafayette,14,26,30,35,18,126,0,1,30,35,301,-7,-3,76,1,0,2001
176,176,09/08/2001,Mississippi,21,23,50,39,24,265,1,3,Auburn,27,52,194,19,15,142,1,1,-6,-29,-144,20,9,123,0,2,2001
177,177,09/08/2001,Missouri,40,51,238,26,13,103,0,2,S W Texas State,6,34,23,12,8,93,1,1,34,17,215,14,5,10,-1,1,2001
178,178,09/08/2001,Navy,7,40,106,26,11,111,2,3,Georgia Tech,70,54,270,19,15,291,1,0,-63,-14,-164,7,-4,-180,1,3,2001
179,179,09/08/2001,Nebraska,27,52,182,9,6,88,0,2,Notre Dame,10,30,43,32,16,119,2,2,17,22,139,-23,-10,-31,-2,0,2001
180,180,09/08/2001,Nevada-Reno,18,32,128,27,12,101,3,1,Colorado State,35,28,130,16,8,151,1,1,-17,4,-2,11,4,-50,2,0,2001
181,181,09/08/2001,New Mexico,30,47,210,24,11,122,0,1,Texas Tech,42,28,62,49,30,364,2,0,-12,19,148,-25,-19,-242,-2,1,2001
182,182,09/08/2001,New Mexico State,22,43,161,29,15,206,0,1,Oregon State,27,46,213,27,16,207,1,0,-5,-3,-52,2,-1,-1,-1,1,2001
183,183,09/08/2001,North Carolina,14,38,95,30,10,116,3,0,Texas,44,35,159,37,17,167,0,2,-30,3,-64,-7,-7,-51,3,-2,2001
184,184,09/08/2001,North Texas,10,39,117,26,12,180,2,1,Oklahoma,37,29,190,42,29,353,1,2,-27,10,-73,-16,-17,-173,1,-1,2001
185,185,09/08/2001,Northern Illinois,12,44,214,44,17,159,2,0,Illinois,17,37,102,34,17,241,0,0,-5,7,112,10,0,-82,2,0,2001
186,186,09/08/2001,Notre Dame,10,30,43,32,16,119,2,2,Nebraska,27,52,182,9,6,88,0,2,-17,-22,-139,23,10,31,2,0,2001
187,187,09/08/2001,Ohio,3,58,223,8,5,87,0,2,West Virginia,20,49,211,26,14,139,0,0,-17,9,12,-18,-9,-52,0,2,2001
188,188,09/08/2001,Ohio State,28,56,236,29,17,289,1,2,Akron,14,33,114,32,15,134,0,1,14,23,122,-3,2,155,1,1,2001
189,189,09/08/2001,Oklahoma,37,29,190,42,29,353,1,2,North Texas,10,39,117,26,12,180,2,1,27,-10,73,16,17,173,-1,1,2001
190,190,09/08/2001,Oklahoma State,30,48,165,22,11,137,1,2,Louisiana Tech,23,26,33,53,29,286,2,0,7,22,132,-31,-18,-149,-1,2,2001
191,191,09/08/2001,Oregon,24,31,105,29,19,272,0,0,Utah,10,35,121,51,25,252,1,0,14,-4,-16,-22,-6,20,-1,0,2001
192,192,09/08/2001,Oregon State,27,46,213,27,16,207,1,0,New Mexico State,22,42,165,29,15,206,0,1,5,4,48,-2,1,1,1,-1,2001
193,193,09/08/2001,Pittsburgh,26,29,12,51,30,371,1,2,South Florida,35,32,100,65,37,343,1,1,-9,-3,-88,-14,-7,28,0,1,2001
194,194,09/08/2001,Rice,15,57,154,18,11,116,0,1,Duke,13,42,139,26,15,189,1,2,2,15,15,-8,-4,-73,-1,-1,2001
195,195,09/08/2001,Rutgers,0,40,64,22,9,62,1,5,Miami-Florida,61,42,227,26,14,315,1,1,-61,-2,-163,-4,-5,-253,0,4,2001
196,196,09/08/2001,San Diego State,7,35,88,29,10,102,1,1,Arizona State,38,39,154,36,27,271,0,1,-31,-4,-66,-7,-17,-169,1,0,2001
197,197,09/08/2001,San Jose State,15,27,125,41,22,180,2,0,Colorado,51,55,263,31,19,297,0,0,-36,-28,-138,10,3,-117,2,0,2001
198,198,09/08/2001,South Carolina,14,36,43,29,19,193,0,1,Georgia,9,39,113,35,21,169,2,0,5,-3,-70,-6,-2,24,-2,1,2001
199,199,09/08/2001,South Florida,35,32,100,65,37,343,1,1,Pittsburgh,26,29,12,51,30,371,1,2,9,3,88,14,7,-28,0,-1,2001
200,200,09/08/2001,Southern Cal,6,30,100,36,16,197,0,1,Kansas State,10,57,340,16,7,26,1,1,-4,-27,-240,20,9,171,-1,0,2001
201,201,09/08/2001,Southern Methodist,10,30,39,30,14,109,1,2,Texas Christian,38,47,171,21,13,119,2,1,-28,-17,-132,9,1,-10,-1,1,2001
202,202,09/08/2001,Stanford,38,43,160,30,15,232,0,1,Boston College,22,36,130,41,17,202,2,0,16,7,30,-11,-2,30,-2,1,2001
203,203,09/08/2001,Syracuse,21,53,205,18,9,155,1,0,Central Florida,10,30,100,34,13,253,2,1,11,23,105,-16,-4,-98,-1,-1,2001
204,204,09/08/2001,Temple,7,22,-27,30,12,159,3,2,Toledo,33,49,179,28,17,231,3,0,-26,-27,-206,2,-5,-72,0,2,2001
205,205,09/08/2001,Tennessee,13,55,183,17,13,136,0,1,Arkansas,3,26,19,16,8,73,2,0,10,29,164,1,5,63,-2,1,2001
206,206,09/08/2001,Texas,44,35,159,37,17,167,0,2,North Carolina,14,38,95,30,10,116,3,0,30,-3,64,7,7,51,-3,2,2001
207,207,09/08/2001,Texas Christian,38,47,171,21,13,119,2,1,Southern Methodist,10,30,39,30,14,109,1,2,28,17,132,-9,-1,10,1,-1,2001
208,208,09/08/2001,Texas Tech,42,28,62,49,30,364,2,0,New Mexico,30,47,210,24,11,122,0,1,12,-19,-148,25,19,242,2,-1,2001
209,209,09/08/2001,Texas-El Paso,52,51,305,28,10,122,2,0,Texas Southern,6,40,116,25,7,90,3,2,46,11,189,3,3,32,-1,-2,2001
210,210,09/08/2001,Toledo,33,49,179,28,17,231,3,0,Temple,7,22,-27,30,12,159,3,2,26,27,206,-2,5,72,0,-2,2001
211,211,09/08/2001,Troy State,17,27,61,42,25,268,2,0,Mid Tennessee St,54,55,313,28,20,328,1,0,-37,-28,-252,14,5,-60,1,0,2001
212,212,09/08/2001,Tulane,24,38,141,53,29,288,2,2,East Carolina,51,45,319,22,11,220,0,0,-27,-7,-178,31,18,68,2,2,2001
213,213,09/08/2001,U.C.L.A.,41,61,292,19,13,183,0,3,Kansas,17,36,86,33,12,156,2,1,24,25,206,-14,1,27,-2,2,2001
214,214,09/08/2001,UL-Lafayette,14,26,30,35,18,126,0,1,Minnesota,44,61,331,28,15,202,1,1,-30,-35,-301,7,3,-76,-1,0,2001
215,215,09/08/2001,UL-Monroe,6,21,27,26,11,78,0,1,Florida,55,31,168,49,33,432,1,2,-49,-10,-141,-23,-22,-354,-1,-1,2001
216,216,09/08/2001,Utah,10,35,121,51,25,252,1,0,Oregon,24,32,107,28,18,270,0,0,-14,3,14,23,7,-18,1,0,2001
217,217,09/08/2001,Utah State,14,24,91,52,30,235,2,2,Louisiana State,31,43,275,24,13,229,0,3,-17,-19,-184,28,17,6,2,-1,2001
218,218,09/08/2001,Vanderbilt,9,35,143,35,17,253,0,1,Alabama,12,43,229,17,10,128,0,0,-3,-8,-86,18,7,125,0,1,2001
219,219,09/08/2001,Virginia Tech,31,58,271,26,14,156,0,2,Western Michigan,0,23,34,31,15,132,1,0,31,35,237,-5,-1,24,-1,2,2001
220,220,09/08/2001,Wake Forest,20,56,205,19,12,178,0,3,Appalachian State,10,33,157,25,15,125,2,1,10,23,48,-6,-3,53,-2,2,2001
221,221,09/08/2001,Washington,23,35,69,22,13,199,0,0,Michigan,18,37,124,45,26,248,2,0,5,-2,-55,-23,-13,-49,-2,0,2001
222,222,09/08/2001,Washington State,41,39,110,35,24,380,0,1,Boise State,20,31,54,38,18,316,3,0,21,8,56,-3,6,64,-3,1,2001
223,223,09/08/2001,West Virginia,20,49,211,26,14,139,0,0,Ohio,3,58,223,8,5,87,0,2,17,-9,-12,18,9,52,0,-2,2001
224,224,09/08/2001,Western Michigan,0,23,34,31,15,132,1,1,Virginia Tech,31,58,271,26,14,156,0,2,-31,-35,-237,5,1,-24,1,-1,2001
225,225,09/08/2001,Wisconsin,20,34,128,31,13,246,2,0,Fresno State,32,45,172,39,23,242,1,0,-12,-11,-44,-8,-10,4,1,0,2001
226,226,09/20/2001,Mississippi State,14,34,119,46,27,261,1,1,South Carolina,16,46,238,16,7,60,0,0,-2,-12,-119,30,20,201,1,1,2001
227,227,09/20/2001,Nebraska,48,53,292,15,12,205,0,0,Rice,3,47,196,25,8,169,2,0,45,6,96,-10,4,36,-2,0,2001
228,228,09/20/2001,Rice,3,47,196,25,8,169,2,0,Nebraska,48,53,292,15,12,205,0,0,-45,-6,-96,10,-4,-36,2,0,2001
229,229,09/20/2001,South Carolina,16,46,238,16,7,60,0,0,Mississippi State,14,34,119,46,27,261,1,1,2,12,119,-30,-20,-201,-1,-1,2001
230,230,09/22/2001,Akron,14,47,133,25,15,133,2,1,Purdue,33,36,179,41,22,292,2,0,-19,11,-46,-16,-7,-159,0,1,2001
231,231,09/22/2001,Alabama,31,34,116,16,9,133,0,2,Arkansas,10,46,106,40,22,209,2,2,21,-12,10,-24,-13,-76,-2,0,2001
232,232,09/22/2001,Alabama-Birmingham,55,49,239,25,19,220,0,0,Army,3,21,46,36,21,191,4,2,52,28,193,-11,-2,29,-4,-2,2001
233,233,09/22/2001,Arizona,38,37,184,34,19,256,0,2,Nevada-Las Vegas,21,37,124,20,7,156,0,2,17,0,60,14,12,100,0,0,2001
234,234,09/22/2001,Arizona State,28,23,86,47,23,418,2,1,Stanford,51,44,223,33,22,325,0,0,-23,-21,-137,14,1,93,2,1,2001
235,235,09/22/2001,Arkansas,10,46,106,40,22,209,2,2,Alabama,31,34,116,16,9,133,0,2,-21,12,-10,24,13,76,2,0,2001
236,236,09/22/2001,Arkansas State,28,21,142,27,11,191,2,0,Jacksonville St,31,67,325,20,10,124,1,0,-3,-46,-183,7,1,67,1,0,2001
237,237,09/22/2001,Army,3,21,46,36,21,191,4,2,Alabama-Birmingham,55,49,239,25,19,220,0,0,-52,-28,-193,11,2,-29,4,2,2001
238,238,09/22/2001,Auburn,14,40,182,23,13,172,1,4,Syracuse,31,52,226,15,6,74,0,0,-17,-12,-44,8,7,98,1,4,2001
239,239,09/22/2001,Ball State,39,56,235,32,20,271,1,2,Northern Iowa,42,32,124,26,15,213,0,2,-3,24,111,6,5,58,1,0,2001
240,240,09/22/2001,Baylor,16,38,73,47,26,223,2,1,New Mexico,13,45,102,29,13,258,2,2,3,-7,-29,18,13,-35,0,-1,2001
241,241,09/22/2001,Boise State,42,53,224,13,8,155,0,2,Texas-El Paso,17,42,160,28,16,153,2,0,25,11,64,-15,-8,2,-2,2,2001
242,242,09/22/2001,Boston College,38,44,232,26,19,247,0,0,Navy,21,51,177,9,4,124,2,1,17,-7,55,17,15,123,-2,-1,2001
243,243,09/22/2001,Bowling Green,42,28,54,35,18,194,2,1,Temple,23,32,29,51,26,327,3,1,19,-4,25,-16,-8,-133,-1,0,2001
244,244,09/22/2001,Buffalo,37,45,149,41,23,237,0,2,Connecticut,20,35,115,22,7,106,3,0,17,10,34,19,16,131,-3,2,2001
245,245,09/22/2001,California,20,28,68,48,19,299,2,2,Washington State,51,36,92,47,23,513,1,0,-31,-8,-24,1,-4,-214,1,2,2001
246,246,09/22/2001,Central Florida,36,44,184,29,20,338,1,2,Tulane,29,31,126,47,30,280,0,0,7,13,58,-18,-10,58,1,2,2001
247,247,09/22/2001,Central Michigan,28,41,118,42,25,280,2,1,Toledo,52,47,293,23,13,169,0,0,-24,-6,-175,19,12,111,2,1,2001
248,248,09/22/2001,Cincinnati,14,25,77,37,22,206,1,0,Miami-Ohio,21,43,199,25,20,264,0,0,-7,-18,-122,12,2,-58,1,0,2001
249,249,09/22/2001,Clemson,24,51,182,34,25,251,2,1,Virginia,26,35,160,34,18,227,1,0,-2,16,22,0,7,24,1,1,2001
250,250,09/22/2001,Colorado,27,48,338,25,12,186,1,0,Kansas,16,44,113,25,12,165,0,0,11,4,225,0,0,21,1,0,2001
251,251,09/22/2001,Colorado State,7,29,93,30,11,119,1,0,San Diego State,14,50,170,25,17,200,0,1,-7,-21,-77,5,-6,-81,1,-1,2001
252,252,09/22/2001,Connecticut,20,35,115,22,7,106,3,0,Buffalo,37,45,149,41,23,237,0,2,-17,-10,-34,-19,-16,-131,3,-2,2001
253,253,09/22/2001,Duke,7,32,137,36,17,171,4,0,Northwestern,44,49,303,37,23,335,1,0,-37,-17,-166,-1,-6,-164,3,0,2001
254,254,09/22/2001,East Carolina,38,29,199,24,12,245,1,1,William & Mary,23,56,180,33,19,292,0,2,15,-27,19,-9,-7,-47,1,-1,2001
255,255,09/22/2001,Eastern Michigan,14,31,89,33,16,179,0,0,Indiana State,21,49,168,17,9,101,1,0,-7,-18,-79,16,7,78,-1,0,2001
256,256,09/22/2001,Florida,44,32,168,40,25,397,0,3,Kentucky,10,21,85,39,23,203,0,0,34,11,83,1,2,194,0,3,2001
257,257,09/22/2001,Florida State,9,37,88,25,9,136,1,4,North Carolina,41,41,69,30,14,232,2,0,-32,-4,19,-5,-5,-96,-1,4,2001
258,258,09/22/2001,Fresno State,37,33,199,29,22,314,1,0,Tulsa,18,39,145,41,24,210,2,0,19,-6,54,-12,-2,104,-1,0,2001
259,259,09/22/2001,Hawaii,20,20,45,38,25,303,1,0,Nevada-Reno,28,51,220,28,21,231,0,0,-8,-31,-175,10,4,72,1,0,2001
260,260,09/22/2001,Houston,26,30,68,33,20,364,1,2,Texas,53,39,193,37,22,341,1,1,-27,-9,-125,-4,-2,23,0,1,2001
261,261,09/22/2001,Idaho,3,34,130,28,12,120,2,0,Washington,53,45,212,26,19,222,1,1,-50,-11,-82,2,-7,-102,1,-1,2001
262,262,09/22/2001,Illinois,34,42,203,39,18,301,2,0,Louisville,10,26,26,38,21,312,3,2,24,16,177,1,-3,-11,-1,-2,2001
263,263,09/22/2001,Indiana,26,44,229,23,13,157,1,0,Utah,28,43,169,29,21,278,0,1,-2,1,60,-6,-8,-121,1,-1,2001
264,264,09/22/2001,Iowa State,31,53,308,28,15,250,2,0,Ohio,28,44,285,12,8,151,0,1,3,9,23,16,7,99,2,-1,2001
265,265,09/22/2001,Kansas,16,44,113,25,12,165,0,-6,Colorado,27,48,338,25,12,186,1,0,-11,-4,-225,0,0,-21,-1,-6,2001
266,266,09/22/2001,Kansas State,64,53,277,19,11,251,1,0,New Mexico State,0,43,45,23,9,70,2,1,64,10,232,-4,2,181,-1,-1,2001
267,267,09/22/2001,Kent State,14,42,176,33,13,117,2,1,West Virginia,34,51,221,34,27,286,0,2,-20,-9,-45,-1,-14,-169,2,-1,2001
268,268,09/22/2001,Kentucky,10,21,85,39,23,203,0,0,Florida,44,32,168,40,25,397,0,3,-34,-11,-83,-1,-2,-194,0,-3,2001
269,269,09/22/2001,Louisville,10,25,29,39,22,309,3,2,Illinois,34,42,203,39,18,301,2,0,-24,-17,-174,0,4,8,1,2,2001
270,270,09/22/2001,Maryland,27,51,297,23,16,222,2,0,Wake Forest,20,46,163,32,17,216,1,1,7,5,134,-9,-1,6,1,-1,2001
271,271,09/22/2001,Memphis,17,43,161,20,15,164,1,3,South Florida,9,23,124,62,25,276,3,1,8,20,37,-42,-10,-112,-2,2,2001
272,272,09/22/2001,Miami-Ohio,21,43,199,25,20,264,0,0,Cincinnati,14,25,77,37,22,206,1,0,7,18,122,-12,-2,58,-1,0,2001
273,273,09/22/2001,Michigan,38,39,188,30,18,284,0,0,Western Michigan,21,25,13,58,36,374,2,0,17,14,175,-28,-18,-90,-2,0,2001
274,274,09/22/2001,Michigan State,17,40,124,25,14,208,0,0,Notre Dame,10,43,156,24,13,124,1,1,7,-3,-32,1,1,84,-1,-1,2001
275,275,09/22/2001,Mid Tennessee St,38,48,186,37,30,323,0,3,UL-Monroe,20,23,84,41,23,283,1,1,18,25,102,-4,7,40,-1,2,2001
276,276,09/22/2001,Navy,21,51,177,9,4,124,2,1,Boston College,38,44,232,26,19,247,0,0,-17,7,-55,-17,-15,-123,2,1,2001
277,277,09/22/2001,Nevada-Las Vegas,21,37,124,20,7,156,0,2,Arizona,38,37,184,34,19,256,0,2,-17,0,-60,-14,-12,-100,0,0,2001
278,278,09/22/2001,Nevada-Reno,28,51,220,28,21,231,0,0,Hawaii,20,20,45,38,25,303,1,0,8,31,175,-10,-4,-72,-1,0,2001
279,279,09/22/2001,New Mexico,13,45,102,29,13,258,2,2,Baylor,16,37,72,47,26,223,2,1,-3,8,30,-18,-13,35,0,1,2001
280,280,09/22/2001,New Mexico State,0,43,45,23,9,70,2,1,Kansas State,64,53,281,19,11,251,1,0,-64,-10,-236,4,-2,-181,1,1,2001
281,281,09/22/2001,No Carolina State,26,26,73,31,21,215,1,0,Southern Methodist,17,44,165,23,13,151,1,2,9,-18,-92,8,8,64,0,-2,2001
282,282,09/22/2001,North Carolina,41,41,69,30,14,232,2,0,Florida State,9,37,88,25,9,136,1,4,32,4,-19,5,5,96,1,-4,2001
283,283,09/22/2001,North Texas,14,38,160,32,14,125,2,2,Texas Tech,42,27,121,46,35,286,0,0,-28,11,39,-14,-21,-161,2,2,2001
284,284,09/22/2001,Northern Illinois,41,52,160,26,15,279,0,0,Sam Houston State,16,34,86,38,25,318,2,1,25,18,74,-12,-10,-39,-2,-1,2001
285,285,09/22/2001,Northwestern,44,49,303,37,23,335,1,0,Duke,7,32,137,36,17,171,4,0,37,17,166,1,6,164,-3,0,2001
286,286,09/22/2001,Notre Dame,10,43,156,24,13,124,1,1,Michigan State,17,40,124,25,14,208,0,0,-7,3,32,-1,-1,-84,1,1,2001
287,287,09/22/2001,Ohio,28,44,285,12,8,151,0,1,Iowa State,31,53,308,28,15,250,2,0,-3,-9,-23,-16,-7,-99,-2,1,2001
288,288,09/22/2001,Ohio State,6,35,121,23,5,45,2,0,U.C.L.A.,13,41,61,26,16,262,0,4,-7,-6,60,-3,-11,-217,2,-4,2001
289,289,09/22/2001,Oklahoma State,7,36,64,30,15,135,0,1,Texas A & M,21,43,132,25,14,92,1,1,-14,-7,-68,5,1,43,-1,0,2001
290,290,09/22/2001,Oregon,24,26,80,36,23,223,0,1,Southern Cal,22,32,40,40,25,411,3,0,2,-6,40,-4,-2,-188,-3,1,2001
291,291,09/22/2001,Penn State,6,25,23,20,6,108,1,1,Wisconsin,18,66,320,19,10,114,1,0,-12,-41,-297,1,-4,-6,0,1,2001
292,292,09/22/2001,Purdue,33,36,179,41,22,292,2,0,Akron,14,47,133,25,15,133,2,1,19,-11,46,16,7,159,0,-1,2001
293,293,09/22/2001,Rutgers,0,38,32,24,12,70,4,2,Virginia Tech,50,46,223,27,19,175,0,1,-50,-8,-191,-3,-7,-105,4,1,2001
294,294,09/22/2001,San Diego State,14,50,170,25,17,200,0,1,Colorado State,7,29,93,30,11,119,1,0,7,21,77,-5,6,81,-1,1,2001
295,295,09/22/2001,South Florida,9,23,124,62,25,276,3,1,Memphis,17,43,161,20,15,164,1,3,-8,-20,-37,42,10,112,2,-2,2001
296,296,09/22/2001,Southern Cal,22,32,40,40,25,411,3,0,Oregon,24,26,80,36,23,223,0,1,-2,6,-40,4,2,188,3,-1,2001
297,297,09/22/2001,Southern Methodist,17,44,165,23,13,151,1,2,No Carolina State,26,26,73,31,21,215,1,0,-9,18,92,-8,-8,-64,0,2,2001
298,298,09/22/2001,Southern Miss,35,44,104,35,21,272,1,1,UL-Lafayette,10,17,7,39,10,137,3,0,25,27,97,-4,11,135,-2,1,2001
299,299,09/22/2001,Stanford,51,44,223,33,22,325,0,0,Arizona State,28,23,86,47,23,418,2,1,23,21,137,-14,-1,-93,-2,-1,2001
300,300,09/22/2001,Syracuse,31,52,226,15,6,74,0,0,Auburn,14,40,182,23,13,172,1,4,17,12,44,-8,-7,-98,-1,-4,2001
301,301,09/22/2001,Temple,23,32,29,52,27,334,3,1,Bowling Green,42,28,54,35,18,194,2,1,-19,4,-25,17,9,140,1,0,2001
302,302,09/22/2001,Texas,53,39,193,37,22,341,1,1,Houston,26,30,68,33,20,364,1,2,27,9,125,4,2,-23,0,-1,2001
303,303,09/22/2001,Texas A & M,21,42,148,25,14,92,1,1,Oklahoma State,7,36,64,30,15,135,0,1,14,6,84,-5,-1,-43,1,0,2001
304,304,09/22/2001,Texas Christian,24,32,77,32,18,263,0,0,Northwestern St(LA),27,43,121,36,18,326,0,0,-3,-11,-44,-4,0,-63,0,0,2001
305,305,09/22/2001,Texas Tech,42,27,121,46,35,286,0,0,North Texas,14,38,160,32,14,125,2,2,28,-11,-39,14,21,161,-2,-2,2001
306,306,09/22/2001,Texas-El Paso,17,42,160,28,16,153,2,0,Boise State,42,53,224,13,8,155,0,2,-25,-11,-64,15,8,-2,2,-2,2001
307,307,09/22/2001,Toledo,52,47,293,23,13,169,0,0,Central Michigan,28,41,118,43,26,287,2,1,24,6,175,-20,-13,-118,-2,-1,2001
308,308,09/22/2001,Tulane,29,31,126,47,30,280,0,0,Central Florida,36,44,184,29,20,338,1,2,-7,-13,-58,18,10,-58,-1,-2,2001
309,309,09/22/2001,Tulsa,18,39,145,41,24,210,2,0,Fresno State,37,33,199,29,22,314,1,0,-19,6,-54,12,2,-104,1,0,2001
310,310,09/22/2001,U.C.L.A.,13,41,61,26,16,262,0,4,Ohio State,6,35,121,23,5,45,2,0,7,6,-60,3,11,217,-2,4,2001
311,311,09/22/2001,UL-Lafayette,10,17,7,39,10,137,3,0,Southern Miss,35,44,104,35,21,272,1,1,-25,-27,-97,4,-11,-135,2,-1,2001
312,312,09/22/2001,UL-Monroe,20,23,84,41,23,283,1,1,Mid Tennessee St,38,48,186,37,30,323,0,3,-18,-25,-102,4,-7,-40,1,-2,2001
313,313,09/22/2001,Utah,28,43,169,29,21,278,0,1,Indiana,26,44,229,23,13,157,1,0,2,-1,-60,6,8,121,-1,1,2001
314,314,09/22/2001,Utah State,42,35,294,47,31,277,0,0,Wyoming,43,34,166,38,22,422,0,0,-1,1,128,9,9,-145,0,0,2001
315,315,09/22/2001,Vanderbilt,28,26,116,32,20,236,0,1,Richmond,22,51,169,18,8,141,0,0,6,-25,-53,14,12,95,0,1,2001
316,316,09/22/2001,Virginia,26,35,160,34,18,227,1,0,Clemson,24,51,182,34,25,251,2,1,2,-16,-22,0,-7,-24,-1,-1,2001
317,317,09/22/2001,Virginia Tech,50,46,223,27,19,175,0,1,Rutgers,0,38,32,24,12,70,4,2,50,8,191,3,7,105,-4,-1,2001
318,318,09/22/2001,Wake Forest,20,46,163,32,17,216,1,1,Maryland,27,51,297,23,16,222,2,0,-7,-5,-134,9,1,-6,-1,1,2001
319,319,09/22/2001,Washington,53,45,212,26,19,222,1,1,Idaho,3,34,130,28,12,120,2,0,50,11,82,-2,7,102,-1,1,2001
320,320,09/22/2001,Washington State,51,36,92,47,23,513,1,0,California,20,27,71,49,20,296,2,2,31,9,21,-2,3,217,-1,-2,2001
321,321,09/22/2001,West Virginia,34,51,217,34,27,286,0,2,Kent State,14,42,176,33,13,117,2,1,20,9,41,1,14,169,-2,1,2001
322,322,09/22/2001,Western Michigan,21,25,13,58,36,374,2,0,Michigan,38,39,188,30,18,284,0,0,-17,-14,-175,28,18,90,2,0,2001
323,323,09/22/2001,Wisconsin,18,66,320,19,10,114,1,0,Penn State,6,25,23,20,6,108,1,1,12,41,297,-1,4,6,0,-1,2001
324,324,09/22/2001,Wyoming,43,34,166,38,22,422,0,0,Utah State,42,35,294,47,31,277,0,0,1,-1,-128,-9,-9,145,0,0,2001
325,325,09/27/2001,Miami-Florida,43,45,243,34,20,224,1,0,Pittsburgh,21,32,133,35,17,175,1,2,22,13,110,-1,3,49,0,-2,2001
326,326,09/27/2001,Pittsburgh,21,32,133,35,17,175,1,2,Miami-Florida,43,45,243,34,20,224,1,0,-22,-13,-110,1,-3,-49,0,2,2001
327,327,09/29/2001,Air Force,45,66,307,15,7,120,0,0,San Diego State,21,36,204,27,14,199,2,2,24,30,103,-12,-7,-79,-2,-2,2001
328,328,09/29/2001,Akron,14,42,173,22,13,139,1,0,Kent State,10,45,162,26,17,193,0,2,4,-3,11,-4,-4,-54,1,-2,2001
329,329,09/29/2001,Alabama,36,58,285,25,20,231,1,2,South Carolina,37,23,68,34,19,291,0,2,-1,35,217,-9,1,-60,1,0,2001
330,330,09/29/2001,Alabama-Birmingham,0,34,89,26,16,141,2,1,Southern Miss,3,39,78,25,12,118,0,1,-3,-5,11,1,4,23,2,0,2001
331,331,09/29/2001,Arizona,21,25,76,28,14,190,4,0,Washington State,48,51,138,33,17,283,1,1,-27,-26,-62,-5,-3,-93,3,-1,2001
332,332,09/29/2001,Arizona State,53,52,224,22,15,229,2,1,San Jose State,15,24,63,40,24,272,2,3,38,28,161,-18,-9,-43,0,-2,2001
333,333,09/29/2001,Arkansas,23,34,85,32,17,212,1,0,Georgia,34,43,161,38,20,298,1,0,-11,-9,-76,-6,-3,-86,0,0,2001
334,334,09/29/2001,Army,10,36,154,29,11,108,2,0,Boston College,31,43,192,28,21,204,1,2,-21,-7,-38,1,-10,-96,1,-2,2001
335,335,09/29/2001,Auburn,24,28,107,24,17,247,0,2,Vanderbilt,21,37,168,43,20,162,1,1,3,-9,-61,-19,-3,85,-1,1,2001
336,336,09/29/2001,Ball State,20,40,170,29,13,108,2,0,Miami-Ohio,28,42,212,24,15,122,1,1,-8,-2,-42,5,-2,-14,1,-1,2001
337,337,09/29/2001,Baylor,0,27,13,40,27,177,2,1,Iowa State,41,48,179,29,24,330,1,0,-41,-21,-166,11,3,-153,1,1,2001
338,338,09/29/2001,Boise State,45,41,209,24,18,328,0,0,Idaho,13,31,57,55,29,427,1,0,32,10,152,-31,-11,-99,-1,0,2001
339,339,09/29/2001,Boston College,31,43,192,28,21,204,1,2,Army,10,36,154,29,11,108,2,0,21,7,38,-1,10,96,-1,2,2001
340,340,09/29/2001,Bowling Green,31,33,119,30,16,264,2,0,Marshall,37,41,94,35,21,327,0,2,-6,-8,25,-5,-5,-63,2,-2,2001
341,341,09/29/2001,Brigham Young,35,35,167,38,23,281,1,3,Nevada-Las Vegas,31,49,189,18,11,132,2,1,4,-14,-22,20,12,149,-1,2,2001
342,342,09/29/2001,Buffalo,8,24,42,36,17,194,2,1,Central Michigan,16,65,285,28,14,139,0,1,-8,-41,-243,8,3,55,2,0,2001
343,343,09/29/2001,California,28,32,90,38,22,280,0,2,Washington,31,44,115,33,18,291,0,0,-3,-12,-25,5,4,-11,0,2,2001
344,344,09/29/2001,Central Florida,14,26,24,36,18,227,3,2,Virginia Tech,46,50,232,29,16,203,0,3,-32,-24,-208,7,2,24,3,-1,2001
345,345,09/29/2001,Central Michigan,16,65,285,28,14,139,0,1,Buffalo,8,24,42,36,17,194,2,1,8,41,243,-8,-3,-55,-2,0,2001
346,346,09/29/2001,Clemson,47,52,248,32,18,254,0,1,Georgia Tech,44,45,196,27,17,216,1,0,3,7,52,5,1,38,-1,1,2001
347,347,09/29/2001,Colorado State,42,63,354,26,16,217,0,5,Wyoming,14,44,126,45,27,334,4,1,28,19,228,-19,-11,-117,-4,4,2001
348,348,09/29/2001,Connecticut,20,28,75,30,16,140,1,1,Rutgers,19,50,130,28,12,132,2,1,1,-22,-55,2,4,8,-1,0,2001
349,349,09/29/2001,Duke,10,37,123,36,17,191,1,0,Virginia,31,37,157,36,24,284,1,0,-21,0,-34,0,-7,-93,0,0,2001
350,350,09/29/2001,East Carolina,30,37,275,34,17,192,2,2,Syracuse,44,47,108,29,18,312,2,1,-14,-10,167,5,-1,-120,0,1,2001
351,351,09/29/2001,Eastern Michigan,10,38,146,29,16,93,1,2,Western Michigan,31,36,158,35,21,205,1,2,-21,2,-12,-6,-5,-112,0,0,2001
352,352,09/29/2001,Florida,52,30,133,49,29,507,0,1,Mississippi State,0,28,44,37,18,170,1,1,52,2,89,12,11,337,-1,0,2001
353,353,09/29/2001,Florida State,48,43,154,28,17,358,1,0,Wake Forest,24,57,265,25,10,171,3,1,24,-14,-111,3,7,187,-2,-1,2001
354,354,09/29/2001,Fresno State,38,43,247,42,26,319,0,0,Louisiana Tech,28,23,69,60,32,368,2,1,10,20,178,-18,-6,-49,-2,-1,2001
355,355,09/29/2001,Georgia,34,43,161,38,20,298,1,0,Arkansas,23,34,85,32,17,212,1,0,11,9,76,6,3,86,0,0,2001
356,356,09/29/2001,Georgia Tech,44,45,196,27,17,216,1,0,Clemson,47,52,248,32,18,254,0,1,-3,-7,-52,-5,-1,-38,1,-1,2001
357,357,09/29/2001,Hawaii,24,23,48,57,30,390,4,-1,Rice,27,64,212,19,7,140,0,1,-3,-41,-164,38,23,250,4,-2,2001
358,358,09/29/2001,Houston,17,26,113,40,20,272,0,4,Texas Christian,34,50,268,22,12,89,2,0,-17,-24,-155,18,8,183,-2,4,2001
359,359,09/29/2001,Idaho,13,31,57,55,29,427,1,0,Boise State,45,41,209,24,18,328,0,0,-32,-10,-152,31,11,99,1,0,2001
360,360,09/29/2001,Illinois,20,27,25,46,24,275,1,1,Michigan,45,45,137,30,16,268,0,1,-25,-18,-112,16,8,7,1,0,2001
361,361,09/29/2001,Indiana,14,36,156,21,14,181,1,1,Ohio State,27,53,197,21,15,194,0,0,-13,-17,-41,0,-1,-13,1,1,2001
362,362,09/29/2001,Iowa,24,44,104,25,16,225,0,1,Penn State,18,27,33,37,20,161,0,1,6,17,71,-12,-4,64,0,0,2001
363,363,09/29/2001,Iowa State,41,48,179,29,24,330,1,0,Baylor,0,27,13,40,27,177,2,1,41,21,166,-11,-3,153,-1,-1,2001
364,364,09/29/2001,Kansas State,37,42,189,32,12,257,1,1,Oklahoma,38,26,9,39,18,316,3,0,-1,16,180,-7,-6,-59,-2,1,2001
365,365,09/29/2001,Kent State,10,45,162,26,17,193,0,2,Akron,14,42,173,22,13,139,1,0,-4,3,-11,4,4,54,-1,2,2001
366,366,09/29/2001,Kentucky,31,36,225,33,12,104,1,0,Mississippi,42,42,229,36,19,268,0,1,-11,-6,-4,-3,-7,-164,1,-1,2001
367,367,09/29/2001,Louisiana State,18,20,29,43,21,356,0,1,Tennessee,26,49,139,28,18,309,2,0,-8,-29,-110,15,3,47,-2,1,2001
368,368,09/29/2001,Louisiana Tech,28,23,69,60,32,368,2,1,Fresno State,38,43,247,42,26,319,0,0,-10,-20,-178,18,6,49,2,1,2001
369,369,09/29/2001,Louisville,38,40,235,27,15,207,0,2,Memphis,21,38,212,41,22,177,0,1,17,2,23,-14,-7,30,0,1,2001
370,370,09/29/2001,Marshall,37,41,94,35,21,327,0,2,Bowling Green,31,33,119,30,16,264,2,0,6,8,-25,5,5,63,-2,2,2001
371,371,09/29/2001,Maryland,32,52,181,32,13,192,0,0,West Virginia,20,43,151,52,31,279,4,2,12,9,30,-20,-18,-87,-4,-2,2001
372,372,09/29/2001,Memphis,21,38,212,41,22,177,0,1,Louisville,38,40,235,27,15,207,0,2,-17,-2,-23,14,7,-30,0,-1,2001
373,373,09/29/2001,Miami-Ohio,28,42,212,24,15,122,1,1,Ball State,20,40,170,29,13,108,2,0,8,2,42,-5,2,14,-1,1,2001
374,374,09/29/2001,Michigan,45,45,137,30,16,268,0,1,Illinois,20,27,25,46,24,275,1,1,25,18,112,-16,-8,-7,-1,0,2001
375,375,09/29/2001,Michigan State,26,42,111,37,22,274,1,2,Northwestern,27,44,191,40,23,231,1,0,-1,-2,-80,-3,-1,43,0,2,2001
376,376,09/29/2001,Mid Tennessee St,26,43,289,17,5,53,2,1,UL-Lafayette,9,37,105,42,26,241,2,2,17,6,184,-25,-21,-188,0,-1,2001
377,377,09/29/2001,Minnesota,28,43,216,28,14,190,3,0,Purdue,35,39,151,37,23,337,2,0,-7,4,65,-9,-9,-147,1,0,2001
378,378,09/29/2001,Mississippi,42,42,229,36,19,268,0,1,Kentucky,31,36,225,33,12,104,1,0,11,6,4,3,7,164,-1,1,2001
379,379,09/29/2001,Mississippi State,0,28,44,37,18,170,1,1,Florida,52,30,133,49,29,507,0,1,-52,-2,-89,-12,-11,-337,1,0,2001
380,380,09/29/2001,Missouri,3,23,67,43,16,138,0,0,Nebraska,36,72,412,15,8,120,1,1,-33,-49,-345,28,8,18,-1,-1,2001
381,381,09/29/2001,Nebraska,36,72,412,15,8,120,1,1,Missouri,3,23,67,43,16,138,0,0,33,49,345,-28,-8,-18,1,1,2001
382,382,09/29/2001,Nevada-Las Vegas,31,49,189,18,11,132,2,1,Brigham Young,35,35,167,38,23,281,1,3,-4,14,22,-20,-12,-149,1,-2,2001
383,383,09/29/2001,New Mexico,16,36,146,36,10,165,1,2,Utah,37,48,255,30,15,210,1,1,-21,-12,-109,6,-5,-45,0,1,2001
384,384,09/29/2001,New Mexico State,31,67,288,23,14,166,0,0,UL-Monroe,0,15,30,35,16,147,2,0,31,52,258,-12,-2,19,-2,0,2001
385,385,09/29/2001,No Carolina State,9,20,52,45,25,309,0,2,North Carolina,17,49,161,29,17,186,2,1,-8,-29,-109,16,8,123,-2,1,2001
386,386,09/29/2001,North Carolina,17,49,161,29,17,186,2,2,No Carolina State,9,20,52,45,25,309,0,2,8,29,109,-16,-8,-123,2,0,2001
387,387,09/29/2001,North Texas,10,37,118,33,18,203,1,1,South Florida,28,41,126,24,15,206,1,1,-18,-4,-8,9,3,-3,0,0,2001
388,388,09/29/2001,Northern Illinois,20,28,17,43,22,210,2,0,Toledo,41,49,217,30,21,254,2,1,-21,-21,-200,13,1,-44,0,-1,2001
389,389,09/29/2001,Northwestern,27,44,191,40,23,231,1,0,Michigan State,26,42,111,37,22,274,1,2,1,2,80,3,1,-43,0,-2,2001
390,390,09/29/2001,Notre Dame,3,33,70,27,12,121,3,0,Texas A & M,24,40,133,27,15,177,0,0,-21,-7,-63,0,-3,-56,3,0,2001
391,391,09/29/2001,Ohio State,27,53,197,21,15,194,0,0,Indiana,14,36,156,21,14,181,1,1,13,17,41,0,1,13,-1,-1,2001
392,392,09/29/2001,Oklahoma,38,26,9,39,18,316,3,0,Kansas State,37,42,189,32,12,257,1,1,1,-16,-180,7,6,59,2,-1,2001
393,393,09/29/2001,Oklahoma State,24,39,106,29,21,222,0,1,Northwestern St(LA),0,32,118,25,10,67,1,1,24,7,-12,4,11,155,-1,0,2001
394,394,09/29/2001,Oregon,38,45,289,24,17,261,0,0,Utah State,21,25,77,48,27,378,4,0,17,20,212,-24,-10,-117,-4,0,2001
395,395,09/29/2001,Oregon State,7,28,114,35,11,106,1,2,U.C.L.A.,38,54,268,28,14,228,0,3,-31,-26,-154,7,-3,-122,1,-1,2001
396,396,09/29/2001,Penn State,18,27,33,37,20,161,0,1,Iowa,24,44,104,25,16,225,0,1,-6,-17,-71,12,4,-64,0,0,2001
397,397,09/29/2001,Purdue,35,39,151,37,23,337,2,0,Minnesota,28,43,216,28,14,190,3,0,7,-4,-65,9,9,147,-1,0,2001
398,398,09/29/2001,Rice,27,64,212,19,7,140,0,1,Hawaii,24,23,48,57,30,390,4,0,3,41,164,-38,-23,-250,-4,1,2001
399,399,09/29/2001,Rutgers,19,50,130,28,12,132,2,1,Connecticut,20,28,75,30,16,140,1,1,-1,22,55,-2,-4,-8,1,0,2001
400,400,09/29/2001,San Diego State,21,36,204,27,14,199,2,2,Air Force,45,66,307,15,7,120,0,0,-24,-30,-103,12,7,79,2,2,2001
401,401,09/29/2001,San Jose State,15,24,63,40,24,272,2,3,Arizona State,53,52,224,22,15,229,2,1,-38,-28,-161,18,9,43,0,2,2001
402,402,09/29/2001,South Carolina,37,23,68,34,19,291,0,2,Alabama,36,58,285,25,20,231,1,2,1,-35,-217,9,-1,60,-1,0,2001
403,403,09/29/2001,South Florida,28,41,126,24,15,206,1,1,North Texas,10,37,118,33,18,203,1,1,18,4,8,-9,-3,3,0,0,2001
404,404,09/29/2001,Southern Cal,16,24,28,42,22,240,2,1,Stanford,21,50,203,25,11,194,1,2,-5,-26,-175,17,11,46,1,-1,2001
405,405,09/29/2001,Southern Miss,3,39,78,25,12,118,0,1,Alabama-Birmingham,0,34,89,26,16,141,2,1,3,5,-11,-1,-4,-23,-2,0,2001
406,406,09/29/2001,Stanford,21,50,203,25,11,194,1,2,Southern Cal,16,24,28,42,22,240,2,1,5,26,175,-17,-11,-46,-1,1,2001
407,407,09/29/2001,Syracuse,44,47,108,29,18,312,2,1,East Carolina,30,37,275,34,17,192,2,2,14,10,-167,-5,1,120,0,-1,2001
408,408,09/29/2001,Tennessee,26,49,139,28,18,309,2,0,Louisiana State,18,20,29,43,21,356,0,1,8,29,110,-15,-3,-47,2,-1,2001
409,409,09/29/2001,Texas,42,43,209,26,21,224,1,0,Texas Tech,7,11,37,58,40,260,0,1,35,32,172,-32,-19,-36,1,-1,2001
410,410,09/29/2001,Texas A & M,24,40,133,27,15,177,0,0,Notre Dame,3,33,70,27,12,121,3,0,21,7,63,0,3,56,-3,0,2001
411,411,09/29/2001,Texas Christian,34,50,268,22,12,89,2,0,Houston,17,26,113,40,20,272,0,4,17,24,155,-18,-8,-183,2,-4,2001
412,412,09/29/2001,Texas Tech,7,11,37,58,40,260,0,1,Texas,42,43,209,26,21,224,1,0,-35,-32,-172,32,19,36,-1,1,2001
413,413,09/29/2001,Texas-El Paso,26,53,208,30,20,249,0,1,Tulsa,10,27,100,24,12,218,2,0,16,26,108,6,8,31,-2,1,2001
414,414,09/29/2001,Toledo,41,49,217,30,21,254,2,1,Northern Illinois,20,28,17,43,22,210,2,0,21,21,200,-13,-1,44,0,1,2001
415,415,09/29/2001,Tulane,41,45,216,40,19,277,0,0,Southern Univ,7,32,143,38,20,212,2,3,34,13,73,2,-1,65,-2,-3,2001
416,416,09/29/2001,Tulsa,10,27,100,24,12,218,2,0,Texas-El Paso,26,53,208,30,20,249,0,1,-16,-26,-108,-6,-8,-31,2,-1,2001
417,417,09/29/2001,U.C.L.A.,38,54,268,28,14,228,0,3,Oregon State,7,28,114,35,11,106,1,2,31,26,154,-7,3,122,-1,1,2001
418,418,09/29/2001,UL-Lafayette,9,37,105,42,26,241,2,2,Mid Tennessee St,26,43,289,17,5,53,2,1,-17,-6,-184,25,21,188,0,1,2001
419,419,09/29/2001,UL-Monroe,0,15,30,35,16,147,2,0,New Mexico State,31,67,288,23,14,166,0,0,-31,-52,-258,12,2,-19,2,0,2001
420,420,09/29/2001,Utah,37,48,255,30,15,210,1,1,New Mexico,16,36,146,36,10,165,1,2,21,12,109,-6,5,45,0,-1,2001
421,421,09/29/2001,Utah State,21,25,77,48,27,378,4,0,Oregon,38,45,289,24,17,261,0,0,-17,-20,-212,24,10,117,4,0,2001
422,422,09/29/2001,Vanderbilt,21,37,168,43,20,162,1,1,Auburn,24,28,107,24,17,247,0,2,-3,9,61,19,3,-85,1,-1,2001
423,423,09/29/2001,Virginia,31,37,157,36,24,284,1,0,Duke,10,37,123,36,17,191,1,0,21,0,34,0,7,93,0,0,2001
424,424,09/29/2001,Virginia Tech,46,50,232,29,16,203,0,3,Central Florida,14,26,24,36,18,227,3,2,32,24,208,-7,-2,-24,-3,1,2001
425,425,09/29/2001,Wake Forest,24,57,265,25,10,171,3,0,Florida State,48,43,154,28,17,358,1,0,-24,14,111,-3,-7,-187,2,0,2001
426,426,09/29/2001,Washington,31,44,115,33,18,291,0,0,California,28,32,90,38,22,280,0,2,3,12,25,-5,-4,11,0,-2,2001
427,427,09/29/2001,Washington State,48,51,138,33,17,283,1,1,Arizona,21,25,76,28,14,190,4,0,27,26,62,5,3,93,-3,1,2001
428,428,09/29/2001,West Virginia,20,43,151,52,31,279,4,2,Maryland,32,52,181,32,13,192,0,0,-12,-9,-30,20,18,87,4,2,2001
429,429,09/29/2001,Western Michigan,31,36,158,35,21,205,1,2,Eastern Michigan,10,38,146,29,16,93,1,2,21,-2,12,6,5,112,0,0,2001
430,430,09/29/2001,Wisconsin,24,44,193,23,10,141,2,0,Western Kentucky,6,53,115,4,1,28,0,1,18,-9,78,19,9,113,2,-1,2001
431,431,09/29/2001,Wyoming,14,40,116,26,13,162,4,1,Colorado State,42,52,302,22,13,133,0,4,-28,-12,-186,4,0,29,4,-3,2001
432,432,10/04/2001,Colorado State,2,37,61,23,10,87,3,1,Louisville,7,32,32,28,20,213,2,2,-5,5,29,-5,-10,-126,1,-1,2001
433,433,10/04/2001,Louisville,7,32,32,28,20,213,2,2,Colorado State,2,37,61,23,10,87,3,1,5,-5,-29,5,10,126,-1,1,2001
434,434,10/05/2001,Brigham Young,54,42,259,35,25,304,1,0,Utah State,34,33,143,43,25,283,2,0,20,9,116,-8,0,21,-1,0,2001
435,435,10/05/2001,Utah State,34,33,143,43,25,283,2,0,Brigham Young,54,42,259,35,25,304,1,0,-20,-9,-116,8,0,-21,1,0,2001
436,436,10/06/2001,Air Force,24,62,293,13,7,78,0,1,Navy,18,50,223,20,13,189,1,1,6,12,70,-7,-6,-111,-1,0,2001
437,437,10/06/2001,Akron,14,54,243,27,13,114,0,0,Western Michigan,31,31,140,42,26,353,1,0,-17,23,103,-15,-13,-239,-1,0,2001
438,438,10/06/2001,Alabama,56,53,360,26,15,228,0,1,Texas-El Paso,7,29,133,19,8,99,1,2,49,24,227,7,7,129,-1,-1,2001
439,439,10/06/2001,Alabama-Birmingham,7,27,35,26,13,76,0,2,Central Florida,24,33,38,37,21,290,1,1,-17,-6,-3,-11,-8,-214,-1,1,2001
440,440,10/06/2001,Arizona,28,36,258,31,14,225,2,3,Oregon,63,51,282,29,19,325,1,0,-35,-15,-24,2,-5,-100,1,3,2001
441,441,10/06/2001,Arizona State,63,42,215,27,14,328,1,1,UL-Lafayette,27,32,114,47,22,252,1,1,36,10,101,-20,-8,76,0,0,2001
442,442,10/06/2001,Arkansas,42,44,322,18,8,129,1,1,Weber State,19,33,112,48,28,315,1,1,23,11,210,-30,-20,-186,0,0,2001
443,443,10/06/2001,Arkansas State,17,47,241,15,9,151,0,1,Mississippi,35,40,146,29,20,269,0,2,-18,7,95,-14,-11,-118,0,-1,2001
444,444,10/06/2001,Army,28,46,259,28,15,168,0,0,Houston,14,25,141,41,27,367,2,0,14,21,118,-13,-12,-199,-2,0,2001
445,445,10/06/2001,Auburn,16,48,214,13,7,79,1,0,Mississippi State,14,34,122,25,12,176,1,1,2,14,92,-12,-5,-97,0,-1,2001
446,446,10/06/2001,Baylor,10,34,85,38,19,147,2,1,Texas A & M,16,46,116,36,21,260,0,2,-6,-12,-31,2,-2,-113,2,-1,2001
447,447,10/06/2001,Boise State,14,21,36,34,22,368,1,2,Rice,45,82,430,7,4,86,0,0,-31,-61,-394,27,18,282,1,2,2001
448,448,10/06/2001,Boston College,33,42,188,22,12,141,1,1,Temple,10,36,57,32,15,151,1,0,23,6,131,-10,-3,-10,0,1,2001
449,449,10/06/2001,Bowling Green,24,58,200,42,27,214,2,0,Kent State,7,21,54,24,13,143,1,4,17,37,146,18,14,71,1,-4,2001
450,450,10/06/2001,Buffalo,14,31,64,40,17,194,1,1,Miami-Ohio,31,42,128,30,23,212,1,1,-17,-11,-64,10,-6,-18,0,0,2001
451,451,10/06/2001,Central Florida,24,33,38,37,21,290,1,1,Alabama-Birmingham,7,27,35,26,13,76,0,2,17,6,3,11,8,214,1,-1,2001
452,452,10/06/2001,Cincinnati,46,50,227,32,22,312,0,1,Tulane,33,41,282,46,24,253,2,1,13,9,-55,-14,-2,59,-2,0,2001
453,453,10/06/2001,Colorado,16,45,196,16,8,87,2,1,Kansas State,6,40,74,30,11,122,2,0,10,5,122,-14,-3,-35,0,1,2001
454,454,10/06/2001,Connecticut,19,40,108,32,14,180,1,0,Eastern Michigan,0,28,31,40,20,160,2,2,19,12,77,-8,-6,20,-1,-2,2001
455,455,10/06/2001,Duke,10,37,102,29,11,201,0,2,Georgia Tech,37,48,210,40,24,295,2,1,-27,-11,-108,-11,-13,-94,-2,1,2001
456,456,10/06/2001,East Carolina,21,37,190,23,9,109,1,1,North Carolina,24,48,134,33,21,278,0,1,-3,-11,56,-10,-12,-169,1,0,2001
457,457,10/06/2001,Eastern Michigan,0,28,31,40,20,160,2,2,Connecticut,19,40,108,32,14,180,1,0,-19,-12,-77,8,6,-20,1,2,2001
458,458,10/06/2001,Florida,44,26,128,41,26,504,2,0,Louisiana State,15,41,137,39,18,286,3,0,29,-15,-9,2,8,218,-1,0,2001
459,459,10/06/2001,Georgia,26,28,68,34,21,303,1,0,Tennessee,24,42,197,40,24,295,1,0,2,-14,-129,-6,-3,8,0,0,2001
460,460,10/06/2001,Georgia Tech,37,48,210,40,24,295,2,1,Duke,10,37,102,29,11,201,0,2,27,11,108,11,13,94,2,-1,2001
461,461,10/06/2001,Hawaii,38,43,148,51,31,325,2,0,Southern Methodist,31,34,121,25,11,256,1,4,7,9,27,26,20,69,1,-4,2001
462,462,10/06/2001,Houston,14,25,141,41,27,367,2,0,Army,28,46,259,28,15,168,0,0,-14,-21,-118,13,12,199,2,0,2001
463,463,10/06/2001,Idaho,58,28,123,71,49,637,2,0,Mid Tennessee St,70,39,226,28,23,459,0,1,-12,-11,-103,43,26,178,2,-1,2001
464,464,10/06/2001,Illinois,25,48,198,28,16,239,1,0,Minnesota,14,38,149,34,20,242,1,0,11,10,49,-6,-4,-3,0,0,2001
465,465,10/06/2001,Indiana,63,54,449,13,8,182,0,1,Wisconsin,32,39,106,25,16,225,1,3,31,15,343,-12,-8,-43,-1,-2,2001
466,466,10/06/2001,Iowa,14,34,33,34,22,174,2,0,Purdue,23,30,70,34,17,147,1,1,-9,4,-37,0,5,27,1,-1,2001
467,467,10/06/2001,Iowa State,14,38,122,29,13,214,2,0,Nebraska,48,54,359,16,11,117,1,0,-34,-16,-237,13,2,97,1,0,2001
468,468,10/06/2001,Kansas,34,57,288,32,13,116,0,0,Texas Tech,31,33,101,47,25,257,1,0,3,24,187,-15,-12,-141,-1,0,2001
469,469,10/06/2001,Kansas State,6,40,74,30,11,122,2,0,Colorado,16,45,196,16,8,87,2,1,-10,-5,-122,14,3,35,0,-1,2001
470,470,10/06/2001,Kent State,7,21,54,24,12,143,1,4,Bowling Green,24,59,202,42,27,214,2,0,-17,-38,-148,-18,-15,-71,-1,4,2001
471,471,10/06/2001,Kentucky,6,30,138,36,20,188,2,2,South Carolina,42,43,237,19,12,165,0,0,-36,-13,-99,17,8,23,2,2,2001
472,472,10/06/2001,Louisiana State,15,41,137,39,18,286,3,0,Florida,44,26,128,41,26,504,2,0,-29,15,9,-2,-8,-218,1,0,2001
473,473,10/06/2001,Louisiana Tech,41,30,168,42,31,407,0,1,San Jose State,20,42,206,27,12,192,3,0,21,-12,-38,15,19,215,-3,1,2001
474,474,10/06/2001,Marshall,37,42,174,29,17,184,1,0,Northern Illinois,15,46,127,23,11,142,3,1,22,-4,47,6,6,42,-2,-1,2001
475,475,10/06/2001,Maryland,41,55,243,35,22,237,1,1,Virginia,21,25,64,38,21,281,1,1,20,30,179,-3,1,-44,0,0,2001
476,476,10/06/2001,Memphis,22,34,79,30,14,103,0,0,Southern Miss,17,34,60,37,21,204,4,1,5,0,19,-7,-7,-101,-4,-1,2001
477,477,10/06/2001,Miami-Florida,38,28,101,37,21,327,0,0,Troy State,7,45,155,29,15,157,1,1,31,-17,-54,8,6,170,-1,-1,2001
478,478,10/06/2001,Miami-Ohio,31,42,128,30,23,212,1,1,Buffalo,14,31,64,40,17,194,1,1,17,11,64,-10,6,18,0,0,2001
479,479,10/06/2001,Michigan,20,48,147,33,18,263,0,1,Penn State,0,26,25,38,21,244,2,1,20,22,122,-5,-3,19,-2,0,2001
480,480,10/06/2001,Mid Tennessee St,70,39,226,28,23,459,0,1,Idaho,58,28,123,71,49,637,2,0,12,11,103,-43,-26,-178,-2,1,2001
481,481,10/06/2001,Minnesota,14,38,149,34,20,242,1,0,Illinois,25,48,198,28,16,239,1,0,-11,-10,-49,6,4,3,0,0,2001
482,482,10/06/2001,Mississippi,35,40,146,29,20,269,0,2,Arkansas State,17,47,241,15,9,151,0,1,18,-7,-95,14,11,118,0,1,2001
483,483,10/06/2001,Mississippi State,14,34,109,25,12,176,1,1,Auburn,16,48,214,13,7,79,1,0,-2,-14,-105,12,5,97,0,1,2001
484,484,10/06/2001,Missouri,41,41,149,39,23,275,0,0,Oklahoma State,38,50,147,38,28,272,0,2,3,-9,2,1,-5,3,0,-2,2001
485,485,10/06/2001,Navy,18,50,223,20,13,189,1,1,Air Force,24,62,293,13,7,78,0,1,-6,-12,-70,7,6,111,1,0,2001
486,486,10/06/2001,Nebraska,48,54,359,16,11,117,1,0,Iowa State,14,38,122,29,13,214,2,0,34,16,237,-13,-2,-97,-1,0,2001
487,487,10/06/2001,Nevada-Las Vegas,27,50,313,15,6,80,1,1,Nevada-Reno,12,43,243,42,20,165,2,0,15,7,70,-27,-14,-85,-1,1,2001
488,488,10/06/2001,Nevada-Reno,12,43,243,42,20,165,2,0,Nevada-Las Vegas,27,50,313,15,6,80,1,1,-15,-7,-70,27,14,85,1,-1,2001
489,489,10/06/2001,New Mexico,30,44,131,30,20,211,1,1,Wyoming,29,31,28,36,21,364,3,0,1,13,103,-6,-1,-153,-2,1,2001
490,490,10/06/2001,New Mexico State,24,44,175,19,8,124,1,1,Tulsa,7,30,51,62,34,321,1,1,17,14,124,-43,-26,-197,0,0,2001
491,491,10/06/2001,No Carolina State,17,47,141,32,20,180,0,0,Wake Forest,14,50,221,18,6,95,1,2,3,-3,-80,14,14,85,-1,-2,2001
492,492,10/06/2001,North Carolina,24,48,134,33,21,278,0,0,East Carolina,21,37,190,23,9,109,1,1,3,11,-56,10,12,169,-1,-1,2001
493,493,10/06/2001,Northern Illinois,15,46,127,23,11,142,3,1,Marshall,37,42,174,29,16,184,1,0,-22,4,-47,-6,-5,-42,2,1,2001
494,494,10/06/2001,Northwestern,20,48,170,31,18,136,1,1,Ohio State,38,53,287,10,4,109,1,0,-18,-5,-117,21,14,27,0,1,2001
495,495,10/06/2001,Notre Dame,24,57,249,13,10,70,0,0,Pittsburgh,7,26,50,22,11,182,3,2,17,31,199,-9,-1,-112,-3,-2,2001
496,496,10/06/2001,Ohio,41,47,194,18,11,107,0,2,Toledo,48,46,149,39,31,387,0,1,-7,1,45,-21,-20,-280,0,1,2001
497,497,10/06/2001,Ohio State,38,53,287,10,4,109,1,0,Northwestern,20,48,170,31,18,136,1,1,18,5,117,-21,-14,-27,0,-1,2001
498,498,10/06/2001,Oklahoma,14,31,63,33,20,143,0,0,Texas,3,25,27,42,24,198,4,0,11,6,36,-9,-4,-55,-4,0,2001
499,499,10/06/2001,Oklahoma State,38,50,147,38,28,272,0,2,Missouri,41,41,149,39,23,275,0,0,-3,9,-2,-1,5,-3,0,2,2001
500,500,10/06/2001,Oregon,63,51,283,29,19,325,1,0,Arizona,28,36,258,31,14,225,2,3,35,15,25,-2,5,100,-1,-3,2001
501,501,10/06/2001,Oregon State,27,23,24,41,22,276,3,3,Washington State,34,54,243,30,16,137,2,0,-7,-31,-219,11,6,139,1,3,2001
502,502,10/06/2001,Penn State,0,26,25,38,21,244,2,1,Michigan,20,48,147,33,18,263,0,1,-20,-22,-122,5,3,-19,2,0,2001
503,503,10/06/2001,Pittsburgh,7,26,50,22,11,182,3,2,Notre Dame,24,57,249,13,10,70,0,0,-17,-31,-199,9,1,112,3,2,2001
504,504,10/06/2001,Purdue,23,30,70,34,17,147,1,1,Iowa,14,34,33,34,22,174,2,0,9,-4,37,0,-5,-27,-1,1,2001
505,505,10/06/2001,Rice,45,82,430,7,4,86,0,0,Boise State,14,21,36,34,22,368,1,2,31,61,394,-27,-18,-282,-1,-2,2001
506,506,10/06/2001,Rutgers,17,40,194,34,19,224,1,0,Syracuse,24,48,354,17,7,100,1,1,-7,-8,-160,17,12,124,0,-1,2001
507,507,10/06/2001,San Diego State,40,50,356,31,18,273,3,1,Eastern Illinois,7,23,27,28,15,199,2,0,33,27,329,3,3,74,1,1,2001
508,508,10/06/2001,San Jose State,20,42,206,27,12,192,3,0,Louisiana Tech,41,30,168,42,31,407,0,1,-21,12,38,-15,-19,-215,3,-1,2001
509,509,10/06/2001,South Carolina,42,43,237,19,12,165,0,0,Kentucky,6,30,138,36,20,188,2,2,36,13,99,-17,-8,-23,-2,-2,2001
510,510,10/06/2001,South Florida,21,26,67,61,32,336,1,2,Utah,52,49,245,24,17,264,1,0,-31,-23,-178,37,15,72,0,2,2001
511,511,10/06/2001,Southern Cal,24,41,134,14,8,152,0,1,Washington,27,41,174,34,19,267,1,1,-3,0,-40,-20,-11,-115,-1,0,2001
512,512,10/06/2001,Southern Methodist,31,34,121,25,11,256,1,4,Hawaii,38,43,148,51,31,325,2,0,-7,-9,-27,-26,-20,-69,-1,4,2001
513,513,10/06/2001,Southern Miss,17,34,60,37,21,204,4,1,Memphis,22,34,79,30,14,103,0,0,-5,0,-19,7,7,101,4,1,2001
514,514,10/06/2001,Syracuse,24,48,367,17,7,100,1,1,Rutgers,17,40,194,34,19,224,1,0,7,8,173,-17,-12,-124,0,1,2001
515,515,10/06/2001,Temple,10,36,57,32,15,151,1,0,Boston College,33,42,188,22,12,141,1,1,-23,-6,-131,10,3,10,0,-1,2001
516,516,10/06/2001,Tennessee,24,42,197,40,24,295,1,0,Georgia,26,28,68,34,21,303,1,0,-2,14,129,6,3,-8,0,0,2001
517,517,10/06/2001,Texas,3,25,27,42,24,198,4,0,Oklahoma,14,31,63,33,20,143,0,0,-11,-6,-36,9,4,55,4,0,2001
518,518,10/06/2001,Texas A & M,16,46,116,36,21,260,0,2,Baylor,10,34,85,38,19,147,2,1,6,12,31,-2,2,113,-2,1,2001
519,519,10/06/2001,Texas Tech,31,33,101,47,25,257,1,0,Kansas,34,57,288,32,13,116,0,0,-3,-24,-187,15,12,141,1,0,2001
520,520,10/06/2001,Texas-El Paso,7,29,133,19,8,99,1,2,Alabama,56,53,360,26,15,228,0,1,-49,-24,-227,-7,-7,-129,1,1,2001
521,521,10/06/2001,Toledo,48,46,149,39,31,387,0,1,Ohio,41,47,194,18,11,107,0,2,7,-1,-45,21,20,280,0,-1,2001
522,522,10/06/2001,Troy State,7,45,155,29,15,157,1,1,Miami-Florida,38,28,101,37,21,327,0,0,-31,17,54,-8,-6,-170,1,1,2001
523,523,10/06/2001,Tulane,33,41,282,46,24,253,2,1,Cincinnati,46,50,227,32,22,312,0,1,-13,-9,55,14,2,-59,2,0,2001
524,524,10/06/2001,Tulsa,7,30,51,62,34,321,1,1,New Mexico State,24,44,175,19,8,124,1,1,-17,-14,-124,43,26,197,0,0,2001
525,525,10/06/2001,UL-Lafayette,27,32,114,47,22,252,1,1,Arizona State,63,42,215,27,14,328,1,1,-36,-10,-101,20,8,-76,0,0,2001
526,526,10/06/2001,Utah,52,49,245,24,17,264,1,0,South Florida,21,26,67,61,32,336,1,2,31,23,178,-37,-15,-72,0,-2,2001
527,527,10/06/2001,Virginia,21,25,64,38,21,281,1,1,Maryland,41,55,243,35,22,237,1,1,-20,-30,-179,3,-1,44,0,0,2001
528,528,10/06/2001,Virginia Tech,35,56,224,24,14,188,2,0,West Virginia,0,36,33,38,15,140,3,1,35,20,191,-14,-1,48,-1,-1,2001
529,529,10/06/2001,Wake Forest,14,50,221,18,6,95,1,2,No Carolina State,17,47,141,32,20,180,0,0,-3,3,80,-14,-14,-85,1,2,2001
530,530,10/06/2001,Washington,27,42,175,34,19,266,1,1,Southern Cal,24,41,134,14,8,152,0,1,3,1,41,20,11,114,1,0,2001
531,531,10/06/2001,Washington State,34,54,243,30,16,137,2,2,Oregon State,27,23,24,41,22,276,3,3,7,31,219,-11,-6,-139,-1,-1,2001
532,532,10/06/2001,West Virginia,0,36,33,38,15,140,3,1,Virginia Tech,35,56,224,24,14,188,2,0,-35,-20,-191,14,1,-48,1,1,2001
533,533,10/06/2001,Western Michigan,31,31,140,42,26,353,1,0,Akron,14,53,241,27,13,114,0,0,17,-22,-101,15,13,239,1,0,2001
534,534,10/06/2001,Wisconsin,32,39,106,25,16,225,1,3,Indiana,63,54,450,13,8,182,0,1,-31,-15,-344,12,8,43,1,2,2001
535,535,10/06/2001,Wyoming,29,31,28,36,21,364,3,0,New Mexico,30,44,131,30,20,211,1,1,-1,-13,-103,6,1,153,2,-1,2001
536,536,10/11/2001,Georgia Tech,17,39,50,45,26,320,3,3,Maryland,20,34,92,41,21,210,2,0,-3,5,-42,4,5,110,1,3,2001
537,537,10/11/2001,Maryland,20,34,92,41,21,210,2,0,Georgia Tech,17,39,50,45,26,320,3,3,3,-5,42,-4,-5,-110,-1,-3,2001
538,538,10/13/2001,Air Force,24,60,332,24,11,192,0,1,Wyoming,13,33,189,47,21,327,1,1,11,27,143,-23,-10,-135,-1,0,2001
539,539,10/13/2001,Akron,27,42,97,31,21,307,0,0,Miami-Ohio,30,34,167,40,23,399,1,1,-3,8,-70,-9,-2,-92,-1,-1,2001
540,540,10/13/2001,Alabama,24,38,227,24,7,136,1,0,Mississippi,27,39,105,41,22,325,0,1,-3,-1,122,-17,-15,-189,1,-1,2001
541,541,10/13/2001,Alabama-Birmingham,17,47,200,30,11,133,2,0,Cincinnati,31,36,66,20,12,154,1,0,-14,11,134,10,-1,-21,1,0,2001
542,542,10/13/2001,Arizona,3,30,46,24,10,113,2,1,Oregon State,38,49,195,34,17,220,2,0,-35,-19,-149,-10,-7,-107,0,1,2001
543,543,10/13/2001,Arizona State,17,35,143,25,14,155,3,1,Southern Cal,48,43,118,26,18,295,0,1,-31,-8,25,-1,-4,-140,3,0,2001
544,544,10/13/2001,Arkansas,10,48,162,20,8,62,0,0,South Carolina,7,28,113,32,12,159,2,0,3,20,49,-12,-4,-97,-2,0,2001
545,545,10/13/2001,Arkansas State,26,41,120,18,6,109,0,0,UL-Lafayette,20,28,119,40,29,261,1,2,6,13,1,-22,-23,-152,-1,-2,2001
546,546,10/13/2001,Army,26,43,153,38,21,289,1,1,East Carolina,49,42,263,22,13,178,0,1,-23,1,-110,16,8,111,1,0,2001
547,547,10/13/2001,Auburn,23,41,79,27,13,160,0,2,Florida,20,18,-36,42,25,364,4,1,3,23,115,-15,-12,-204,-4,1,2001
548,548,10/13/2001,Ball State,35,53,217,23,8,95,1,1,Eastern Michigan,14,34,160,41,19,193,2,1,21,19,57,-18,-11,-98,-1,0,2001
549,549,10/13/2001,Baylor,7,33,29,43,15,158,3,1,Nebraska,48,73,641,9,4,47,0,5,-41,-40,-612,34,11,111,3,-4,2001
550,550,10/13/2001,Boise State,41,43,165,37,27,405,0,1,Tulsa,10,18,34,35,22,186,0,0,31,25,131,2,5,219,0,1,2001
551,551,10/13/2001,Boston College,20,28,58,26,13,180,0,3,Virginia Tech,34,49,171,29,16,225,2,0,-14,-21,-113,-3,-3,-45,-2,3,2001
552,552,10/13/2001,Bowling Green,28,43,217,33,20,202,3,2,Western Michigan,37,32,58,42,28,333,0,1,-9,11,159,-9,-8,-131,3,1,2001
553,553,10/13/2001,Brigham Young,24,31,107,41,22,258,0,0,New Mexico,20,48,198,35,18,180,3,0,4,-17,-91,6,4,78,-3,0,2001
554,554,10/13/2001,Buffalo,14,38,162,33,16,207,2,1,Marshall,34,36,108,49,37,455,2,1,-20,2,54,-16,-21,-248,0,0,2001
555,555,10/13/2001,California,7,20,78,52,25,244,3,2,Oregon,48,51,257,24,15,206,0,2,-41,-31,-179,28,10,38,3,0,2001
556,556,10/13/2001,Central Florida,63,38,216,32,21,386,0,0,Liberty,0,28,67,33,19,163,0,1,63,10,149,-1,2,223,0,-1,2001
557,557,10/13/2001,Central Michigan,3,50,215,27,17,101,1,1,Ohio,34,60,342,8,4,94,0,1,-31,-10,-127,19,13,7,1,0,2001
558,558,10/13/2001,Cincinnati,31,36,66,20,12,154,1,0,Alabama-Birmingham,17,47,200,30,11,133,2,0,14,-11,-134,-10,1,21,-1,0,2001
559,559,10/13/2001,Clemson,45,52,234,27,23,333,0,2,No Carolina State,37,21,21,48,25,331,1,0,8,31,213,-21,-2,2,-1,2,2001
560,560,10/13/2001,Colorado,31,52,170,28,14,183,1,0,Texas A & M,21,19,42,50,30,334,2,1,10,33,128,-22,-16,-151,-1,-1,2001
561,561,10/13/2001,Colorado State,22,52,322,24,13,116,0,0,Fresno State,25,29,143,37,28,389,0,0,-3,23,179,-13,-15,-273,0,0,2001
562,562,10/13/2001,Connecticut,21,38,135,42,22,209,1,2,South Florida,40,32,64,39,25,270,2,1,-19,6,71,3,-3,-61,-1,1,2001
563,563,10/13/2001,Duke,35,33,81,36,21,251,3,1,Wake Forest,42,62,265,20,12,144,1,1,-7,-29,-184,16,9,107,2,0,2001
564,564,10/13/2001,East Carolina,49,42,263,22,13,178,0,1,Army,26,43,153,38,21,289,1,1,23,-1,110,-16,-8,-111,-1,0,2001
565,565,10/13/2001,Eastern Michigan,14,34,160,41,19,193,2,1,Ball State,35,53,217,23,8,95,1,1,-21,-19,-57,18,11,98,1,0,2001
566,566,10/13/2001,Florida,20,18,-36,42,25,364,4,1,Auburn,23,41,79,27,13,160,0,2,-3,-23,-115,15,12,204,4,-1,2001
567,567,10/13/2001,Florida State,27,48,214,37,17,262,4,2,Miami-Florida,49,36,142,27,14,249,0,3,-22,12,72,10,3,13,4,-1,2001
568,568,10/13/2001,Fresno State,25,29,143,37,28,389,0,0,Colorado State,22,52,322,24,13,116,0,0,3,-23,-179,13,15,273,0,0,2001
569,569,10/13/2001,Georgia,30,31,139,26,19,305,0,3,Vanderbilt,14,38,120,50,24,316,0,1,16,-7,19,-24,-5,-11,0,2,2001
570,570,10/13/2001,Hawaii,66,33,174,39,20,316,1,1,Texas-El Paso,7,45,158,31,10,86,3,2,59,-12,16,8,10,230,-2,-1,2001
571,571,10/13/2001,Houston,33,28,130,42,28,331,2,0,Memphis,52,51,252,22,14,216,0,1,-19,-23,-122,20,14,115,2,-1,2001
572,572,10/13/2001,Idaho,39,34,167,44,27,288,5,1,New Mexico State,46,59,356,19,12,124,0,2,-7,-25,-189,25,15,164,5,-1,2001
573,573,10/13/2001,Illinois,35,57,276,17,12,116,1,1,Indiana,14,40,194,36,18,165,1,0,21,17,82,-19,-6,-49,0,1,2001
574,574,10/13/2001,Indiana,14,40,194,36,18,165,1,0,Illinois,35,57,276,17,12,116,1,1,-21,-17,-82,19,6,49,0,-1,2001
575,575,10/13/2001,Iowa,28,35,144,41,22,220,4,0,Michigan State,31,39,90,22,14,179,0,2,-3,-4,54,19,8,41,4,-2,2001
576,576,10/13/2001,Iowa State,20,44,207,22,13,75,0,0,Missouri,14,37,229,32,14,137,1,1,6,7,-22,-10,-1,-62,-1,-1,2001
577,577,10/13/2001,Kansas,10,40,84,26,9,139,1,3,Oklahoma,38,37,237,40,23,166,2,1,-28,3,-153,-14,-14,-27,-1,2,2001
578,578,10/13/2001,Kansas State,19,50,146,40,16,197,2,0,Texas Tech,38,20,66,48,32,409,3,1,-19,30,80,-8,-16,-212,-1,-1,2001
579,579,10/13/2001,Kent State,44,56,307,21,12,196,0,0,Northern Illinois,34,37,112,39,19,248,0,0,10,19,195,-18,-7,-52,0,0,2001
580,580,10/13/2001,Kentucky,25,24,127,42,23,286,2,0,Louisiana State,29,38,132,38,27,383,2,0,-4,-14,-5,4,-4,-97,0,0,2001
581,581,10/13/2001,Louisiana State,29,38,132,38,27,383,2,0,Kentucky,25,24,127,42,23,286,2,0,4,14,5,-4,4,97,0,0,2001
582,582,10/13/2001,Louisiana Tech,45,32,105,49,30,456,0,1,Nevada-Reno,42,52,321,27,19,196,1,0,3,-20,-216,22,11,260,-1,1,2001
583,583,10/13/2001,Marshall,34,36,108,49,37,455,2,1,Buffalo,14,38,162,33,16,207,2,1,20,-2,-54,16,21,248,0,0,2001
584,584,10/13/2001,Memphis,52,51,252,22,14,216,0,1,Houston,33,28,130,42,28,331,1,0,19,23,122,-20,-14,-115,-1,1,2001
585,585,10/13/2001,Miami-Florida,49,36,142,27,14,249,0,3,Florida State,27,48,214,37,17,262,4,2,22,-12,-72,-10,-3,-13,-4,1,2001
586,586,10/13/2001,Miami-Ohio,30,34,167,40,23,399,1,1,Akron,27,42,97,31,21,309,0,0,3,-8,70,9,2,90,1,1,2001
587,587,10/13/2001,Michigan,24,38,122,28,21,233,1,3,Purdue,10,37,57,33,16,198,0,1,14,1,65,-5,5,35,1,2,2001
588,588,10/13/2001,Michigan State,31,39,90,22,14,179,0,2,Iowa,28,35,144,41,22,220,4,0,3,4,-54,-19,-8,-41,-4,2,2001
589,589,10/13/2001,Mid Tennessee St,21,36,123,26,19,171,1,3,North Texas,24,58,216,19,8,117,2,0,-3,-22,-93,7,11,54,-1,3,2001
590,590,10/13/2001,Minnesota,17,50,257,34,10,143,3,0,Northwestern,23,46,113,32,22,237,1,0,-6,4,144,2,-12,-94,2,0,2001
591,591,10/13/2001,Mississippi,27,39,105,41,22,325,0,1,Alabama,24,38,227,24,7,136,1,0,3,1,-122,17,15,189,-1,1,2001
592,592,10/13/2001,Mississippi State,9,47,128,34,13,144,3,1,Troy State,21,33,82,26,10,130,3,2,-12,14,46,8,3,14,0,-1,2001
593,593,10/13/2001,Missouri,14,37,229,32,14,137,1,1,Iowa State,20,44,207,22,13,75,0,0,-6,-7,22,10,1,62,1,1,2001
594,594,10/13/2001,Navy,13,51,150,16,10,125,0,0,Rice,21,66,276,10,6,102,0,1,-8,-15,-126,6,4,23,0,-1,2001
595,595,10/13/2001,Nebraska,48,73,641,9,4,47,0,5,Baylor,7,33,29,43,15,158,3,1,41,40,612,-34,-11,-111,-3,4,2001
596,596,10/13/2001,Nevada-Las Vegas,31,56,274,19,12,153,1,0,San Diego State,3,26,39,28,14,121,0,0,28,30,235,-9,-2,32,1,0,2001
597,597,10/13/2001,Nevada-Reno,42,52,321,27,19,196,1,0,Louisiana Tech,45,32,105,49,30,456,0,1,-3,20,216,-22,-11,-260,1,-1,2001
598,598,10/13/2001,New Mexico,20,48,198,35,18,180,3,0,Brigham Young,24,31,107,41,22,258,0,0,-4,17,91,-6,-4,-78,3,0,2001
599,599,10/13/2001,New Mexico State,46,59,356,19,12,124,0,2,Idaho,39,34,167,44,27,288,5,1,7,25,189,-25,-15,-164,-5,1,2001
600,600,10/13/2001,No Carolina State,37,21,21,48,25,331,1,0,Clemson,45,52,234,27,23,333,0,2,-8,-31,-213,21,2,-2,1,-2,2001
601,601,10/13/2001,North Carolina,30,56,234,21,13,243,1,2,Virginia,24,18,71,55,33,334,1,0,6,38,163,-34,-20,-91,0,2,2001
602,602,10/13/2001,North Texas,24,88,352,37,19,265,4,1,Mid Tennessee St,21,80,261,50,37,352,2,4,3,8,91,-13,-18,-87,2,-3,2001
603,603,10/13/2001,Northern Illinois,34,37,112,39,19,250,0,0,Kent State,44,56,307,21,12,196,0,0,-10,-19,-195,18,7,54,0,0,2001
604,604,10/13/2001,Northwestern,23,46,113,32,22,237,1,0,Minnesota,17,50,257,34,10,143,3,0,6,-4,-144,-2,12,94,-2,0,2001
605,605,10/13/2001,Notre Dame,34,69,345,14,7,70,1,1,West Virginia,24,37,179,23,9,91,1,0,10,32,166,-9,-2,-21,0,1,2001
606,606,10/13/2001,Ohio,34,60,342,8,4,94,0,1,Central Michigan,3,50,215,27,17,101,1,1,31,10,127,-19,-13,-7,-1,0,2001
607,607,10/13/2001,Ohio State,17,50,121,21,10,132,1,0,Wisconsin,20,35,127,22,12,202,1,0,-3,15,-6,-1,-2,-70,0,0,2001
608,608,10/13/2001,Oklahoma,38,37,237,40,23,166,2,1,Kansas,10,40,84,26,9,139,1,3,28,-3,153,14,14,27,1,-2,2001
609,609,10/13/2001,Oklahoma State,17,30,65,23,11,97,2,2,Texas,45,52,241,31,19,238,1,1,-28,-22,-176,-8,-8,-141,1,1,2001
610,610,10/13/2001,Oregon,48,51,257,24,15,206,0,2,California,7,20,78,52,25,244,3,2,41,31,179,-28,-10,-38,-3,0,2001
611,611,10/13/2001,Oregon State,38,49,195,34,17,220,2,0,Arizona,3,30,46,24,10,113,2,1,35,19,149,10,7,107,0,-1,2001
612,612,10/13/2001,Pittsburgh,10,39,92,30,11,180,3,2,Syracuse,42,49,172,20,11,139,1,1,-32,-10,-80,10,0,41,2,1,2001
613,613,10/13/2001,Purdue,10,37,57,33,16,198,0,1,Michigan,24,38,122,28,21,233,1,3,-14,-1,-65,5,-5,-35,-1,-2,2001
614,614,10/13/2001,Rice,21,66,276,10,6,102,0,1,Navy,13,51,150,16,10,125,0,0,8,15,126,-6,-4,-23,0,1,2001
615,615,10/13/2001,Rutgers,5,32,32,41,17,171,3,3,Temple,30,45,193,23,10,170,1,2,-25,-13,-161,18,7,1,2,1,2001
616,616,10/13/2001,San Diego State,3,26,39,28,14,121,0,0,Nevada-Las Vegas,31,56,274,19,12,153,1,0,-28,-30,-235,9,2,-32,-1,0,2001
617,617,10/13/2001,San Jose State,17,42,148,30,13,176,0,1,Southern Methodist,24,55,347,13,4,44,0,1,-7,-13,-199,17,9,132,0,0,2001
618,618,10/13/2001,South Carolina,7,28,113,32,12,159,2,0,Arkansas,10,48,162,20,8,62,0,0,-3,-20,-49,12,4,97,2,0,2001
619,619,10/13/2001,South Florida,40,32,64,39,25,270,2,1,Connecticut,21,38,135,42,22,209,1,2,19,-6,-71,-3,3,61,1,-1,2001
620,620,10/13/2001,Southern Cal,48,43,118,26,18,295,0,1,Arizona State,17,35,143,25,14,155,3,1,31,8,-25,1,4,140,-3,0,2001
621,621,10/13/2001,Southern Methodist,24,55,347,13,4,44,0,1,San Jose State,17,42,148,30,13,176,0,1,7,13,199,-17,-9,-132,0,0,2001
622,622,10/13/2001,Stanford,39,46,219,36,17,220,2,1,Washington State,45,39,114,31,16,240,1,1,-6,7,105,5,1,-20,1,0,2001
623,623,10/13/2001,Syracuse,42,49,172,20,11,139,1,1,Pittsburgh,10,39,92,30,11,180,3,2,32,10,80,-10,0,-41,-2,-1,2001
624,624,10/13/2001,Temple,30,45,193,23,10,170,1,2,Rutgers,5,32,32,41,17,171,3,3,25,13,161,-18,-7,-1,-2,-1,2001
625,625,10/13/2001,Texas,45,52,241,31,19,238,1,1,Oklahoma State,17,30,65,23,11,97,2,2,28,22,176,8,8,141,-1,-1,2001
626,626,10/13/2001,Texas A & M,21,19,42,50,30,334,2,1,Colorado,31,52,170,28,14,183,1,0,-10,-33,-128,22,16,151,1,1,2001
627,627,10/13/2001,Texas Christian,22,44,131,36,18,183,3,2,Tulane,48,35,116,31,21,355,1,0,-26,9,15,5,-3,-172,2,2,2001
628,628,10/13/2001,Texas Tech,38,20,66,48,32,409,3,1,Kansas State,19,50,146,40,16,197,2,0,19,-30,-80,8,16,212,1,1,2001
629,629,10/13/2001,Texas-El Paso,7,45,158,31,10,86,3,2,Hawaii,66,33,174,39,20,316,1,1,-59,12,-16,-8,-10,-230,2,1,2001
630,630,10/13/2001,Troy State,21,33,82,26,10,130,3,2,Mississippi State,9,47,128,34,13,144,3,1,12,-14,-46,-8,-3,-14,0,1,2001
631,631,10/13/2001,Tulane,48,35,116,31,21,355,1,0,Texas Christian,22,44,131,36,18,183,3,2,26,-9,-15,-5,3,172,-2,-2,2001
632,632,10/13/2001,Tulsa,10,18,34,35,22,186,0,0,Boise State,41,43,165,37,27,405,0,1,-31,-25,-131,-2,-5,-219,0,-1,2001
633,633,10/13/2001,U.C.L.A.,35,45,325,19,9,128,0,3,Washington,13,29,16,45,22,316,1,2,22,16,309,-26,-13,-188,-1,1,2001
634,634,10/13/2001,UL-Lafayette,20,28,119,40,29,261,1,2,Arkansas State,26,41,120,18,6,109,0,0,-6,-13,-1,22,23,152,1,2,2001
635,635,10/13/2001,Vanderbilt,14,38,120,50,24,316,0,1,Georgia,30,31,139,26,19,305,0,3,-16,7,-19,24,5,11,0,-2,2001
636,636,10/13/2001,Virginia,24,18,71,55,33,334,1,0,North Carolina,30,56,234,21,13,243,1,2,-6,-38,-163,34,20,91,0,-2,2001
637,637,10/13/2001,Virginia Tech,34,49,171,29,16,225,2,0,Boston College,20,28,58,26,13,180,0,3,14,21,113,3,3,45,2,-3,2001
638,638,10/13/2001,Wake Forest,42,62,265,20,12,144,1,1,Duke,35,33,81,36,21,251,3,1,7,29,184,-16,-9,-107,-2,0,2001
639,639,10/13/2001,Washington,13,29,16,45,22,316,1,2,U.C.L.A.,35,45,325,19,9,128,0,3,-22,-16,-309,26,13,188,1,-1,2001
640,640,10/13/2001,Washington State,45,39,114,31,16,240,1,1,Stanford,39,46,219,36,17,220,2,1,6,-7,-105,-5,-1,20,-1,0,2001
641,641,10/13/2001,West Virginia,24,37,179,23,9,91,1,0,Notre Dame,34,69,345,14,7,70,1,1,-10,-32,-166,9,2,21,0,-1,2001
642,642,10/13/2001,Western Michigan,37,32,58,42,28,333,0,1,Bowling Green,28,43,217,33,20,202,3,2,9,-11,-159,9,8,131,-3,-1,2001
643,643,10/13/2001,Wisconsin,20,35,127,22,12,202,1,0,Ohio State,17,50,121,21,10,132,1,0,3,-15,6,1,2,70,0,0,2001
644,644,10/13/2001,Wyoming,13,33,189,47,21,327,1,1,Air Force,24,60,332,24,11,192,0,1,-11,-27,-143,23,10,135,1,0,2001
645,645,10/16/2001,Louisville,24,44,42,32,17,186,0,0,Southern Miss,14,31,7,29,13,219,1,3,10,13,35,3,4,-33,-1,-3,2001
646,646,10/16/2001,Southern Miss,14,31,7,29,13,219,1,3,Louisville,24,44,42,32,17,186,0,0,-10,-13,-35,-3,-4,33,1,3,2001
647,647,10/18/2001,Washington State,53,40,217,43,28,436,1,2,Montana State,28,27,134,43,24,306,1,1,25,13,83,0,4,130,0,1,2001
648,648,10/19/2001,Boise State,35,38,108,32,20,297,2,0,Fresno State,30,37,109,50,30,345,1,1,5,1,-1,-18,-10,-48,1,-1,2001
649,649,10/19/2001,Fresno State,30,37,109,50,30,345,1,1,Boise State,35,38,108,32,20,297,2,0,-5,-1,1,18,10,48,-1,1,2001
650,650,10/20/2001,Air Force,33,52,334,22,12,168,1,0,Brigham Young,63,37,203,43,27,408,0,0,-30,15,131,-21,-15,-240,1,0,2001
651,651,10/20/2001,Akron,11,35,85,31,13,175,3,0,Bowling Green,16,45,131,22,13,133,0,1,-5,-10,-46,9,0,42,3,-1,2001
652,652,10/20/2001,Alabama,24,31,163,23,10,165,0,0,Tennessee,35,45,187,28,21,293,0,0,-11,-14,-24,-5,-11,-128,0,0,2001
653,653,10/20/2001,Alabama-Birmingham,34,68,307,18,6,76,2,2,Tulane,27,22,8,40,23,197,1,0,7,46,299,-22,-17,-121,1,2,2001
654,654,10/20/2001,Arizona,28,44,199,28,16,195,1,1,Washington,31,28,83,49,29,455,4,1,-3,16,116,-21,-13,-260,-3,0,2001
655,655,10/20/2001,Arizona State,41,44,314,27,9,208,1,1,Oregon State,24,32,79,39,23,238,0,1,17,12,235,-12,-14,-30,1,0,2001
656,656,10/20/2001,Arkansas State,0,32,67,21,9,90,2,1,North Texas,45,49,134,10,6,143,0,1,-45,-17,-67,11,3,-53,2,0,2001
657,657,10/20/2001,Army,20,32,97,27,14,230,0,1,Texas Christian,38,50,212,29,21,273,0,0,-18,-18,-115,-2,-7,-43,0,1,2001
658,658,10/20/2001,Auburn,48,40,173,48,28,381,4,0,Louisiana Tech,41,25,152,52,27,381,5,1,7,15,21,-4,1,0,-1,-1,2001
659,659,10/20/2001,Ball State,24,34,44,35,20,222,3,0,Toledo,20,29,70,44,27,270,1,2,4,5,-26,-9,-7,-48,2,-2,2001
660,660,10/20/2001,Baylor,17,35,106,30,11,138,1,0,Oklahoma,33,39,60,44,32,343,0,1,-16,-4,46,-14,-21,-205,1,-1,2001
661,661,10/20/2001,Boston College,45,54,257,21,14,241,0,1,Pittsburgh,7,32,122,35,14,108,2,0,38,22,135,-14,0,133,-2,1,2001
662,662,10/20/2001,Bowling Green,16,45,131,22,13,133,0,1,Akron,11,35,85,31,13,175,3,0,5,10,46,-9,0,-42,-3,1,2001
663,663,10/20/2001,Brigham Young,63,37,203,43,27,408,0,0,Air Force,33,52,334,22,12,168,1,0,30,-15,-131,21,15,240,-1,0,2001
664,664,10/20/2001,Buffalo,13,38,80,34,16,193,3,0,Kent State,35,41,238,19,15,194,0,1,-22,-3,-158,15,1,-1,3,-1,2001
665,665,10/20/2001,California,17,33,127,46,19,201,1,0,U.C.L.A.,56,38,228,19,15,303,0,0,-39,-5,-101,27,4,-102,1,0,2001
666,666,10/20/2001,Central Florida,38,21,50,39,28,335,1,1,UL-Monroe,6,26,68,32,17,176,3,1,32,-5,-18,7,11,159,-2,0,2001
667,667,10/20/2001,Central Michigan,21,53,261,34,16,222,1,0,Marshall,42,33,163,46,31,484,0,0,-21,20,98,-12,-15,-262,1,0,2001
668,668,10/20/2001,Cincinnati,29,36,142,28,20,340,1,1,Houston,28,47,157,24,16,186,0,0,1,-11,-15,4,4,154,1,1,2001
669,669,10/20/2001,Clemson,3,28,65,46,14,144,2,0,North Carolina,38,54,219,18,14,206,0,0,-35,-26,-154,28,0,-62,2,0,2001
670,670,10/20/2001,Colorado,7,32,124,28,15,165,1,3,Texas,41,40,161,33,21,264,0,0,-34,-8,-37,-5,-6,-99,1,3,2001
671,671,10/20/2001,Colorado State,26,41,151,21,9,168,1,2,Nevada-Las Vegas,24,57,255,21,8,173,0,4,2,-16,-104,0,1,-5,1,-2,2001
672,672,10/20/2001,Duke,17,35,133,32,13,163,3,1,Maryland,59,54,362,36,28,335,1,2,-42,-19,-229,-4,-15,-172,2,-1,2001
673,673,10/20/2001,East Carolina,32,57,205,26,20,268,0,0,Memphis,11,31,72,27,16,159,0,0,21,26,133,-1,4,109,0,0,2001
674,674,10/20/2001,Florida State,43,58,303,25,14,230,2,1,Virginia,7,19,34,39,19,167,3,2,36,39,269,-14,-5,63,-1,-1,2001
675,675,10/20/2001,Georgia,43,43,197,37,23,394,1,1,Kentucky,29,22,116,54,32,377,2,1,14,21,81,-17,-9,17,-1,0,2001
676,676,10/20/2001,Georgia Tech,27,43,124,39,24,256,0,1,No Carolina State,17,26,41,32,20,223,2,1,10,17,83,7,4,33,-2,0,2001
677,677,10/20/2001,Hawaii,36,33,61,39,26,333,0,0,Tulsa,15,37,142,35,17,165,0,1,21,-4,-81,4,9,168,0,-1,2001
678,678,10/20/2001,Houston,28,47,157,24,16,186,0,0,Cincinnati,29,36,142,28,20,340,1,1,-1,11,15,-4,-4,-154,-1,-1,2001
679,679,10/20/2001,Idaho,37,34,117,42,27,410,2,2,UL-Lafayette,54,50,234,35,27,407,1,0,-17,-16,-117,7,0,3,1,2,2001
680,680,10/20/2001,Illinois,42,48,169,45,24,401,1,1,Wisconsin,35,27,126,29,14,205,0,0,7,21,43,16,10,196,1,1,2001
681,681,10/20/2001,Indiana,28,56,308,28,14,160,0,0,Iowa,42,33,226,17,13,228,1,0,-14,23,82,11,1,-68,-1,0,2001
682,682,10/20/2001,Iowa,42,33,226,17,13,228,1,0,Indiana,28,56,308,28,14,160,0,0,14,-23,-82,-11,-1,68,1,0,2001
683,683,10/20/2001,Iowa State,28,58,285,19,16,150,0,0,Oklahoma State,14,18,42,39,24,234,1,0,14,40,243,-20,-8,-84,-1,0,2001
684,684,10/20/2001,Kansas,34,34,102,25,13,242,0,0,Missouri,38,47,231,32,19,246,2,0,-4,-13,-129,-7,-6,-4,-2,0,2001
685,685,10/20/2001,Kansas State,24,61,258,24,12,100,1,2,Texas A & M,31,32,51,20,11,138,0,0,-7,29,207,4,1,-38,1,2,2001
686,686,10/20/2001,Kent State,35,41,238,19,15,194,0,1,Buffalo,13,38,80,34,16,193,3,0,22,3,158,-15,-1,1,-3,1,2001
687,687,10/20/2001,Kentucky,29,22,116,54,32,377,2,1,Georgia,43,43,197,37,23,394,1,1,-14,-21,-81,17,9,-17,1,0,2001
688,688,10/20/2001,Louisiana State,42,37,138,29,18,280,0,0,Mississippi State,0,34,74,42,18,248,3,1,42,3,64,-13,0,32,-3,-1,2001
689,689,10/20/2001,Louisiana Tech,41,25,152,52,27,381,5,1,Auburn,48,40,173,48,28,381,4,0,-7,-15,-21,4,-1,0,1,1,2001
690,690,10/20/2001,Marshall,42,33,163,46,31,484,0,0,Central Michigan,21,53,261,34,16,222,1,0,21,-20,-98,12,15,262,-1,0,2001
691,691,10/20/2001,Maryland,59,54,362,36,28,335,1,2,Duke,17,35,133,32,13,163,3,1,42,19,229,4,15,172,-2,1,2001
692,692,10/20/2001,Memphis,11,31,72,27,16,159,0,0,East Carolina,32,57,205,26,20,268,0,0,-21,-26,-133,1,-4,-109,0,0,2001
693,693,10/20/2001,Miami-Ohio,36,39,62,37,24,322,0,0,Ohio,24,57,281,12,3,22,0,3,12,-18,-219,25,21,300,0,-3,2001
694,694,10/20/2001,Michigan State,19,37,121,47,27,351,1,1,Minnesota,28,42,322,24,11,124,0,0,-9,-5,-201,23,16,227,1,1,2001
695,695,10/20/2001,Mid Tennessee St,17,30,199,29,13,129,1,1,Mississippi,45,50,221,31,25,257,0,1,-28,-20,-22,-2,-12,-128,1,0,2001
696,696,10/20/2001,Minnesota,28,42,322,24,11,124,0,0,Michigan State,19,37,121,47,27,351,1,1,9,5,201,-23,-16,-227,-1,-1,2001
697,697,10/20/2001,Mississippi,45,50,221,31,25,257,0,1,Mid Tennessee St,17,30,199,29,13,129,1,1,28,20,22,2,12,128,-1,0,2001
698,698,10/20/2001,Mississippi State,0,34,74,42,18,248,3,1,Louisiana State,42,37,138,29,18,280,0,0,-42,-3,-64,13,0,-32,3,1,2001
699,699,10/20/2001,Missouri,38,47,231,32,19,246,2,0,Kansas,34,34,102,25,13,242,0,0,4,13,129,7,6,4,2,0,2001
700,700,10/20/2001,Navy,17,52,254,22,9,125,1,2,Rutgers,23,45,206,20,13,327,1,1,-6,7,48,2,-4,-202,0,1,2001
701,701,10/20/2001,Nebraska,41,56,335,22,10,196,2,0,Texas Tech,31,17,67,64,34,373,1,1,10,39,268,-42,-24,-177,1,-1,2001
702,702,10/20/2001,Nevada-Las Vegas,24,57,255,21,8,173,0,4,Colorado State,26,41,151,21,9,168,1,2,-2,16,104,0,-1,5,-1,2,2001
703,703,10/20/2001,Nevada-Reno,30,45,169,45,27,431,1,1,Rice,33,61,404,11,4,77,0,2,-3,-16,-235,34,23,354,1,-1,2001
704,704,10/20/2001,No Carolina State,17,26,41,32,20,223,2,1,Georgia Tech,27,43,124,39,24,256,0,1,-10,-17,-83,-7,-4,-33,2,0,2001
705,705,10/20/2001,North Carolina,38,54,219,18,14,206,0,0,Clemson,3,28,65,46,14,144,2,0,35,26,154,-28,0,62,-2,0,2001
706,706,10/20/2001,North Texas,45,49,134,10,6,143,0,1,Arkansas State,0,32,67,21,9,90,2,1,45,17,67,-11,-3,53,-2,0,2001
707,707,10/20/2001,Northern Illinois,20,56,171,18,10,147,0,2,Western Michigan,12,30,105,32,15,170,4,0,8,26,66,-14,-5,-23,-4,2,2001
708,708,10/20/2001,Northwestern,35,45,229,40,23,298,0,1,Penn State,38,44,213,47,25,288,0,0,-3,1,16,-7,-2,10,0,1,2001
709,709,10/20/2001,Notre Dame,27,53,208,14,10,138,0,3,Southern Cal,16,33,60,30,19,230,2,1,11,20,148,-16,-9,-92,-2,2,2001
710,710,10/20/2001,Ohio,24,57,281,12,3,22,0,3,Miami-Ohio,36,39,62,37,24,322,0,0,-12,18,219,-25,-21,-300,0,3,2001
711,711,10/20/2001,Ohio State,27,40,136,32,15,198,1,0,San Diego State,12,37,117,32,15,202,4,1,15,3,19,0,0,-4,-3,-1,2001
712,712,10/20/2001,Oklahoma,33,39,60,44,32,343,0,1,Baylor,17,35,106,30,11,138,1,0,16,4,-46,14,21,205,-1,1,2001
713,713,10/20/2001,Oklahoma State,14,18,42,39,24,234,1,0,Iowa State,28,58,285,19,16,150,0,0,-14,-40,-243,20,8,84,1,0,2001
714,714,10/20/2001,Oregon,42,25,145,42,22,270,2,0,Stanford,49,46,140,38,19,330,0,1,-7,-21,5,4,3,-60,2,-1,2001
715,715,10/20/2001,Oregon State,24,32,79,39,23,238,0,1,Arizona State,41,44,314,27,9,208,1,1,-17,-12,-235,12,14,30,-1,0,2001
716,716,10/20/2001,Penn State,38,44,213,47,25,288,0,0,Northwestern,35,45,229,40,23,298,0,1,3,-1,-16,7,2,-10,0,-1,2001
717,717,10/20/2001,Pittsburgh,7,32,122,35,14,108,2,0,Boston College,45,54,257,21,14,241,0,1,-38,-22,-135,14,0,-133,2,-1,2001
718,718,10/20/2001,Rice,33,61,404,11,4,77,0,2,Nevada-Reno,30,45,169,45,27,431,1,1,3,16,235,-34,-23,-354,-1,1,2001
719,719,10/20/2001,Rutgers,23,45,206,20,13,327,1,1,Navy,17,52,254,22,9,125,1,2,6,-7,-48,-2,4,202,0,-1,2001
720,720,10/20/2001,San Diego State,12,37,117,32,15,202,4,1,Ohio State,27,40,136,32,15,198,1,0,-15,-3,-19,0,0,4,3,1,2001
721,721,10/20/2001,San Jose State,40,48,148,37,20,366,3,1,Texas-El Paso,28,27,93,37,21,358,1,4,12,21,55,0,-1,8,2,-3,2001
722,722,10/20/2001,South Carolina,46,63,356,27,17,300,1,0,Vanderbilt,14,28,68,20,7,126,2,0,32,35,288,7,10,174,-1,0,2001
723,723,10/20/2001,South Florida,42,33,97,54,41,332,1,1,Southern Utah,12,38,80,13,5,53,0,0,30,-5,17,41,36,279,1,1,2001
724,724,10/20/2001,Southern Cal,16,33,60,30,19,230,2,1,Notre Dame,27,53,208,14,10,138,0,3,-11,-20,-148,16,9,92,2,-2,2001
725,725,10/20/2001,Stanford,49,46,140,38,19,330,0,1,Oregon,42,25,145,42,22,270,2,0,7,21,-5,-4,-3,60,-2,1,2001
726,726,10/20/2001,Syracuse,45,47,163,21,12,308,0,1,Temple,3,40,74,22,11,111,1,1,42,7,89,-1,1,197,-1,0,2001
727,727,10/20/2001,Temple,3,40,74,22,11,111,1,1,Syracuse,45,47,163,21,12,308,0,1,-42,-7,-89,1,-1,-197,1,0,2001
728,728,10/20/2001,Tennessee,35,45,187,28,21,293,0,0,Alabama,24,31,163,23,10,165,0,0,11,14,24,5,11,128,0,0,2001
729,729,10/20/2001,Texas,41,40,161,33,21,264,0,0,Colorado,7,32,124,28,15,165,1,3,34,8,37,5,6,99,-1,-3,2001
730,730,10/20/2001,Texas A & M,31,32,51,20,11,138,0,0,Kansas State,24,61,258,24,12,100,1,2,7,-29,-207,-4,-1,38,-1,-2,2001
731,731,10/20/2001,Texas Christian,38,50,212,29,21,273,0,0,Army,20,32,97,27,14,230,0,1,18,18,115,2,7,43,0,-1,2001
732,732,10/20/2001,Texas Tech,31,17,67,64,34,373,1,1,Nebraska,41,56,335,22,10,196,2,0,-10,-39,-268,42,24,177,-1,1,2001
733,733,10/20/2001,Texas-El Paso,28,27,93,37,21,358,1,4,San Jose State,40,48,148,37,20,366,3,1,-12,-21,-55,0,1,-8,-2,3,2001
734,734,10/20/2001,Toledo,20,29,70,44,27,270,1,2,Ball State,24,34,44,35,20,222,3,0,-4,-5,26,9,7,48,-2,2,2001
735,735,10/20/2001,Troy State,44,36,184,37,22,339,0,2,Northridge State,31,32,81,47,27,378,1,0,13,4,103,-10,-5,-39,-1,2,2001
736,736,10/20/2001,Tulane,27,22,8,40,23,197,1,0,Alabama-Birmingham,34,68,307,18,6,76,2,2,-7,-46,-299,22,17,121,-1,-2,2001
737,737,10/20/2001,Tulsa,15,37,142,35,17,165,0,1,Hawaii,36,33,61,39,26,333,0,0,-21,4,81,-4,-9,-168,0,1,2001
738,738,10/20/2001,U.C.L.A.,56,38,228,19,15,303,0,0,California,17,32,103,47,20,225,1,0,39,6,125,-28,-5,78,-1,0,2001
739,739,10/20/2001,UL-Lafayette,54,50,234,35,27,407,1,0,Idaho,37,34,117,42,27,410,2,2,17,16,117,-7,0,-3,-1,-2,2001
740,740,10/20/2001,UL-Monroe,6,26,68,32,17,176,3,1,Central Florida,38,21,50,39,28,335,1,1,-32,5,18,-7,-11,-159,2,0,2001
741,741,10/20/2001,Utah,35,45,190,25,17,275,2,0,Wyoming,0,25,33,33,18,117,1,0,35,20,157,-8,-1,158,1,0,2001
742,742,10/20/2001,Utah State,28,37,156,36,20,222,2,1,Idaho State,27,43,116,34,17,249,3,0,1,-6,40,2,3,-27,-1,1,2001
743,743,10/20/2001,Vanderbilt,14,28,68,20,7,126,2,0,South Carolina,46,63,356,27,17,300,1,0,-32,-35,-288,-7,-10,-174,1,0,2001
744,744,10/20/2001,Virginia,7,19,34,39,19,167,3,2,Florida State,43,58,303,25,14,230,2,1,-36,-39,-269,14,5,-63,1,1,2001
745,745,10/20/2001,Washington,31,27,59,50,30,479,4,1,Arizona,28,44,199,28,16,195,1,1,3,-17,-140,22,14,284,3,0,2001
746,746,10/20/2001,Western Michigan,12,30,105,32,15,170,4,0,Northern Illinois,20,56,171,18,10,147,0,2,-8,-26,-66,14,5,23,4,-2,2001
747,747,10/20/2001,Wisconsin,35,27,126,29,14,205,0,0,Illinois,42,48,169,45,24,401,1,1,-7,-21,-43,-16,-10,-196,-1,-1,2001
748,748,10/20/2001,Wyoming,0,25,33,33,18,117,1,0,Utah,35,45,190,25,17,275,2,0,-35,-20,-157,8,1,-158,-1,0,2001
749,749,10/25/2001,Miami-Florida,45,35,212,32,19,224,1,1,West Virginia,3,55,193,21,9,72,4,2,42,-20,19,11,10,152,-3,-1,2001
750,750,10/25/2001,West Virginia,3,55,193,21,9,72,4,2,Miami-Florida,45,35,212,32,19,224,1,1,-42,20,-19,-11,-10,-152,3,1,2001
751,751,10/26/2001,Fresno State,34,33,68,45,28,400,1,2,Hawaii,38,18,30,54,31,350,2,0,-4,15,38,-9,-3,50,-1,2,2001
752,752,10/26/2001,Hawaii,38,18,30,54,31,350,2,0,Fresno State,34,33,68,45,28,400,1,2,4,-15,-38,9,3,-50,1,-2,2001
753,753,10/27/2001,Air Force,33,30,112,16,8,166,2,1,New Mexico,52,57,296,41,20,324,2,1,-19,-27,-184,-25,-12,-158,0,0,2001
754,754,10/27/2001,Akron,33,51,251,37,24,272,1,0,Marshall,50,36,292,39,25,434,0,1,-17,15,-41,-2,-1,-162,1,-1,2001
755,755,10/27/2001,Alabama-Birmingham,17,44,114,20,7,61,1,1,Memphis,14,33,94,40,19,185,2,0,3,11,20,-20,-12,-124,-1,1,2001
756,756,10/27/2001,Arizona,34,34,101,43,23,311,4,0,Southern Cal,41,30,64,49,24,248,2,0,-7,4,37,-6,-1,63,2,0,2001
757,757,10/27/2001,Arizona State,31,37,121,29,17,320,1,1,Washington,33,41,188,36,19,252,1,0,-2,-4,-67,-7,-2,68,0,1,2001
758,758,10/27/2001,Arkansas,42,43,148,16,11,149,0,0,Auburn,17,31,238,40,22,254,2,1,25,12,-90,-24,-11,-105,-2,-1,2001
759,759,10/27/2001,Arkansas State,34,40,152,23,10,169,1,1,Idaho,31,34,125,55,34,406,1,2,3,6,27,-32,-24,-237,0,-1,2001
760,760,10/27/2001,Army,42,52,278,31,18,228,1,1,Tulane,35,46,135,39,25,384,1,3,7,6,143,-8,-7,-156,0,-2,2001
761,761,10/27/2001,Auburn,17,31,238,40,22,254,2,1,Arkansas,42,43,148,16,11,149,0,0,-25,-12,90,24,11,105,2,1,2001
762,762,10/27/2001,Ball State,10,45,147,16,10,101,1,1,Connecticut,5,27,52,39,22,189,1,1,5,18,95,-23,-12,-88,0,0,2001
763,763,10/27/2001,Baylor,19,38,79,40,19,200,4,1,Texas Tech,63,33,194,61,39,324,2,0,-44,5,-115,-21,-20,-124,2,1,2001
764,764,10/27/2001,Boise State,49,46,319,17,11,169,0,0,Nevada-Reno,7,29,85,53,30,297,0,1,42,17,234,-36,-19,-128,0,-1,2001
765,765,10/27/2001,Boston College,21,31,199,16,7,155,2,1,Notre Dame,17,59,233,23,12,116,1,1,4,-28,-34,-7,-5,39,1,0,2001
766,766,10/27/2001,Brigham Young,59,37,184,24,19,266,0,2,San Diego State,21,41,285,33,14,130,3,2,38,-4,-101,-9,5,136,-3,0,2001
767,767,10/27/2001,Buffalo,20,34,110,46,20,242,0,0,Eastern Michigan,24,43,225,25,16,155,0,1,-4,-9,-115,21,4,87,0,-1,2001
768,768,10/27/2001,California,10,50,225,32,12,120,1,2,Oregon State,19,32,113,29,16,251,1,1,-9,18,112,3,-4,-131,0,1,2001
769,769,10/27/2001,Central Florida,27,33,109,49,23,284,1,2,Utah State,30,31,117,34,21,264,1,2,-3,2,-8,15,2,20,0,0,2001
770,770,10/27/2001,Central Michigan,24,52,229,40,22,264,1,1,Northern Illinois,33,40,205,33,16,207,1,0,-9,12,24,7,6,57,0,1,2001
771,771,10/27/2001,Cincinnati,13,29,78,46,19,295,3,1,Louisville,28,51,222,28,12,154,0,2,-15,-22,-144,18,7,141,3,-1,2001
772,772,10/27/2001,Clemson,21,41,177,27,16,211,0,1,Wake Forest,14,60,193,16,8,151,2,1,7,-19,-16,11,8,60,-2,0,2001
773,773,10/27/2001,Colorado,22,48,170,29,20,295,1,0,Oklahoma State,19,29,98,34,18,248,1,0,3,19,72,-5,2,47,0,0,2001
774,774,10/27/2001,Colorado State,19,44,123,24,11,201,0,0,Utah,17,37,228,41,18,214,1,1,2,7,-105,-17,-7,-13,-1,-1,2001
775,775,10/27/2001,Connecticut,5,27,52,39,22,189,1,1,Ball State,10,45,147,16,10,101,1,1,-5,-18,-95,23,12,88,0,0,2001
776,776,10/27/2001,Duke,28,57,238,37,20,299,4,1,Vanderbilt,42,40,338,19,9,175,0,2,-14,17,-100,18,11,124,4,-1,2001
777,777,10/27/2001,Eastern Michigan,24,43,225,25,16,155,0,1,Buffalo,20,34,110,46,20,242,0,0,4,9,115,-21,-4,-87,0,1,2001
778,778,10/27/2001,Florida,24,38,177,35,27,407,2,2,Georgia,10,36,111,42,25,258,1,1,14,2,66,-7,2,149,1,1,2001
779,779,10/27/2001,Florida State,52,39,134,27,16,363,1,0,Maryland,31,38,214,37,21,214,2,2,21,1,-80,-10,-5,149,-1,-2,2001
780,780,10/27/2001,Georgia,10,36,111,42,25,258,1,1,Florida,24,38,177,35,27,407,2,2,-14,-2,-66,7,-2,-149,-1,-1,2001
781,781,10/27/2001,Houston,14,29,102,56,26,254,4,2,Southern Miss,58,35,158,35,22,311,1,2,-44,-6,-56,21,4,-57,3,0,2001
782,782,10/27/2001,Idaho,31,34,125,55,34,406,1,2,Arkansas State,34,40,152,23,10,169,1,1,-3,-6,-27,32,24,237,0,1,2001
783,783,10/27/2001,Iowa,26,34,65,34,20,235,2,1,Michigan,32,36,63,38,16,233,2,1,-6,-2,2,-4,4,2,0,0,2001
784,784,10/27/2001,Iowa State,21,34,97,48,30,348,1,0,Texas A & M,24,35,190,21,11,132,1,0,-3,-1,-93,27,19,216,0,0,2001
785,785,10/27/2001,Kansas,6,31,47,36,16,165,0,0,Kansas State,40,62,349,13,5,101,2,0,-34,-31,-302,23,11,64,-2,0,2001
786,786,10/27/2001,Kansas State,40,62,349,13,5,101,2,0,Kansas,6,31,47,36,16,165,0,0,34,31,302,-23,-11,-64,2,0,2001
787,787,10/27/2001,Kent State,24,41,205,24,17,176,0,2,Ohio,14,56,262,16,6,79,0,1,10,-15,-57,8,11,97,0,1,2001
788,788,10/27/2001,Louisiana State,24,39,188,23,9,183,1,2,Mississippi,35,34,129,44,28,249,1,0,-11,5,59,-21,-19,-66,0,2,2001
789,789,10/27/2001,Louisiana Tech,41,37,104,45,30,384,1,3,Rice,38,57,199,32,17,273,0,1,3,-20,-95,13,13,111,1,2,2001
790,790,10/27/2001,Louisville,28,51,222,28,12,154,0,2,Cincinnati,13,29,78,46,19,295,3,1,15,22,144,-18,-7,-141,-3,1,2001
791,791,10/27/2001,Marshall,50,36,292,39,25,434,0,1,Akron,33,51,251,37,24,272,1,0,17,-15,41,2,1,162,-1,1,2001
792,792,10/27/2001,Maryland,31,38,214,37,21,214,2,2,Florida State,52,39,134,27,16,363,1,0,-21,-1,80,10,5,-149,1,2,2001
793,793,10/27/2001,Memphis,14,33,94,40,19,185,2,0,Alabama-Birmingham,17,44,114,20,7,61,1,1,-3,-11,-20,20,12,124,1,-1,2001
794,794,10/27/2001,Miami-Ohio,25,42,154,29,18,215,2,1,Western Michigan,11,34,93,32,9,75,2,0,14,8,61,-3,9,140,0,1,2001
795,795,10/27/2001,Michigan,32,36,63,38,16,233,2,1,Iowa,26,34,65,34,20,235,2,1,6,2,-2,4,-4,-2,0,0,2001
796,796,10/27/2001,Michigan State,42,39,237,20,13,326,2,0,Wisconsin,28,46,151,37,20,368,3,0,14,-7,86,-17,-7,-42,-1,0,2001
797,797,10/27/2001,Mid Tennessee St,39,37,173,42,31,383,1,2,New Mexico State,35,44,183,24,14,206,0,1,4,-7,-10,18,17,177,1,1,2001
798,798,10/27/2001,Minnesota,66,48,300,19,16,265,0,0,Murray State,10,43,154,39,20,217,1,2,56,5,146,-20,-4,48,-1,-2,2001
799,799,10/27/2001,Mississippi,35,34,129,44,28,249,1,0,Louisiana State,24,39,188,23,9,183,1,2,11,-5,-59,21,19,66,0,-2,2001
800,800,10/27/2001,Missouri,16,26,147,28,9,97,1,0,Texas,35,46,192,30,24,229,0,0,-19,-20,-45,-2,-15,-132,1,0,2001
801,801,10/27/2001,Navy,20,52,285,14,8,113,1,2,Toledo,21,47,238,29,21,282,0,2,-1,5,47,-15,-13,-169,1,0,2001
802,802,10/27/2001,Nebraska,20,44,164,19,11,165,1,0,Oklahoma,10,29,105,50,22,234,2,0,10,15,59,-31,-11,-69,-1,0,2001
803,803,10/27/2001,Nevada-Las Vegas,47,53,439,17,8,129,2,1,Wyoming,26,38,72,60,33,382,1,2,21,15,367,-43,-25,-253,1,-1,2001
804,804,10/27/2001,Nevada-Reno,7,29,85,53,30,297,0,1,Boise State,49,46,319,17,11,169,0,0,-42,-17,-234,36,19,128,0,1,2001
805,805,10/27/2001,New Mexico,52,57,296,41,20,324,2,1,Air Force,33,30,112,16,8,166,2,1,19,27,184,25,12,158,0,0,2001
806,806,10/27/2001,New Mexico State,35,44,183,24,14,206,0,1,Mid Tennessee St,39,37,173,42,31,383,1,2,-4,7,10,-18,-17,-177,-1,-1,2001
807,807,10/27/2001,No Carolina State,24,45,196,30,21,217,1,1,Virginia,0,30,66,29,15,149,0,1,24,15,130,1,6,68,1,0,2001
808,808,10/27/2001,Northern Illinois,33,42,209,31,14,203,1,0,Central Michigan,24,52,229,40,22,264,1,1,9,-10,-20,-9,-8,-61,0,-1,2001
809,809,10/27/2001,Northwestern,27,44,123,43,22,235,0,1,Purdue,32,48,172,31,14,190,0,1,-5,-4,-49,12,8,45,0,0,2001
810,810,10/27/2001,Notre Dame,17,59,233,23,12,116,1,1,Boston College,21,31,199,16,7,155,2,1,-4,28,34,7,5,-39,-1,0,2001
811,811,10/27/2001,Ohio,14,56,262,16,6,79,0,1,Kent State,24,41,205,24,17,176,0,2,-10,15,57,-8,-11,-97,0,-1,2001
812,812,10/27/2001,Ohio State,27,40,203,21,8,209,1,1,Penn State,29,45,251,36,17,280,3,0,-2,-5,-48,-15,-9,-71,-2,1,2001
813,813,10/27/2001,Oklahoma,10,29,105,50,22,234,2,0,Nebraska,20,44,164,19,11,165,1,0,-10,-15,-59,31,11,69,1,0,2001
814,814,10/27/2001,Oklahoma State,19,29,98,34,18,248,1,0,Colorado,22,48,170,29,20,295,1,1,-3,-19,-72,5,-2,-47,0,-1,2001
815,815,10/27/2001,Oregon,24,48,446,26,14,119,0,1,Washington State,17,29,82,41,18,312,0,0,7,19,364,-15,-4,-193,0,1,2001
816,816,10/27/2001,Oregon State,19,32,113,29,16,251,1,1,California,10,50,225,32,12,120,1,2,9,-18,-112,-3,4,131,0,-1,2001
817,817,10/27/2001,Penn State,29,45,251,36,17,280,3,0,Ohio State,27,40,203,21,8,209,1,1,2,5,48,15,9,71,2,-1,2001
818,818,10/27/2001,Pittsburgh,33,30,87,31,18,204,0,4,Temple,7,30,-36,52,27,240,0,3,26,0,123,-21,-9,-36,0,1,2001
819,819,10/27/2001,Purdue,32,48,172,31,14,190,0,1,Northwestern,27,44,123,43,22,235,0,1,5,4,49,-12,-8,-45,0,0,2001
820,820,10/27/2001,Rice,38,57,199,32,17,273,0,1,Louisiana Tech,41,37,104,45,30,384,1,2,-3,20,95,-13,-13,-111,-1,-1,2001
821,821,10/27/2001,San Diego State,21,41,285,33,14,130,3,2,Brigham Young,59,37,184,24,19,266,0,2,-38,4,101,9,-5,-136,3,0,2001
822,822,10/27/2001,San Jose State,63,41,464,34,22,282,1,1,Tulsa,27,33,171,42,26,196,3,1,36,8,293,-8,-4,86,-2,0,2001
823,823,10/27/2001,South Carolina,10,33,157,28,14,108,0,1,Tennessee,17,39,87,23,14,211,1,0,-7,-6,70,5,0,-103,-1,1,2001
824,824,10/27/2001,South Florida,68,29,271,40,21,309,1,2,Liberty,37,39,61,65,39,407,3,2,31,-10,210,-25,-18,-98,-2,0,2001
825,825,10/27/2001,Southern Cal,41,30,64,49,24,248,2,0,Arizona,34,34,101,43,23,311,4,0,7,-4,-37,6,1,-63,-2,0,2001
826,826,10/27/2001,Southern Methodist,40,49,261,18,13,165,0,2,Texas-El Paso,14,32,46,25,13,136,1,0,26,17,215,-7,0,29,-1,2,2001
827,827,10/27/2001,Southern Miss,58,35,158,35,22,311,1,2,Houston,14,29,102,56,26,254,4,2,44,6,56,-21,-4,57,-3,0,2001
828,828,10/27/2001,Stanford,38,50,213,29,20,250,3,3,U.C.L.A.,28,25,57,44,20,326,2,2,10,25,156,-15,0,-76,1,1,2001
829,829,10/27/2001,Syracuse,22,53,168,17,6,52,0,0,Virginia Tech,14,34,90,32,15,162,0,2,8,19,78,-15,-9,-110,0,-2,2001
830,830,10/27/2001,Temple,7,30,-36,52,27,240,0,3,Pittsburgh,33,30,87,31,18,204,0,4,-26,0,-123,21,9,36,0,-1,2001
831,831,10/27/2001,Tennessee,17,39,87,23,14,211,1,0,South Carolina,10,33,157,28,14,108,0,1,7,6,-70,-5,0,103,1,-1,2001
832,832,10/27/2001,Texas,35,46,192,30,24,229,0,0,Missouri,16,26,147,28,9,97,1,0,19,20,45,2,15,132,-1,0,2001
833,833,10/27/2001,Texas A & M,24,35,190,21,11,132,1,0,Iowa State,21,34,97,48,30,348,1,0,3,1,93,-27,-19,-216,0,0,2001
834,834,10/27/2001,Texas Tech,63,33,194,61,39,324,2,0,Baylor,19,38,79,40,19,200,4,1,44,-5,115,21,20,124,-2,-1,2001
835,835,10/27/2001,Texas-El Paso,14,32,46,25,13,136,1,0,Southern Methodist,40,49,261,18,13,165,0,2,-26,-17,-215,7,0,-29,1,-2,2001
836,836,10/27/2001,Toledo,21,45,234,31,23,286,0,2,Navy,20,52,285,14,8,113,1,2,1,-7,-51,17,15,173,-1,0,2001
837,837,10/27/2001,Troy State,20,35,24,23,13,135,1,2,Southern Utah,17,61,231,9,1,6,1,1,3,-26,-207,14,12,129,0,1,2001
838,838,10/27/2001,Tulane,35,46,135,39,25,384,1,3,Army,42,52,278,31,18,228,1,1,-7,-6,-143,8,7,156,0,2,2001
839,839,10/27/2001,Tulsa,27,33,171,42,26,196,3,1,San Jose State,63,41,464,34,22,282,1,1,-36,-8,-293,8,4,-86,2,0,2001
840,840,10/27/2001,U.C.L.A.,28,25,57,44,20,326,2,2,Stanford,38,50,213,29,20,250,3,3,-10,-25,-156,15,0,76,-1,-1,2001
841,841,10/27/2001,UL-Lafayette,17,34,51,33,20,226,0,1,UL-Monroe,12,45,130,28,13,112,1,1,5,-11,-79,5,7,114,-1,0,2001
842,842,10/27/2001,UL-Monroe,12,45,130,28,13,112,1,1,UL-Lafayette,17,34,51,33,20,226,0,1,-5,11,79,-5,-7,-114,1,0,2001
843,843,10/27/2001,Utah,17,37,228,41,18,214,1,1,Colorado State,19,44,123,24,11,201,0,0,-2,-7,105,17,7,13,1,1,2001
844,844,10/27/2001,Utah State,30,31,117,34,21,264,1,2,Central Florida,27,33,109,49,23,284,1,2,3,-2,8,-15,-2,-20,0,0,2001
845,845,10/27/2001,Vanderbilt,42,40,338,19,9,175,0,2,Duke,28,57,238,37,20,299,4,1,14,-17,100,-18,-11,-124,-4,1,2001
846,846,10/27/2001,Virginia,0,30,66,29,15,149,0,1,No Carolina State,24,45,196,30,21,217,1,1,-24,-15,-130,-1,-6,-68,-1,0,2001
847,847,10/27/2001,Virginia Tech,14,34,90,32,15,162,0,2,Syracuse,22,53,168,17,6,52,0,0,-8,-19,-78,15,9,110,0,2,2001
848,848,10/27/2001,Wake Forest,14,60,193,16,8,151,2,1,Clemson,21,41,177,27,16,211,0,1,-7,19,16,-11,-8,-60,2,0,2001
849,849,10/27/2001,Washington,33,41,188,36,19,252,1,0,Arizona State,31,37,121,29,17,320,1,1,2,4,67,7,2,-68,0,-1,2001
850,850,10/27/2001,Washington State,17,29,82,41,18,312,0,0,Oregon,24,48,446,26,14,119,0,1,-7,-19,-364,15,4,193,0,-1,2001
851,851,10/27/2001,Western Michigan,11,34,93,32,9,75,2,0,Miami-Ohio,25,42,154,29,18,215,2,1,-14,-8,-61,3,-9,-140,0,-1,2001
852,852,10/27/2001,Wisconsin,28,46,151,37,20,368,3,0,Michigan State,42,39,237,20,13,326,2,0,-14,7,-86,17,7,42,1,0,2001
853,853,10/27/2001,Wyoming,26,38,72,60,33,382,1,2,Nevada-Las Vegas,47,53,439,17,8,129,2,1,-21,-15,-367,43,25,253,-1,1,2001
854,854,10/30/2001,East Carolina,37,28,130,30,15,221,0,3,Texas Christian,30,37,27,60,31,380,1,0,7,-9,103,-30,-16,-159,-1,3,2001
855,855,10/30/2001,Texas Christian,30,37,27,60,31,380,1,0,East Carolina,37,28,130,30,15,221,0,3,-7,9,-103,30,16,159,1,-3,2001
856,856,11/01/2001,Brigham Young,56,45,410,27,21,284,1,1,Colorado State,34,58,440,26,12,158,3,1,22,-13,-30,1,9,126,-2,0,2001
857,857,11/01/2001,Colorado State,34,58,440,26,12,158,3,1,Brigham Young,56,45,410,27,21,284,1,1,-22,13,30,-1,-9,-126,2,0,2001
858,858,11/01/2001,Georgia Tech,28,52,237,27,18,187,1,0,North Carolina,21,17,13,37,22,286,1,0,7,35,224,-10,-4,-99,0,0,2001
859,859,11/01/2001,North Carolina,21,17,13,37,22,286,1,0,Georgia Tech,28,52,237,27,18,187,1,0,-7,-35,-224,10,4,99,0,0,2001
860,860,11/03/2001,Air Force,34,47,150,17,10,132,0,1,Army,24,45,180,43,26,256,2,2,10,2,-30,-26,-16,-124,-2,-1,2001
861,861,11/03/2001,Akron,17,43,167,23,11,174,1,1,Central Florida,57,33,132,28,18,405,0,0,-40,10,35,-5,-7,-231,1,1,2001
862,862,11/03/2001,Alabama,21,39,174,28,15,209,1,0,Louisiana State,35,30,83,44,35,528,1,2,-14,9,91,-16,-20,-319,0,-2,2001
863,863,11/03/2001,Arizona,38,39,137,34,19,337,1,3,California,24,46,115,39,14,239,1,1,14,-7,22,-5,5,98,0,2,2001
864,864,11/03/2001,Arizona State,24,40,154,37,14,181,1,0,Oregon,42,39,155,32,19,319,0,1,-18,1,-1,5,-5,-138,1,-1,2001
865,865,11/03/2001,Arkansas,58,80,370,26,12,161,1,1,Mississippi,56,50,145,42,27,312,0,1,2,30,225,-16,-15,-151,1,0,2001
866,866,11/03/2001,Arkansas State,6,37,102,23,11,72,1,1,Mid Tennessee St,54,50,301,19,11,131,0,0,-48,-13,-199,4,0,-59,1,1,2001
867,867,11/03/2001,Army,24,45,180,43,26,256,2,2,Air Force,34,47,150,17,10,132,0,1,-10,-2,30,26,16,124,2,1,2001
868,868,11/03/2001,Ball State,38,43,189,27,13,303,1,2,Central Michigan,34,47,254,51,22,279,2,0,4,-4,-65,-24,-9,24,-1,2,2001
869,869,11/03/2001,Baylor,10,36,8,44,24,187,1,1,Texas,49,42,130,32,17,276,1,0,-39,-6,-122,12,7,-89,0,1,2001
870,870,11/03/2001,Boise State,42,39,155,49,30,351,2,2,Louisiana Tech,48,26,52,48,30,464,0,1,-6,13,103,1,0,-113,2,1,2001
871,871,11/03/2001,Bowling Green,21,39,127,30,14,185,1,0,Miami-Ohio,24,38,109,25,15,305,1,0,-3,1,18,5,-1,-120,0,0,2001
872,872,11/03/2001,Buffalo,44,45,242,38,25,296,0,1,Ohio,0,43,159,13,4,2,1,2,44,2,83,25,21,294,-1,-1,2001
873,873,11/03/2001,California,24,46,115,39,14,239,1,1,Arizona,38,39,137,34,19,337,1,3,-14,7,-22,5,-5,-98,0,-2,2001
874,874,11/03/2001,Central Florida,57,33,132,28,18,405,0,0,Akron,17,43,167,23,11,177,1,1,40,-10,-35,5,7,228,-1,-1,2001
875,875,11/03/2001,Central Michigan,34,47,254,51,22,279,2,0,Ball State,38,43,189,27,13,303,1,2,-4,4,65,24,9,-24,1,-2,2001
876,876,11/03/2001,Cincinnati,45,52,243,27,13,245,1,2,Connecticut,28,25,28,51,27,382,3,2,17,27,215,-24,-14,-137,-2,0,2001
877,877,11/03/2001,Clemson,27,45,186,41,22,280,1,0,Florida State,41,35,188,30,19,369,2,0,-14,10,-2,11,3,-89,-1,0,2001
878,878,11/03/2001,Colorado,38,48,242,22,17,257,1,2,Missouri,24,35,157,37,19,199,0,1,14,13,85,-15,-2,58,1,1,2001
879,879,11/03/2001,Connecticut,28,25,28,51,27,382,3,2,Cincinnati,45,52,243,27,13,245,1,2,-17,-27,-215,24,14,137,2,0,2001
880,880,11/03/2001,Duke,31,44,117,54,31,400,1,2,No Carolina State,55,25,193,23,14,189,0,1,-24,19,-76,31,17,211,1,1,2001
881,881,11/03/2001,Eastern Michigan,17,33,58,38,21,225,3,0,Northern Illinois,40,38,133,28,15,205,0,0,-23,-5,-75,10,6,20,3,0,2001
882,882,11/03/2001,Florida,71,37,168,40,25,403,1,2,Vanderbilt,13,38,63,30,15,209,2,3,58,-1,105,10,10,194,-1,-1,2001
883,883,11/03/2001,Florida State,41,35,188,30,19,369,2,0,Clemson,27,45,186,41,22,277,1,0,14,-10,2,-11,-3,92,1,0,2001
884,884,11/03/2001,Fresno State,52,36,172,32,20,334,0,1,Rice,24,56,188,19,7,134,1,2,28,-20,-16,13,13,200,-1,-1,2001
885,885,11/03/2001,Hawaii,34,20,85,38,19,318,1,3,San Jose State,10,40,124,47,24,251,3,0,24,-20,-39,-9,-5,67,-2,3,2001
886,886,11/03/2001,Houston,6,45,161,37,16,151,0,2,South Florida,45,29,144,39,25,301,1,1,-39,16,17,-2,-9,-150,-1,1,2001
887,887,11/03/2001,Idaho,42,31,91,38,31,385,1,2,UL-Monroe,38,24,23,53,29,287,0,0,4,7,68,-15,2,98,1,2,2001
888,888,11/03/2001,Illinois,38,39,121,34,15,299,4,2,Purdue,13,37,62,39,20,178,2,2,25,2,59,-5,-5,121,2,0,2001
889,889,11/03/2001,Indiana,56,59,316,23,13,246,1,0,Northwestern,21,43,204,57,34,309,2,2,35,16,112,-34,-21,-63,-1,-2,2001
890,890,11/03/2001,Iowa,28,26,173,34,16,213,1,2,Wisconsin,34,56,172,21,14,262,0,0,-6,-30,1,13,2,-49,1,2,2001
891,891,11/03/2001,Iowa State,3,24,23,29,15,151,3,1,Kansas State,42,75,343,13,5,88,0,0,-39,-51,-320,16,10,63,3,1,2001
892,892,11/03/2001,Kansas,7,42,124,17,8,79,2,1,Nebraska,51,51,284,25,14,164,0,0,-44,-9,-160,-8,-6,-85,2,1,2001
893,893,11/03/2001,Kansas State,42,75,343,13,5,88,0,0,Iowa State,3,24,23,29,15,151,3,1,39,51,320,-16,-10,-63,-3,-1,2001
894,894,11/03/2001,Kent State,21,42,266,31,17,182,0,2,Marshall,42,44,264,35,25,341,2,0,-21,-2,2,-4,-8,-159,-2,2,2001
895,895,11/03/2001,Kentucky,14,17,2,46,26,320,2,0,Mississippi State,17,45,221,32,17,207,1,0,-3,-28,-219,14,9,113,1,0,2001
896,896,11/03/2001,Louisiana State,35,30,83,44,35,528,1,2,Alabama,21,39,174,28,15,209,1,0,14,-9,-91,16,20,319,0,2,2001
897,897,11/03/2001,Louisiana Tech,48,26,52,48,30,464,0,1,Boise State,42,39,155,49,30,351,2,2,6,-13,-103,-1,0,113,-2,-1,2001
898,898,11/03/2001,Louisville,52,42,328,32,20,245,0,1,Tulane,7,26,19,37,20,220,2,0,45,16,309,-5,0,25,-2,1,2001
899,899,11/03/2001,Marshall,42,44,264,35,25,341,2,0,Kent State,21,42,266,31,17,182,0,2,21,2,-2,4,8,159,2,-2,2001
900,900,11/03/2001,Maryland,47,55,277,29,17,232,0,0,Troy State,14,26,-1,36,19,272,1,1,33,29,278,-7,-2,-40,-1,-1,2001
901,901,11/03/2001,Miami-Florida,38,38,212,26,16,175,0,1,Temple,0,45,118,14,6,34,1,2,38,-7,94,12,10,141,-1,-1,2001
902,902,11/03/2001,Miami-Ohio,24,38,109,25,15,305,1,0,Bowling Green,21,39,127,30,14,185,1,0,3,-1,-18,-5,1,120,0,0,2001
903,903,11/03/2001,Michigan,24,30,121,27,14,195,2,0,Michigan State,26,53,169,37,15,183,0,1,-2,-23,-48,-10,-1,12,2,-1,2001
904,904,11/03/2001,Michigan State,26,53,169,37,15,183,0,1,Michigan,24,30,121,27,14,195,2,0,2,23,48,10,1,-12,-2,1,2001
905,905,11/03/2001,Mid Tennessee St,54,50,301,19,11,131,0,0,Arkansas State,6,37,102,23,11,72,1,1,48,13,199,-4,0,59,-1,-1,2001
906,906,11/03/2001,Minnesota,28,45,246,23,11,120,1,0,Ohio State,31,47,265,17,12,203,0,1,-3,-2,-19,6,-1,-83,1,-1,2001
907,907,11/03/2001,Mississippi,56,50,145,42,27,312,0,1,Arkansas,58,80,370,26,12,161,1,1,-2,-30,-225,16,15,151,-1,0,2001
908,908,11/03/2001,Mississippi State,17,45,221,32,17,207,1,0,Kentucky,14,17,2,46,26,320,2,0,3,28,219,-14,-9,-113,-1,0,2001
909,909,11/03/2001,Missouri,24,35,157,37,19,199,0,1,Colorado,38,48,242,22,17,257,1,2,-14,-13,-85,15,2,-58,-1,-1,2001
910,910,11/03/2001,Nebraska,51,51,284,25,14,164,0,0,Kansas,7,42,124,17,8,79,2,1,44,9,160,8,6,85,-2,-1,2001
911,911,11/03/2001,Nevada-Las Vegas,14,26,38,21,8,118,1,1,Utah,42,55,212,21,13,180,2,0,-28,-29,-174,0,-5,-62,-1,1,2001
912,912,11/03/2001,Nevada-Reno,35,37,178,22,8,156,1,0,Southern Methodist,14,45,186,37,19,149,2,2,21,-8,-8,-15,-11,7,-1,-2,2001
913,913,11/03/2001,New Mexico,20,40,34,33,12,231,1,0,San Diego State,15,35,64,36,13,163,0,1,5,5,-30,-3,-1,68,1,-1,2001
914,914,11/03/2001,New Mexico State,20,36,170,29,16,214,3,2,North Texas,22,47,195,27,13,189,2,1,-2,-11,-25,2,3,25,1,1,2001
915,915,11/03/2001,No Carolina State,55,25,193,23,14,189,0,1,Duke,31,44,117,54,31,400,1,2,24,-19,76,-31,-17,-211,-1,-1,2001
916,916,11/03/2001,North Texas,22,47,195,27,13,189,2,1,New Mexico State,20,36,170,29,16,214,3,2,2,11,25,-2,-3,-25,-1,-1,2001
917,917,11/03/2001,Northern Illinois,40,38,133,28,15,205,0,0,Eastern Michigan,17,33,58,38,21,225,3,0,23,5,75,-10,-6,-20,-3,0,2001
918,918,11/03/2001,Northwestern,21,43,204,57,34,309,2,2,Indiana,56,59,316,23,13,246,1,0,-35,-16,-112,34,21,63,1,2,2001
919,919,11/03/2001,Notre Dame,18,45,122,24,13,146,1,2,Tennessee,28,34,78,29,17,228,1,1,-10,11,44,-5,-4,-82,0,1,2001
920,920,11/03/2001,Ohio,0,43,159,13,4,2,1,2,Buffalo,44,45,242,38,25,283,0,1,-44,-2,-83,-25,-21,-281,1,1,2001
921,921,11/03/2001,Ohio State,31,47,265,17,12,203,0,1,Minnesota,28,45,246,23,11,120,1,0,3,2,19,-6,1,83,-1,1,2001
922,922,11/03/2001,Oklahoma,58,25,175,53,39,366,0,1,Tulsa,0,34,48,32,14,90,2,0,58,-9,127,21,25,276,-2,1,2001
923,923,11/03/2001,Oregon,42,39,155,32,19,319,0,1,Arizona State,24,40,154,37,14,181,1,0,18,-1,1,-5,5,138,-1,1,2001
924,924,11/03/2001,Oregon State,13,42,181,33,20,203,1,1,Southern Cal,16,36,33,28,21,171,1,0,-3,6,148,5,-1,32,0,1,2001
925,925,11/03/2001,Penn State,38,37,145,39,25,298,0,0,Southern Miss,20,36,151,47,26,252,1,0,18,1,-6,-8,-1,46,-1,0,2001
926,926,11/03/2001,Pittsburgh,38,44,148,28,16,245,1,0,Virginia Tech,7,25,15,36,17,136,2,2,31,19,133,-8,-1,109,-1,-2,2001
927,927,11/03/2001,Purdue,13,37,62,39,20,178,2,2,Illinois,38,39,121,34,15,299,4,2,-25,-2,-59,5,5,-121,-2,0,2001
928,928,11/03/2001,Rice,24,56,188,19,7,134,1,2,Fresno State,52,36,172,32,20,334,0,1,-28,20,16,-13,-13,-200,1,1,2001
929,929,11/03/2001,Rutgers,7,57,150,15,4,27,4,4,West Virginia,80,48,446,15,11,181,0,0,-73,9,-296,0,-7,-154,4,4,2001
930,930,11/03/2001,San Diego State,15,35,64,36,13,163,0,1,New Mexico,20,40,34,33,12,231,1,0,-5,-5,30,3,1,-68,-1,1,2001
931,931,11/03/2001,San Jose State,10,40,124,47,24,251,3,0,Hawaii,34,20,85,38,19,318,1,3,-24,20,39,9,5,-67,2,-3,2001
932,932,11/03/2001,South Carolina,38,40,247,30,20,209,1,1,Wofford,14,54,207,14,8,80,1,1,24,-14,40,16,12,129,0,0,2001
933,933,11/03/2001,South Florida,45,29,144,39,25,301,1,1,Houston,6,45,161,37,16,151,0,2,39,-16,-17,2,9,150,1,-1,2001
934,934,11/03/2001,Southern Cal,16,36,33,28,21,171,1,0,Oregon State,13,42,181,33,20,203,1,1,3,-6,-148,-5,1,-32,0,-1,2001
935,935,11/03/2001,Southern Methodist,14,45,186,37,19,149,2,2,Nevada-Reno,35,37,178,22,8,156,1,0,-21,8,8,15,11,-7,1,2,2001
936,936,11/03/2001,Southern Miss,20,36,151,47,26,252,1,0,Penn State,38,37,145,39,25,298,0,0,-18,-1,6,8,1,-46,1,0,2001
937,937,11/03/2001,Stanford,28,37,180,34,19,231,1,0,Washington,42,39,130,28,15,291,0,2,-14,-2,50,6,4,-60,1,-2,2001
938,938,11/03/2001,Temple,0,45,118,14,6,34,1,2,Miami-Florida,38,38,212,26,16,175,0,1,-38,7,-94,-12,-10,-141,1,1,2001
939,939,11/03/2001,Tennessee,28,34,78,29,17,228,1,1,Notre Dame,18,45,122,24,13,146,1,2,10,-11,-44,5,4,82,0,-1,2001
940,940,11/03/2001,Texas,49,42,130,32,17,276,1,0,Baylor,10,36,8,44,24,187,1,1,39,6,122,-12,-7,89,0,-1,2001
941,941,11/03/2001,Texas A & M,0,38,166,31,22,206,1,1,Texas Tech,12,34,44,47,39,311,0,0,-12,4,122,-16,-17,-105,1,1,2001
942,942,11/03/2001,Texas Tech,12,34,44,47,39,311,0,0,Texas A & M,0,38,166,31,22,206,1,1,12,-4,-122,16,17,105,-1,-1,2001
943,943,11/03/2001,Troy State,14,26,-1,36,19,272,1,1,Maryland,47,55,277,29,17,232,0,0,-33,-29,-278,7,2,40,1,1,2001
944,944,11/03/2001,Tulane,7,26,19,37,20,220,2,0,Louisville,52,42,328,32,20,245,0,1,-45,-16,-309,5,0,-25,2,-1,2001
945,945,11/03/2001,Tulsa,0,34,48,32,14,90,2,0,Oklahoma,58,25,175,53,39,366,0,1,-58,9,-127,-21,-25,-276,2,-1,2001
946,946,11/03/2001,U.C.L.A.,14,33,85,27,10,140,5,2,Washington State,20,40,86,37,17,190,3,0,-6,-7,-1,-10,-7,-50,2,2,2001
947,947,11/03/2001,UL-Monroe,38,24,23,53,29,287,0,0,Idaho,42,31,91,38,31,385,1,2,-4,-7,-68,15,-2,-98,-1,-2,2001
948,948,11/03/2001,Utah,42,55,212,21,13,180,2,0,Nevada-Las Vegas,14,26,38,21,8,118,1,1,28,29,174,0,5,62,1,-1,2001
949,949,11/03/2001,Vanderbilt,13,38,63,30,15,209,2,3,Florida,71,37,168,40,25,403,1,2,-58,1,-105,-10,-10,-194,1,1,2001
950,950,11/03/2001,Virginia,30,33,152,46,28,287,1,0,Wake Forest,34,51,248,19,12,233,2,1,-4,-18,-96,27,16,54,-1,-1,2001
951,951,11/03/2001,Virginia Tech,7,25,15,36,17,136,2,2,Pittsburgh,38,44,148,28,16,245,1,0,-31,-19,-133,8,1,-109,1,2,2001
952,952,11/03/2001,Wake Forest,34,51,248,19,12,233,2,1,Virginia,30,33,152,46,28,287,1,0,4,18,96,-27,-16,-54,1,1,2001
953,953,11/03/2001,Washington,42,39,130,28,15,291,0,2,Stanford,28,37,180,34,19,231,1,0,14,2,-50,-6,-4,60,-1,2,2001
954,954,11/03/2001,Washington State,20,40,86,37,17,190,3,0,U.C.L.A.,14,33,85,27,10,140,5,2,6,7,1,10,7,50,-2,-2,2001
955,955,11/03/2001,West Virginia,80,48,446,15,11,181,0,0,Rutgers,7,57,150,15,4,27,4,4,73,-9,296,0,7,154,-4,-4,2001
956,956,11/03/2001,Wisconsin,34,56,172,21,14,262,0,0,Iowa,28,26,173,34,16,213,1,2,6,30,-1,-13,-2,49,-1,-2,2001
957,957,11/06/2001,Toledo,41,47,273,25,17,217,0,1,Western Michigan,35,33,89,35,24,291,0,3,6,14,184,-10,-7,-74,0,-2,2001
958,958,11/06/2001,Western Michigan,35,33,89,35,24,291,0,3,Toledo,41,47,273,25,17,217,0,1,-6,-14,-184,10,7,74,0,2,2001
959,959,11/08/2001,Air Force,21,69,359,22,13,122,0,0,Colorado State,28,35,184,8,6,116,1,1,-7,34,175,14,7,6,-1,-1,2001
960,960,11/08/2001,Colorado State,28,35,184,8,6,116,1,1,Air Force,21,69,359,22,13,122,0,0,7,-34,-175,-14,-7,-6,1,1,2001
961,961,11/10/2001,Alabama,24,46,228,27,13,173,0,2,Mississippi State,17,32,117,37,19,183,1,0,7,14,111,-10,-6,-10,-1,2,2001
962,962,11/10/2001,Alabama-Birmingham,38,43,104,18,9,223,1,0,Texas Christian,17,34,20,36,22,310,1,2,21,9,84,-18,-13,-87,0,-2,2001
963,963,11/10/2001,Arizona,37,24,163,50,25,415,1,4,Stanford,51,55,276,23,13,169,0,1,-14,-31,-113,27,12,246,1,3,2001
964,964,11/10/2001,Arizona State,16,42,130,32,13,299,1,2,Washington State,28,37,97,29,14,289,2,1,-12,5,33,3,-1,10,-1,1,2001
965,965,11/10/2001,Arkansas,27,47,238,16,9,129,0,2,Central Florida,20,25,65,44,22,304,1,1,7,22,173,-28,-13,-175,-1,1,2001
966,966,11/10/2001,Arkansas State,17,57,270,23,11,149,1,1,New Mexico State,28,37,215,18,11,161,0,3,-11,20,55,5,0,-12,1,-2,2001
967,967,11/10/2001,Army,19,27,96,45,27,272,3,0,Buffalo,26,46,150,30,17,185,0,0,-7,-19,-54,15,10,87,3,0,2001
968,968,11/10/2001,Auburn,24,62,179,25,15,196,1,1,Georgia,17,27,73,34,16,302,2,1,7,35,106,-9,-1,-106,-1,0,2001
969,969,11/10/2001,Ball State,18,58,219,23,12,93,3,1,Kent State,31,37,309,14,5,95,0,0,-13,21,-90,9,7,-2,3,1,2001
970,970,11/10/2001,Baylor,24,34,121,46,29,281,1,1,Missouri,41,39,151,36,25,380,0,1,-17,-5,-30,10,4,-99,1,0,2001
971,971,11/10/2001,Boise State,28,49,187,32,18,211,2,1,Hawaii,21,20,80,46,23,258,1,0,7,29,107,-14,-5,-47,1,1,2001
972,972,11/10/2001,Boston College,7,40,131,29,12,162,2,1,Miami-Florida,18,40,165,41,20,222,4,1,-11,0,-34,-12,-8,-60,-2,0,2001
973,973,11/10/2001,Bowling Green,17,57,244,22,13,156,2,0,Ohio,0,33,105,11,3,35,2,1,17,24,139,11,10,121,0,-1,2001
974,974,11/10/2001,Brigham Young,41,41,247,38,23,268,1,3,Wyoming,34,37,118,52,24,358,1,0,7,4,129,-14,-1,-90,0,3,2001
975,975,11/10/2001,Buffalo,26,46,150,30,17,185,0,0,Army,19,27,96,45,27,272,3,0,7,19,54,-15,-10,-87,-3,0,2001
976,976,11/10/2001,California,14,34,68,26,13,155,3,1,Southern Cal,55,47,213,37,19,235,0,2,-41,-13,-145,-11,-6,-80,3,-1,2001
977,977,11/10/2001,Central Florida,20,25,65,44,22,304,1,1,Arkansas,27,47,238,16,9,129,0,2,-7,-22,-173,28,13,175,1,-1,2001
978,978,11/10/2001,Central Michigan,35,40,266,23,14,185,1,2,Eastern Michigan,30,41,187,50,23,321,0,0,5,-1,79,-27,-9,-136,1,2,2001
979,979,11/10/2001,Cincinnati,26,56,190,34,18,253,1,0,East Carolina,28,39,305,19,12,159,1,2,-2,17,-115,15,6,94,0,-2,2001
980,980,11/10/2001,Clemson,20,35,123,37,18,218,4,0,Maryland,37,53,218,21,12,189,0,1,-17,-18,-95,16,6,29,4,-1,2001
981,981,11/10/2001,Colorado,40,57,255,27,18,247,0,1,Iowa State,27,35,132,36,22,279,1,0,13,22,123,-9,-4,-32,-1,1,2001
982,982,11/10/2001,Connecticut,31,26,34,51,19,245,3,1,Utah State,38,39,113,31,20,233,0,1,-7,-13,-79,20,-1,12,3,0,2001
983,983,11/10/2001,East Carolina,28,39,305,19,12,159,1,2,Cincinnati,26,56,190,34,18,253,1,0,2,-17,115,-15,-6,-94,0,2,2001
984,984,11/10/2001,Eastern Michigan,30,41,187,50,23,321,0,0,Central Michigan,35,40,266,23,14,185,1,2,-5,1,-79,27,9,136,-1,-2,2001
985,985,11/10/2001,Florida,54,31,170,34,22,312,0,1,South Carolina,17,43,207,17,7,57,2,0,37,-12,-37,17,15,255,-2,1,2001
986,986,11/10/2001,Florida State,28,28,132,35,20,302,1,1,No Carolina State,34,38,187,35,27,276,1,0,-6,-10,-55,0,-7,26,0,1,2001
987,987,11/10/2001,Fresno State,38,35,79,37,25,292,2,0,Southern Methodist,13,42,96,29,15,104,2,2,25,-7,-17,8,10,188,0,-2,2001
988,988,11/10/2001,Georgia,17,27,73,34,16,302,2,1,Auburn,24,62,179,25,15,196,1,1,-7,-35,-106,9,1,106,1,0,2001
989,989,11/10/2001,Georgia Tech,38,33,74,55,39,486,1,0,Virginia,39,25,134,46,32,327,1,1,-1,8,-60,9,7,159,0,-1,2001
990,990,11/10/2001,Hawaii,21,20,80,46,23,258,1,0,Boise State,28,49,187,32,18,211,2,1,-7,-29,-107,14,5,47,-1,-1,2001
991,991,11/10/2001,Houston,10,36,108,30,16,157,0,0,Louisville,34,34,91,30,20,274,0,1,-24,2,17,0,-4,-117,0,-1,2001
992,992,11/10/2001,Illinois,33,47,184,33,16,195,2,0,Penn State,28,34,114,33,11,148,4,0,5,13,70,0,5,47,-2,0,2001
993,993,11/10/2001,Indiana,37,63,489,13,4,48,0,1,Michigan State,28,30,110,30,20,288,2,1,9,33,379,-17,-16,-240,-2,0,2001
994,994,11/10/2001,Iowa,59,60,283,24,17,305,1,0,Northwestern,16,31,120,34,20,136,2,1,43,29,163,-10,-3,169,-1,-1,2001
995,995,11/10/2001,Iowa State,27,35,132,36,22,279,1,0,Colorado,40,57,255,27,18,247,0,1,-13,-22,-123,9,4,32,1,-1,2001
996,996,11/10/2001,Kansas,0,33,27,19,5,40,2,2,Texas,59,51,276,28,18,330,1,0,-59,-18,-249,-9,-13,-290,1,2,2001
997,997,11/10/2001,Kansas State,21,44,239,18,4,37,3,0,Nebraska,31,58,264,7,3,60,2,1,-10,-14,-25,11,1,-23,1,-1,2001
998,998,11/10/2001,Kent State,31,37,309,14,5,95,0,0,Ball State,18,58,219,23,12,93,3,1,13,-21,90,-9,-7,2,-3,-1,2001
999,999,11/10/2001,Kentucky,56,30,130,37,26,453,0,1,Vanderbilt,30,35,102,48,30,440,1,2,26,-5,28,-11,-4,13,-1,-1,2001
1000,1000,11/10/2001,Louisiana State,30,32,145,37,26,318,0,0,Mid Tennessee St,14,29,178,30,22,195,0,1,16,3,-33,7,4,123,0,-1,2001
1001,1001,11/10/2001,Louisiana Tech,53,43,223,31,20,227,1,0,Texas-El Paso,30,39,198,30,18,229,2,2,23,4,25,1,2,-2,-1,-2,2001
1002,1002,11/10/2001,Louisville,34,34,91,30,20,274,0,1,Houston,10,36,108,30,16,157,0,0,24,-2,-17,0,4,117,0,1,2001
1003,1003,11/10/2001,Marshall,27,37,90,43,30,333,0,1,Miami-Ohio,21,31,123,29,16,210,0,0,6,6,-33,14,14,123,0,1,2001
1004,1004,11/10/2001,Maryland,37,53,218,21,12,189,0,1,Clemson,20,35,123,37,18,218,4,0,17,18,95,-16,-6,-29,-4,1,2001
1005,1005,11/10/2001,Memphis,28,27,23,37,18,281,2,2,Tennessee,49,43,218,39,24,302,1,0,-21,-16,-195,-2,-6,-21,1,2,2001
1006,1006,11/10/2001,Miami-Florida,18,40,165,41,20,222,4,1,Boston College,7,40,131,29,12,162,2,1,11,0,34,12,8,60,2,0,2001
1007,1007,11/10/2001,Miami-Ohio,21,31,123,29,16,210,0,0,Marshall,27,37,90,43,30,333,0,1,-6,-6,33,-14,-14,-123,0,-1,2001
1008,1008,11/10/2001,Michigan,31,56,300,26,14,153,1,0,Minnesota,10,30,150,25,12,140,0,0,21,26,150,1,2,13,1,0,2001
1009,1009,11/10/2001,Michigan State,28,30,110,30,20,288,2,1,Indiana,37,63,489,13,4,48,0,1,-9,-33,-379,17,16,240,2,0,2001
1010,1010,11/10/2001,Mid Tennessee St,14,29,178,30,22,195,0,1,Louisiana State,30,32,145,37,26,318,0,0,-16,-3,33,-7,-4,-123,0,1,2001
1011,1011,11/10/2001,Minnesota,10,30,150,25,12,140,0,0,Michigan,31,56,300,26,14,153,1,0,-21,-26,-150,-1,-2,-13,-1,0,2001
1012,1012,11/10/2001,Mississippi State,17,32,117,37,19,183,1,0,Alabama,24,46,228,27,13,173,0,2,-7,-14,-111,10,6,10,1,-2,2001
1013,1013,11/10/2001,Missouri,41,39,151,36,25,380,0,1,Baylor,24,34,121,46,29,281,1,1,17,5,30,-10,-4,99,-1,0,2001
1014,1014,11/10/2001,Navy,28,56,300,34,10,113,2,1,Tulane,42,27,137,49,36,442,1,2,-14,29,163,-15,-26,-329,1,-1,2001
1015,1015,11/10/2001,Nebraska,31,58,264,7,3,60,2,1,Kansas State,21,44,239,18,4,37,3,0,10,14,25,-11,-1,23,-1,1,2001
1016,1016,11/10/2001,Nevada-Las Vegas,17,42,107,28,12,159,1,1,New Mexico,27,45,200,27,11,140,0,1,-10,-3,-93,1,1,19,1,0,2001
1017,1017,11/10/2001,Nevada-Reno,45,36,226,49,26,565,1,0,San Jose State,64,55,315,28,23,534,0,0,-19,-19,-89,21,3,31,1,0,2001
1018,1018,11/10/2001,New Mexico,27,45,200,27,11,140,0,1,Nevada-Las Vegas,17,42,107,28,12,159,1,1,10,3,93,-1,-1,-19,-1,0,2001
1019,1019,11/10/2001,New Mexico State,28,37,215,18,11,161,0,3,Arkansas State,17,57,270,23,11,149,1,1,11,-20,-55,-5,0,12,-1,2,2001
1020,1020,11/10/2001,No Carolina State,34,38,187,35,27,276,1,0,Florida State,28,28,132,35,20,302,1,1,6,10,55,0,7,-26,0,-1,2001
1021,1021,11/10/2001,North Carolina,31,34,54,32,24,361,1,3,Wake Forest,32,58,212,24,14,142,1,0,-1,-24,-158,8,10,219,0,3,2001
1022,1022,11/10/2001,North Texas,42,52,256,11,7,139,0,1,UL-Lafayette,17,20,100,67,35,344,1,1,25,32,156,-56,-28,-205,-1,0,2001
1023,1023,11/10/2001,Northwestern,16,31,120,34,20,136,2,1,Iowa,59,60,283,24,17,305,1,0,-43,-29,-163,10,3,-169,1,1,2001
1024,1024,11/10/2001,Ohio,0,33,105,11,3,35,2,1,Bowling Green,17,57,244,22,13,156,2,0,-17,-24,-139,-11,-10,-121,0,1,2001
1025,1025,11/10/2001,Ohio State,35,49,166,20,14,263,0,4,Purdue,9,32,71,27,12,140,3,0,26,17,95,-7,2,123,-3,4,2001
1026,1026,11/10/2001,Oklahoma,31,43,157,38,25,195,1,0,Texas A & M,10,27,74,23,11,58,0,0,21,16,83,15,14,137,1,0,2001
1027,1027,11/10/2001,Oklahoma State,30,32,93,41,26,252,1,1,Texas Tech,49,26,106,56,44,440,0,0,-19,6,-13,-15,-18,-188,1,1,2001
1028,1028,11/10/2001,Oregon,21,33,161,23,13,195,0,0,U.C.L.A.,20,49,120,22,14,321,2,0,1,-16,41,1,-1,-126,-2,0,2001
1029,1029,11/10/2001,Oregon State,49,57,180,28,18,317,0,4,Washington,24,30,88,41,17,193,1,1,25,27,92,-13,1,124,-1,3,2001
1030,1030,11/10/2001,Penn State,28,34,114,33,11,148,4,0,Illinois,33,47,184,33,16,195,2,0,-5,-13,-70,0,-5,-47,2,0,2001
1031,1031,11/10/2001,Pittsburgh,42,38,154,29,19,330,0,0,Rutgers,0,34,48,24,11,64,0,2,42,4,106,5,8,266,0,-2,2001
1032,1032,11/10/2001,Purdue,9,32,71,27,12,140,3,0,Ohio State,35,49,166,20,14,263,0,4,-26,-17,-95,7,-2,-123,3,-4,2001
1033,1033,11/10/2001,Rice,59,62,498,8,5,155,1,0,Tulsa,32,39,261,45,23,245,0,1,27,23,237,-37,-18,-90,1,-1,2001
1034,1034,11/10/2001,Rutgers,0,34,48,24,11,64,0,2,Pittsburgh,42,38,154,29,19,330,0,0,-42,-4,-106,-5,-8,-266,0,2,2001
1035,1035,11/10/2001,San Diego State,3,31,64,29,15,194,1,0,Utah,17,45,225,20,10,138,0,0,-14,-14,-161,9,5,56,1,0,2001
1036,1036,11/10/2001,San Jose State,64,55,315,28,23,534,0,0,Nevada-Reno,45,36,226,49,26,565,1,0,19,19,89,-21,-3,-31,-1,0,2001
1037,1037,11/10/2001,South Carolina,17,43,207,17,7,57,2,0,Florida,54,31,170,34,22,312,0,1,-37,12,37,-17,-15,-255,2,-1,2001
1038,1038,11/10/2001,South Florida,48,45,232,33,20,277,0,2,Western Illinois,17,31,38,46,19,238,1,1,31,14,194,-13,1,39,-1,1,2001
1039,1039,11/10/2001,Southern Cal,55,47,213,37,19,235,0,2,California,14,34,68,26,13,155,3,2,41,13,145,11,6,80,-3,0,2001
1040,1040,11/10/2001,Southern Methodist,13,42,96,29,15,104,2,2,Fresno State,38,35,79,37,25,292,2,0,-25,7,17,-8,-10,-188,0,2,2001
1041,1041,11/10/2001,Stanford,51,55,276,23,13,169,0,1,Arizona,37,24,163,50,25,415,1,4,14,31,113,-27,-12,-246,-1,-3,2001
1042,1042,11/10/2001,Syracuse,24,51,126,18,10,86,0,0,West Virginia,13,39,166,48,25,162,2,2,11,12,-40,-30,-15,-76,-2,-2,2001
1043,1043,11/10/2001,Temple,0,27,60,45,14,177,4,2,Virginia Tech,35,44,225,18,11,134,1,0,-35,-17,-165,27,3,43,3,2,2001
1044,1044,11/10/2001,Tennessee,49,43,218,39,24,302,1,0,Memphis,28,27,23,37,18,281,2,2,21,16,195,2,6,21,-1,-2,2001
1045,1045,11/10/2001,Texas,59,51,276,28,18,330,1,0,Kansas,0,33,27,19,5,40,2,2,59,18,249,9,13,290,-1,-2,2001
1046,1046,11/10/2001,Texas A & M,10,27,74,23,11,58,0,0,Oklahoma,31,43,157,38,25,195,1,0,-21,-16,-83,-15,-14,-137,-1,0,2001
1047,1047,11/10/2001,Texas Christian,17,34,20,36,22,310,1,2,Alabama-Birmingham,38,43,104,18,9,223,1,0,-21,-9,-84,18,13,87,0,2,2001
1048,1048,11/10/2001,Texas Tech,49,26,106,56,44,440,0,0,Oklahoma State,30,32,93,41,26,252,1,1,19,-6,13,15,18,188,-1,-1,2001
1049,1049,11/10/2001,Texas-El Paso,30,39,198,30,18,229,2,2,Louisiana Tech,53,43,223,31,20,227,1,0,-23,-4,-25,-1,-2,2,1,2,2001
1050,1050,11/10/2001,Troy State,44,56,218,33,23,307,0,1,UL-Monroe,12,22,74,27,9,142,5,1,32,34,144,6,14,165,-5,0,2001
1051,1051,11/10/2001,Tulane,42,27,137,49,36,442,1,2,Navy,28,56,300,34,10,113,2,1,14,-29,-163,15,26,329,-1,1,2001
1052,1052,11/10/2001,Tulsa,32,39,261,45,23,245,0,1,Rice,59,62,498,8,5,155,1,0,-27,-23,-237,37,18,90,-1,1,2001
1053,1053,11/10/2001,U.C.L.A.,20,49,120,22,14,321,2,0,Oregon,21,33,161,23,13,195,0,0,-1,16,-41,-1,1,126,2,0,2001
1054,1054,11/10/2001,UL-Lafayette,17,20,100,67,35,344,1,1,North Texas,42,52,256,11,7,139,0,1,-25,-32,-156,56,28,205,1,0,2001
1055,1055,11/10/2001,UL-Monroe,12,22,74,27,9,142,5,1,Troy State,44,56,218,33,23,307,0,1,-32,-34,-144,-6,-14,-165,5,0,2001
1056,1056,11/10/2001,Utah,17,45,225,20,10,138,0,0,San Diego State,3,31,64,29,15,194,1,0,14,14,161,-9,-5,-56,-1,0,2001
1057,1057,11/10/2001,Utah State,38,39,113,31,20,234,0,1,Connecticut,31,26,34,51,19,245,3,1,7,13,79,-20,1,-11,-3,0,2001
1058,1058,11/10/2001,Vanderbilt,30,35,102,48,30,440,1,2,Kentucky,56,30,130,37,26,453,0,1,-26,5,-28,11,4,-13,1,1,2001
1059,1059,11/10/2001,Virginia,39,25,134,46,32,327,1,1,Georgia Tech,38,33,74,55,39,486,1,0,1,-8,60,-9,-7,-159,0,1,2001
1060,1060,11/10/2001,Virginia Tech,35,44,225,18,11,134,1,0,Temple,0,27,60,45,14,177,4,2,35,17,165,-27,-3,-43,-3,-2,2001
1061,1061,11/10/2001,Wake Forest,32,58,212,24,14,142,1,0,North Carolina,31,34,54,32,24,361,1,3,1,24,158,-8,-10,-219,0,-3,2001
1062,1062,11/10/2001,Washington,24,30,88,41,17,193,1,1,Oregon State,49,57,180,28,18,317,0,3,-25,-27,-92,13,-1,-124,1,-2,2001
1063,1063,11/10/2001,Washington State,28,37,97,29,14,289,2,1,Arizona State,16,42,130,32,13,299,1,2,12,-5,-33,-3,1,-10,1,-1,2001
1064,1064,11/10/2001,West Virginia,13,39,166,48,25,162,2,2,Syracuse,24,51,126,18,10,86,0,0,-11,-12,40,30,15,76,2,2,2001
1065,1065,11/10/2001,Wyoming,34,37,118,52,24,358,1,0,Brigham Young,41,41,247,38,23,268,1,3,-7,-4,-129,14,1,90,0,-3,2001
1066,1066,11/15/2001,East Carolina,34,37,167,34,21,284,2,1,Louisville,39,44,138,34,22,292,1,0,-5,-7,29,0,-1,-8,1,1,2001
1067,1067,11/15/2001,Louisville,39,44,138,34,22,292,1,0,East Carolina,34,37,167,34,21,284,2,1,5,7,-29,0,1,8,-1,-1,2001
1068,1068,11/17/2001,Air Force,10,61,259,29,13,77,3,1,Nevada-Las Vegas,34,42,215,19,7,138,1,2,-24,19,44,10,6,-61,2,-1,2001
1069,1069,11/17/2001,Akron,41,54,217,21,13,155,0,0,Buffalo,14,34,153,31,14,140,3,0,27,20,64,-10,-1,15,-3,0,2001
1070,1070,11/17/2001,Alabama,31,44,328,30,22,221,0,0,Auburn,7,28,41,24,16,231,0,1,24,16,287,6,6,-10,0,-1,2001
1071,1071,11/17/2001,Alabama-Birmingham,43,54,252,15,8,128,0,0,Houston,21,16,-6,58,32,276,2,1,22,38,258,-43,-24,-148,-2,-1,2001
1072,1072,11/17/2001,Arkansas,24,58,329,19,10,134,1,1,Mississippi State,21,30,65,31,17,192,3,0,3,28,264,-12,-7,-58,-2,1,2001
1073,1073,11/17/2001,Arkansas State,7,38,106,34,16,142,2,1,UL-Monroe,16,32,82,23,14,179,0,0,-9,6,24,11,2,-37,2,1,2001
1074,1074,11/17/2001,Army,10,45,167,35,16,154,3,1,Memphis,42,40,138,22,13,233,1,2,-32,5,29,13,3,-79,2,-1,2001
1075,1075,11/17/2001,Auburn,7,28,41,24,16,231,0,1,Alabama,31,44,328,30,22,221,0,0,-24,-16,-287,-6,-6,10,0,1,2001
1076,1076,11/17/2001,Ball State,29,42,173,44,25,274,3,0,Northern Illinois,33,40,124,26,14,217,1,0,-4,2,49,18,11,57,2,0,2001
1077,1077,11/17/2001,Baylor,22,50,202,43,27,315,4,0,Oklahoma State,38,33,129,26,14,194,1,0,-16,17,73,17,13,121,3,0,2001
1078,1078,11/17/2001,Boise State,56,44,204,32,19,351,1,1,San Jose State,6,30,54,33,13,129,2,1,50,14,150,-1,6,222,-1,0,2001
1079,1079,11/17/2001,Boston College,38,56,362,29,14,176,2,1,Rutgers,7,38,51,24,9,132,1,2,31,18,311,5,5,44,1,-1,2001
1080,1080,11/17/2001,Bowling Green,43,33,146,53,36,472,0,1,Northwestern,42,58,203,39,26,421,2,2,1,-25,-57,14,10,51,-2,-1,2001
1081,1081,11/17/2001,Brigham Young,24,32,180,42,21,270,1,1,Utah,21,46,168,32,16,189,1,1,3,-14,12,10,5,81,0,0,2001
1082,1082,11/17/2001,Buffalo,14,34,153,31,14,140,3,0,Akron,41,54,217,21,13,155,0,0,-27,-20,-64,10,1,-15,3,0,2001
1083,1083,11/17/2001,California,28,26,82,47,20,278,2,2,Stanford,35,45,178,39,20,390,3,2,-7,-19,-96,8,0,-112,-1,0,2001
1084,1084,11/17/2001,Central Michigan,17,50,198,29,16,127,2,0,Western Michigan,20,43,170,29,14,167,1,0,-3,7,28,0,2,-40,1,0,2001
1085,1085,11/17/2001,Clemson,15,31,146,29,15,204,2,0,South Carolina,20,55,215,24,14,152,1,0,-5,-24,-69,5,1,52,1,0,2001
1086,1086,11/17/2001,Colorado State,24,43,128,23,11,171,0,1,New Mexico,17,41,156,37,15,255,5,0,7,2,-28,-14,-4,-84,-5,1,2001
1087,1087,11/17/2001,Connecticut,14,42,118,31,11,102,0,1,Mid Tennessee St,38,52,327,18,13,201,0,1,-24,-10,-209,13,-2,-99,0,0,2001
1088,1088,11/17/2001,Duke,17,36,59,33,13,172,0,0,North Carolina,52,39,192,39,22,368,0,0,-35,-3,-133,-6,-9,-196,0,0,2001
1089,1089,11/17/2001,Eastern Michigan,7,23,18,30,13,148,0,0,Toledo,28,47,189,29,23,236,0,1,-21,-24,-171,1,-10,-88,0,-1,2001
1090,1090,11/17/2001,Florida,37,30,123,43,28,330,1,1,Florida State,13,21,40,40,27,228,1,0,24,9,83,3,1,102,0,1,2001
1091,1091,11/17/2001,Florida State,13,21,40,40,27,228,1,0,Florida,37,30,123,43,28,330,1,1,-24,-9,-83,-3,-1,-102,0,-1,2001
1092,1092,11/17/2001,Fresno State,61,34,200,35,23,368,1,1,Nevada-Reno,14,53,117,33,14,167,0,3,47,-19,83,2,9,201,1,-2,2001
1093,1093,11/17/2001,Georgia,35,49,268,14,8,93,2,0,Mississippi,15,20,28,47,35,233,1,1,20,29,240,-33,-27,-140,1,-1,2001
1094,1094,11/17/2001,Georgia Tech,38,47,146,27,20,267,1,1,Wake Forest,33,43,140,39,18,210,2,1,5,4,6,-12,2,57,-1,0,2001
1095,1095,11/17/2001,Hawaii,52,11,45,53,30,500,1,0,Miami-Ohio,51,38,164,53,40,452,0,0,1,-27,-119,0,-10,48,1,0,2001
1096,1096,11/17/2001,Houston,21,16,-6,58,32,276,2,1,Alabama-Birmingham,43,54,252,15,8,128,0,0,-22,-38,-258,43,24,148,2,1,2001
1097,1097,11/17/2001,Illinois,34,41,116,28,18,274,1,1,Ohio State,22,40,224,37,15,206,2,0,12,1,-108,-9,3,68,-1,1,2001
1098,1098,11/17/2001,Indiana,14,49,298,24,12,225,0,0,Penn State,28,38,172,23,17,278,1,0,-14,11,126,1,-5,-53,-1,0,2001
1099,1099,11/17/2001,Iowa,42,53,267,14,13,206,0,1,Minnesota,24,35,107,35,21,368,1,0,18,18,160,-21,-8,-162,-1,1,2001
1100,1100,11/17/2001,Iowa State,49,63,320,18,7,112,1,0,Kansas,7,34,85,26,12,126,5,1,42,29,235,-8,-5,-14,-4,-1,2001
1101,1101,11/17/2001,Kansas,7,34,85,26,12,126,5,1,Iowa State,49,63,320,18,7,112,1,0,-42,-29,-235,8,5,14,4,1,2001
1102,1102,11/17/2001,Kansas State,40,66,338,24,16,205,3,2,Louisiana Tech,7,20,31,38,16,144,2,1,33,46,307,-14,0,61,1,1,2001
1103,1103,11/17/2001,Kentucky,35,31,137,53,34,406,1,1,Tennessee,38,23,82,30,20,285,0,0,-3,8,55,23,14,121,1,1,2001
1104,1104,11/17/2001,Louisiana Tech,7,20,31,38,16,144,2,1,Kansas State,40,65,329,25,17,214,3,2,-33,-45,-298,13,-1,-70,-1,-1,2001
1105,1105,11/17/2001,Marshall,42,24,113,39,28,399,0,1,Ohio,18,65,318,21,8,86,1,2,24,-41,-205,18,20,313,-1,-1,2001
1106,1106,11/17/2001,Maryland,23,36,103,41,27,296,1,2,No Carolina State,19,33,38,43,27,275,1,1,4,3,65,-2,0,21,0,1,2001
1107,1107,11/17/2001,Memphis,42,40,138,22,13,233,1,2,Army,10,45,167,35,16,154,3,1,32,-5,-29,-13,-3,79,-2,1,2001
1108,1108,11/17/2001,Miami-Florida,59,36,331,22,14,235,0,0,Syracuse,0,46,105,20,10,80,1,1,59,-10,226,2,4,155,-1,-1,2001
1109,1109,11/17/2001,Miami-Ohio,51,38,164,53,40,452,0,0,Hawaii,52,11,45,53,30,500,1,0,-1,27,119,0,10,-48,-1,0,2001
1110,1110,11/17/2001,Michigan,20,38,105,26,11,58,1,1,Wisconsin,17,45,159,29,14,133,0,2,3,-7,-54,-3,-3,-75,1,-1,2001
1111,1111,11/17/2001,Michigan State,14,33,60,45,24,304,2,4,Purdue,24,49,140,21,13,126,0,2,-10,-16,-80,24,11,178,2,2,2001
1112,1112,11/17/2001,Mid Tennessee St,38,52,327,18,13,201,0,1,Connecticut,14,42,118,31,11,102,0,1,24,10,209,-13,2,99,0,0,2001
1113,1113,11/17/2001,Minnesota,24,35,107,35,21,368,1,0,Iowa,42,53,267,14,13,206,0,1,-18,-18,-160,21,8,162,1,-1,2001
1114,1114,11/17/2001,Mississippi,15,20,28,47,35,233,1,1,Georgia,35,49,268,14,8,93,2,0,-20,-29,-240,33,27,140,-1,1,2001
1115,1115,11/17/2001,Mississippi State,21,30,65,31,17,192,3,0,Arkansas,24,58,329,19,10,134,1,1,-3,-28,-264,12,7,58,2,-1,2001
1116,1116,11/17/2001,Navy,16,45,177,18,7,123,1,2,Notre Dame,34,58,272,12,7,118,1,1,-18,-13,-95,6,0,5,0,1,2001
1117,1117,11/17/2001,Nevada-Las Vegas,34,42,215,19,7,138,1,2,Air Force,10,61,259,29,13,77,3,1,24,-19,-44,-10,-6,61,-2,1,2001
1118,1118,11/17/2001,Nevada-Reno,14,53,117,33,14,167,0,3,Fresno State,61,34,200,35,23,368,1,1,-47,19,-83,-2,-9,-201,-1,2,2001
1119,1119,11/17/2001,New Mexico,17,41,156,37,15,255,5,0,Colorado State,24,43,128,23,11,171,0,1,-7,-2,28,14,4,84,5,-1,2001
1120,1120,11/17/2001,New Mexico State,49,45,245,22,12,203,0,2,UL-Lafayette,46,32,127,43,26,329,1,0,3,13,118,-21,-14,-126,-1,2,2001
1121,1121,11/17/2001,No Carolina State,19,33,38,43,27,275,1,1,Maryland,23,36,103,41,27,296,1,2,-4,-3,-65,2,0,-21,0,-1,2001
1122,1122,11/17/2001,North Carolina,52,39,192,39,22,368,0,0,Duke,17,36,59,33,13,172,0,0,35,3,133,6,9,196,0,0,2001
1123,1123,11/17/2001,Northern Illinois,33,40,124,26,14,217,1,0,Ball State,29,42,173,44,25,274,3,0,4,-2,-49,-18,-11,-57,-2,0,2001
1124,1124,11/17/2001,Northwestern,42,58,203,39,26,421,2,2,Bowling Green,43,33,146,53,36,472,0,1,-1,25,57,-14,-10,-51,2,1,2001
1125,1125,11/17/2001,Notre Dame,34,58,272,12,7,118,1,1,Navy,16,45,177,18,7,123,1,2,18,13,95,-6,0,-5,0,-1,2001
1126,1126,11/17/2001,Ohio,18,65,318,21,8,86,1,2,Marshall,42,24,113,39,28,399,0,1,-24,41,205,-18,-20,-313,1,1,2001
1127,1127,11/17/2001,Ohio State,22,40,224,37,15,206,2,0,Illinois,34,41,116,28,18,274,1,1,-12,-1,108,9,-3,-68,1,-1,2001
1128,1128,11/17/2001,Oklahoma,30,35,110,50,33,274,2,0,Texas Tech,13,16,-7,37,24,254,2,1,17,19,117,13,9,20,0,-1,2001
1129,1129,11/17/2001,Oklahoma State,38,33,129,26,14,194,1,0,Baylor,22,50,202,43,27,315,4,0,16,-17,-73,-17,-13,-121,-3,0,2001
1130,1130,11/17/2001,Oregon State,45,40,168,25,15,353,2,3,Northern Arizona,10,41,125,26,11,93,1,1,35,-1,43,-1,4,260,1,2,2001
1131,1131,11/17/2001,Penn State,28,38,172,23,17,278,1,0,Indiana,14,49,298,24,12,225,0,0,14,-11,-126,-1,5,53,1,0,2001
1132,1132,11/17/2001,Purdue,24,49,140,21,13,126,0,2,Michigan State,14,33,60,45,24,304,2,4,10,16,80,-24,-11,-178,-2,-2,2001
1133,1133,11/17/2001,Rice,24,73,293,15,6,57,0,0,Texas-El Paso,20,21,86,33,16,227,2,1,4,52,207,-18,-10,-170,-2,-1,2001
1134,1134,11/17/2001,Rutgers,7,38,51,24,9,132,1,2,Boston College,38,56,362,29,14,176,2,1,-31,-18,-311,-5,-5,-44,-1,1,2001
1135,1135,11/17/2001,San Diego State,38,59,199,25,12,183,1,1,Wyoming,16,32,57,40,21,307,6,3,22,27,142,-15,-9,-124,-5,-2,2001
1136,1136,11/17/2001,San Jose State,6,30,54,33,13,129,2,1,Boise State,56,44,204,32,19,351,1,1,-50,-14,-150,1,-6,-222,1,0,2001
1137,1137,11/17/2001,South Carolina,20,55,215,24,14,152,1,0,Clemson,15,31,146,29,15,204,2,0,5,24,69,-5,-1,-52,-1,0,2001
1138,1138,11/17/2001,Southern Cal,27,38,96,23,14,180,1,0,U.C.L.A.,0,27,28,28,13,86,3,1,27,11,68,-5,1,94,-2,-1,2001
1139,1139,11/17/2001,Southern Methodist,24,52,218,14,8,84,2,1,Tulsa,14,32,107,44,20,242,3,2,10,20,111,-30,-12,-158,-1,-1,2001
1140,1140,11/17/2001,Southern Miss,59,39,103,36,24,409,0,0,Tulane,6,36,155,34,19,170,2,1,53,3,-52,2,5,239,-2,-1,2001
1141,1141,11/17/2001,Stanford,35,45,178,39,20,390,3,2,California,28,26,82,47,20,278,2,2,7,19,96,-8,0,112,1,0,2001
1142,1142,11/17/2001,Syracuse,0,46,105,20,10,80,1,1,Miami-Florida,59,36,331,22,14,235,0,0,-59,10,-226,-2,-4,-155,1,1,2001
1143,1143,11/17/2001,Temple,17,50,205,19,8,85,0,2,West Virginia,14,40,216,37,19,153,2,2,3,10,-11,-18,-11,-68,-2,0,2001
1144,1144,11/17/2001,Tennessee,38,23,82,30,20,285,0,0,Kentucky,35,31,137,53,34,406,1,1,3,-8,-55,-23,-14,-121,-1,-1,2001
1145,1145,11/17/2001,Texas Tech,13,16,-7,37,24,254,2,1,Oklahoma,30,35,110,50,33,274,2,0,-17,-19,-117,-13,-9,-20,0,1,2001
1146,1146,11/17/2001,Texas-El Paso,20,20,77,34,17,236,2,1,Rice,24,73,293,15,6,57,0,0,-4,-53,-216,19,11,179,2,1,2001
1147,1147,11/17/2001,Toledo,28,47,189,29,23,236,0,1,Eastern Michigan,7,23,18,30,13,148,0,0,21,24,171,-1,10,88,0,1,2001
1148,1148,11/17/2001,Troy State,21,39,187,26,17,254,2,0,Jacksonville St,10,32,114,26,13,189,1,2,11,7,73,0,4,65,1,-2,2001
1149,1149,11/17/2001,Tulane,6,36,155,34,19,170,2,1,Southern Miss,59,39,103,36,24,409,0,0,-53,-3,52,-2,-5,-239,2,1,2001
1150,1150,11/17/2001,Tulsa,14,32,107,44,20,242,3,2,Southern Methodist,24,52,218,14,8,84,2,1,-10,-20,-111,30,12,158,1,1,2001
1151,1151,11/17/2001,U.C.L.A.,0,27,28,28,13,86,3,1,Southern Cal,27,38,96,23,14,180,1,0,-27,-11,-68,5,-1,-94,2,1,2001
1152,1152,11/17/2001,UL-Lafayette,46,32,127,43,26,329,1,0,New Mexico State,49,45,245,22,12,203,0,2,-3,-13,-118,21,14,126,1,-2,2001
1153,1153,11/17/2001,UL-Monroe,16,32,82,23,14,179,0,0,Arkansas State,7,38,106,34,16,142,2,1,9,-6,-24,-11,-2,37,-2,-1,2001
1154,1154,11/17/2001,Utah,21,46,168,32,16,189,1,1,Brigham Young,24,32,180,42,21,270,1,1,-3,14,-12,-10,-5,-81,0,0,2001
1155,1155,11/17/2001,Utah State,55,41,243,35,24,441,2,0,Weber State,43,28,105,50,29,395,1,1,12,13,138,-15,-5,46,1,-1,2001
1156,1156,11/17/2001,Virginia,17,25,8,36,21,261,2,3,Virginia Tech,31,55,241,24,12,190,1,1,-14,-30,-233,12,9,71,1,2,2001
1157,1157,11/17/2001,Virginia Tech,31,55,241,24,12,190,1,1,Virginia,17,25,8,36,21,261,2,3,14,30,233,-12,-9,-71,-1,-2,2001
1158,1158,11/17/2001,Wake Forest,33,43,140,39,18,210,2,1,Georgia Tech,38,47,146,27,20,267,1,1,-5,-4,-6,12,-2,-57,1,0,2001
1159,1159,11/17/2001,Washington,26,41,79,38,25,371,1,1,Washington State,14,30,95,35,22,227,1,3,12,11,-16,3,3,144,0,-2,2001
1160,1160,11/17/2001,Washington State,14,30,95,35,22,227,1,3,Washington,26,41,79,38,25,371,1,1,-12,-11,16,-3,-3,-144,0,2,2001
1161,1161,11/17/2001,West Virginia,14,40,216,37,19,153,2,2,Temple,17,50,205,19,8,85,0,2,-3,-10,11,18,11,68,2,0,2001
1162,1162,11/17/2001,Western Michigan,20,43,170,29,14,167,1,0,Central Michigan,17,50,198,29,16,127,2,0,3,-7,-28,0,-2,40,-1,0,2001
1163,1163,11/17/2001,Wisconsin,17,45,159,29,14,133,0,2,Michigan,20,38,105,26,11,58,1,1,-3,7,54,3,3,75,-1,1,2001
1164,1164,11/17/2001,Wyoming,16,32,57,40,21,307,6,3,San Diego State,38,59,199,25,12,183,1,1,-22,-27,-142,15,9,124,5,2,2001
1165,1165,11/22/2001,Arkansas State,22,33,201,30,13,146,4,0,Nicholls State,28,65,172,15,9,173,1,3,-6,-32,29,15,4,-27,3,-3,2001
1166,1166,11/22/2001,Illinois,34,47,183,43,33,387,1,1,Northwestern,28,42,201,41,19,266,1,0,6,5,-18,2,14,121,0,1,2001
1167,1167,11/22/2001,Mississippi,28,41,137,37,17,211,3,0,Mississippi State,36,45,199,21,14,263,0,0,-8,-4,-62,16,3,-52,3,0,2001
1168,1168,11/22/2001,Mississippi State,36,45,199,21,14,263,0,0,Mississippi,28,41,137,37,17,211,3,0,8,4,62,-16,-3,52,-3,0,2001
1169,1169,11/22/2001,Northwestern,28,42,201,41,19,266,1,0,Illinois,34,47,183,43,33,387,1,1,-6,-5,18,-2,-14,-121,0,-1,2001
1170,1170,11/23/2001,Arizona,34,44,163,29,18,225,1,0,Arizona State,21,33,113,37,16,217,2,1,13,11,50,-8,2,8,-1,-1,2001
1171,1171,11/23/2001,Arizona State,21,33,113,37,16,217,2,1,Arizona,34,44,163,29,18,225,1,0,-13,-11,-50,8,-2,-8,1,1,2001
1172,1172,11/23/2001,Arkansas,38,42,146,33,16,266,2,0,Louisiana State,41,37,159,33,19,359,4,1,-3,5,-13,0,-3,-93,-2,-1,2001
1173,1173,11/23/2001,Bowling Green,56,54,211,32,20,286,0,0,Toledo,21,30,93,28,14,180,2,4,35,24,118,4,6,106,-2,-4,2001
1174,1174,11/23/2001,California,20,45,192,26,15,193,1,1,Rutgers,10,35,47,27,11,142,2,0,10,10,145,-1,4,51,-1,1,2001
1175,1175,11/23/2001,Colorado,62,52,380,16,9,202,0,0,Nebraska,36,49,354,28,13,198,2,2,26,3,26,-12,-4,4,-2,-2,2001
1176,1176,11/23/2001,East Carolina,21,41,109,29,19,250,1,4,Southern Miss,28,48,195,25,18,167,0,0,-7,-7,-86,4,1,83,1,4,2001
1177,1177,11/23/2001,Fresno State,40,51,282,37,21,328,1,0,San Jose State,21,27,42,41,26,450,4,2,19,24,240,-4,-5,-122,-3,-2,2001
1178,1178,11/23/2001,Louisiana State,41,37,159,33,19,359,4,1,Arkansas,38,42,146,33,16,266,2,0,3,-5,13,0,3,93,2,1,2001
1179,1179,11/23/2001,Louisville,22,25,-47,52,33,381,0,3,Texas Christian,37,42,178,24,13,256,1,0,-15,-17,-225,28,20,125,-1,3,2001
1180,1180,11/23/2001,Nebraska,36,49,354,28,13,198,2,2,Colorado,62,52,380,16,9,202,0,0,-26,-3,-26,12,4,-4,2,2,2001
1181,1181,11/23/2001,Rutgers,10,35,47,27,11,142,2,0,California,20,45,192,26,15,193,1,1,-10,-10,-145,1,-4,-51,1,-1,2001
1182,1182,11/23/2001,San Jose State,21,27,42,41,26,450,4,2,Fresno State,40,51,282,37,21,328,1,0,-19,-24,-240,4,5,122,3,2,2001
1183,1183,11/23/2001,Southern Miss,28,48,195,25,18,167,0,0,East Carolina,21,41,109,29,19,250,1,4,7,7,86,-4,-1,-83,-1,-4,2001
1184,1184,11/23/2001,Texas,21,35,97,33,16,138,0,0,Texas A & M,7,31,48,38,17,117,2,0,14,4,49,-5,-1,21,-2,0,2001
1185,1185,11/23/2001,Texas A & M,7,31,48,38,17,117,2,0,Texas,21,35,97,33,16,138,0,0,-14,-4,-49,5,1,-21,2,0,2001
1186,1186,11/23/2001,Texas Christian,37,42,178,24,13,256,1,0,Louisville,22,25,-47,52,33,381,0,3,15,17,225,-28,-20,-125,1,-3,2001
1187,1187,11/23/2001,Toledo,21,30,93,28,14,180,2,4,Bowling Green,56,54,211,32,20,286,0,0,-35,-24,-118,-4,-6,-106,2,4,2001
1188,1188,11/24/2001,Air Force,30,78,545,20,4,58,2,2,Hawaii,52,15,67,49,32,505,0,1,-22,63,478,-29,-28,-447,2,1,2001
1189,1189,11/24/2001,Akron,65,58,219,33,21,313,0,1,Eastern Michigan,62,36,111,50,27,392,3,0,3,22,108,-17,-6,-79,-3,1,2001
1190,1190,11/24/2001,Ball State,35,45,100,24,14,284,0,1,Western Michigan,31,36,88,42,19,274,0,0,4,9,12,-18,-5,10,0,1,2001
1191,1191,11/24/2001,Baylor,56,40,163,35,23,344,1,0,Southern Illinois,12,39,115,33,20,199,3,1,44,1,48,2,3,145,-2,-1,2001
1192,1192,11/24/2001,Boise State,26,64,277,27,13,191,1,2,Central Michigan,10,31,74,25,10,73,2,1,16,33,203,2,3,118,-1,1,2001
1193,1193,11/24/2001,Boston College,28,27,216,28,17,217,0,1,Syracuse,39,66,322,21,16,253,0,0,-11,-39,-106,7,1,-36,0,1,2001
1194,1194,11/24/2001,Central Florida,31,30,153,32,17,272,2,1,UL-Lafayette,0,27,30,41,20,184,1,1,31,3,123,-9,-3,88,1,0,2001
1195,1195,11/24/2001,Central Michigan,10,31,74,25,10,73,2,1,Boise State,26,64,277,27,13,191,1,2,-16,-33,-203,-2,-3,-118,1,-1,2001
1196,1196,11/24/2001,Cincinnati,36,54,224,36,18,348,0,0,Memphis,34,32,145,33,16,295,0,0,2,22,79,3,2,53,0,0,2001
1197,1197,11/24/2001,Connecticut,7,36,23,28,12,90,2,1,Temple,56,42,339,19,14,205,0,1,-49,-6,-316,9,-2,-115,2,0,2001
1198,1198,11/24/2001,Eastern Michigan,62,36,111,50,27,392,3,0,Akron,65,58,219,33,21,313,0,1,-3,-22,-108,17,6,79,3,-1,2001
1199,1199,11/24/2001,Georgia,31,52,232,25,11,210,0,1,Georgia Tech,17,28,63,35,19,179,1,1,14,24,169,-10,-8,31,-1,0,2001
1200,1200,11/24/2001,Georgia Tech,17,28,63,35,19,179,1,1,Georgia,31,52,232,25,11,210,0,1,-14,-24,-169,10,8,-31,1,0,2001
1201,1201,11/24/2001,Hawaii,52,15,67,49,32,505,0,1,Air Force,30,78,545,20,4,58,2,2,22,-63,-478,29,28,447,-2,-1,2001
1202,1202,11/24/2001,Idaho,27,88,290,85,56,715,0,6,Montana,33,72,369,56,34,452,1,2,-6,16,-79,29,22,263,-1,4,2001
1203,1203,11/24/2001,Indiana,13,51,204,19,7,96,1,2,Purdue,7,18,-8,62,31,263,0,2,6,33,212,-43,-24,-167,1,0,2001
1204,1204,11/24/2001,Iowa,14,36,159,20,15,145,1,2,Iowa State,17,39,84,27,20,228,1,0,-3,-3,75,-7,-5,-83,0,2,2001
1205,1205,11/24/2001,Iowa State,17,39,84,27,20,228,1,0,Iowa,14,36,159,20,15,145,1,2,3,3,-75,7,5,83,0,-2,2001
1206,1206,11/24/2001,Kansas,27,50,230,27,13,221,1,0,Wyoming,14,39,121,32,14,165,1,0,13,11,109,-5,-1,56,0,0,2001
1207,1207,11/24/2001,Kansas State,24,56,282,21,11,113,0,1,Missouri,3,35,229,28,8,88,1,0,21,21,53,-7,3,25,-1,1,2001
1208,1208,11/24/2001,Kent State,24,46,333,20,9,79,2,0,Miami-Ohio,20,31,-1,36,20,238,2,0,4,15,334,-16,-11,-159,0,0,2001
1209,1209,11/24/2001,Louisiana Tech,19,43,233,28,16,137,0,0,Tulsa,7,45,191,30,12,116,1,0,12,-2,42,-2,4,21,-1,0,2001
1210,1210,11/24/2001,Marshall,38,31,171,35,25,208,0,1,Youngstown State,24,61,372,14,5,50,1,2,14,-30,-201,21,20,158,-1,-1,2001
1211,1211,11/24/2001,Memphis,34,32,145,33,16,295,0,0,Cincinnati,36,54,224,36,18,348,0,0,-2,-22,-79,-3,-2,-53,0,0,2001
1212,1212,11/24/2001,Miami-Florida,64,37,211,24,15,202,1,0,Washington,7,45,98,36,17,194,6,1,57,-8,113,-12,-2,8,-5,-1,2001
1213,1213,11/24/2001,Miami-Ohio,20,31,-1,36,20,238,2,0,Kent State,24,46,333,20,9,79,2,0,-4,-15,-334,16,11,159,0,0,2001
1214,1214,11/24/2001,Michigan,20,35,117,47,21,206,4,1,Ohio State,26,50,137,18,11,118,1,0,-6,-15,-20,29,10,88,3,1,2001
1215,1215,11/24/2001,Michigan State,37,41,186,36,24,356,0,1,Penn State,42,35,95,29,15,305,1,0,-5,6,91,7,9,51,-1,1,2001
1216,1216,11/24/2001,Minnesota,42,43,208,26,18,269,1,0,Wisconsin,31,37,256,37,17,238,1,0,11,6,-48,-11,1,31,0,0,2001
1217,1217,11/24/2001,Missouri,3,35,229,28,8,88,1,0,Kansas State,24,56,282,21,11,113,0,1,-21,-21,-53,7,-3,-25,1,-1,2001
1218,1218,11/24/2001,Nevada-Reno,48,56,409,24,13,119,0,0,Texas-El Paso,31,34,188,25,17,217,0,0,17,22,221,-1,-4,-98,0,0,2001
1219,1219,11/24/2001,New Mexico,53,59,350,9,5,113,0,0,New Mexico State,0,31,79,37,15,157,2,1,53,28,271,-28,-10,-44,-2,-1,2001
1220,1220,11/24/2001,New Mexico State,0,31,79,37,15,157,2,1,New Mexico,53,59,350,9,5,113,0,0,-53,-28,-271,28,10,44,2,1,2001
1221,1221,11/24/2001,No Carolina State,27,39,168,32,26,254,0,0,Ohio,7,44,133,14,6,52,0,0,20,-5,35,18,20,202,0,0,2001
1222,1222,11/24/2001,Northern Illinois,35,36,122,28,14,201,0,1,Wake Forest,38,58,232,24,13,157,1,0,-3,-22,-110,4,1,44,-1,1,2001
1223,1223,11/24/2001,Notre Dame,13,43,241,20,2,64,1,0,Stanford,17,45,199,23,8,159,1,2,-4,-2,42,-3,-6,-95,0,-2,2001
1224,1224,11/24/2001,Ohio,7,44,133,14,6,52,0,0,No Carolina State,27,39,168,32,26,254,0,0,-20,5,-35,-18,-20,-202,0,0,2001
1225,1225,11/24/2001,Ohio State,26,50,137,18,11,118,1,0,Michigan,20,35,117,47,21,206,4,1,6,15,20,-29,-10,-88,-3,-1,2001
1226,1226,11/24/2001,Oklahoma,13,26,-18,49,23,238,3,0,Oklahoma State,16,40,76,47,21,258,3,1,-3,-14,-94,2,2,-20,0,-1,2001
1227,1227,11/24/2001,Oklahoma State,16,40,76,47,21,258,3,1,Oklahoma,13,27,0,48,22,220,3,0,3,13,76,-1,-1,38,0,1,2001
1228,1228,11/24/2001,Penn State,42,35,95,29,15,305,1,0,Michigan State,37,41,186,36,24,356,0,1,5,-6,-91,-7,-9,-51,1,-1,2001
1229,1229,11/24/2001,Pittsburgh,23,45,178,30,18,282,0,1,West Virginia,17,37,104,23,10,68,0,0,6,8,74,7,8,214,0,1,2001
1230,1230,11/24/2001,Purdue,7,18,-8,62,31,263,0,2,Indiana,13,51,204,19,7,96,1,2,-6,-33,-212,43,24,167,-1,0,2001
1231,1231,11/24/2001,Rice,20,57,174,18,10,117,2,0,Southern Methodist,37,37,141,31,17,247,1,0,-17,20,33,-13,-7,-130,1,0,2001
1232,1232,11/24/2001,South Florida,34,24,138,34,15,132,1,1,Utah State,13,37,59,51,28,363,2,3,21,-13,79,-17,-13,-231,-1,-2,2001
1233,1233,11/24/2001,Southern Methodist,37,37,141,31,17,247,1,0,Rice,20,57,174,18,10,117,2,0,17,-20,-33,13,7,130,-1,0,2001
1234,1234,11/24/2001,Stanford,17,45,199,23,8,159,1,2,Notre Dame,13,43,241,20,2,64,1,0,4,2,-42,3,6,95,0,2,2001
1235,1235,11/24/2001,Syracuse,39,66,322,21,16,253,0,0,Boston College,28,27,216,28,17,217,0,1,11,39,106,-7,-1,36,0,-1,2001
1236,1236,11/24/2001,Temple,56,42,339,19,14,205,0,1,Connecticut,7,36,23,28,12,90,2,1,49,6,316,-9,2,115,-2,0,2001
1237,1237,11/24/2001,Tennessee,38,35,189,31,21,285,0,2,Vanderbilt,0,36,61,27,17,144,3,0,38,-1,128,4,4,141,-3,2,2001
1238,1238,11/24/2001,Texas Tech,58,16,110,56,48,432,0,1,Stephen F Austin,3,31,98,28,18,171,3,1,55,-15,12,28,30,261,-3,0,2001
1239,1239,11/24/2001,Texas-El Paso,31,34,188,25,17,217,0,0,Nevada-Reno,48,56,409,24,13,119,0,0,-17,-22,-221,1,4,98,0,0,2001
1240,1240,11/24/2001,Tulsa,7,45,191,30,12,116,1,0,Louisiana Tech,19,43,233,28,16,137,0,0,-12,2,-42,2,-4,-21,1,0,2001
1241,1241,11/24/2001,UL-Lafayette,0,27,30,41,20,184,1,1,Central Florida,31,30,153,32,17,272,2,1,-31,-3,-123,9,3,-88,-1,0,2001
1242,1242,11/24/2001,Utah State,13,37,59,51,28,363,2,3,South Florida,34,24,138,34,15,132,1,1,-21,13,-79,17,13,231,1,2,2001
1243,1243,11/24/2001,Vanderbilt,0,36,61,27,17,144,3,0,Tennessee,38,35,189,31,21,285,0,2,-38,1,-128,-4,-4,-141,3,-2,2001
1244,1244,11/24/2001,Wake Forest,38,58,232,24,13,157,1,0,Northern Illinois,35,36,122,28,14,201,0,1,3,22,110,-4,-1,-44,1,-1,2001
1245,1245,11/24/2001,Washington,7,45,98,36,17,194,6,1,Miami-Florida,64,37,211,24,15,202,1,0,-57,8,-113,12,2,-8,5,1,2001
1246,1246,11/24/2001,West Virginia,17,37,104,23,10,68,0,0,Pittsburgh,23,45,178,30,18,282,0,1,-6,-8,-74,-7,-8,-214,0,-1,2001
1247,1247,11/24/2001,Western Michigan,31,36,88,42,19,274,0,0,Ball State,35,45,100,24,14,284,0,1,-4,-9,-12,18,5,-10,0,-1,2001
1248,1248,11/24/2001,Wisconsin,31,37,256,37,17,238,1,0,Minnesota,42,43,208,26,18,269,1,0,-11,-6,48,11,-1,-31,0,0,2001
1249,1249,11/24/2001,Wyoming,14,39,121,32,14,165,1,0,Kansas,27,50,230,27,13,221,1,0,-13,-11,-109,5,1,-56,0,0,2001
1250,1250,11/29/2001,Alabama,28,40,221,19,7,90,1,2,Southern Miss,15,37,47,36,23,239,1,2,13,3,174,-17,-16,-149,0,0,2001
1251,1251,11/29/2001,Southern Miss,15,37,47,36,23,239,1,2,Alabama,28,40,221,19,7,90,1,2,-13,-3,-174,17,16,149,0,0,2001
1252,1252,11/30/2001,Marshall,36,21,110,52,32,431,1,2,Toledo,41,56,288,25,16,175,0,1,-5,-35,-178,27,16,256,1,1,2001
1253,1253,11/30/2001,Toledo,41,56,288,25,16,175,0,1,Marshall,36,21,120,52,32,421,1,2,5,35,168,-27,-16,-246,-1,-1,2001
1254,1254,12/01/2001,Air Force,38,51,239,11,4,35,0,0,Utah,37,56,382,22,12,161,2,1,1,-5,-143,-11,-8,-126,-2,-1,2001
1255,1255,12/01/2001,Alabama-Birmingham,6,32,76,36,16,198,0,1,Pittsburgh,24,41,152,29,15,172,1,0,-18,-9,-76,7,1,26,-1,1,2001
1256,1256,12/01/2001,Arizona State,42,37,184,29,16,226,1,1,U.C.L.A.,52,48,237,38,21,299,1,0,-10,-11,-53,-9,-5,-73,0,1,2001
1257,1257,12/01/2001,Army,26,52,222,19,8,119,4,1,Navy,17,37,97,36,12,142,1,1,9,15,125,-17,-4,-23,3,0,2001
1258,1258,12/01/2001,Auburn,14,30,116,27,13,177,2,0,Louisiana State,27,42,188,35,17,243,1,0,-13,-12,-72,-8,-4,-66,1,0,2001
1259,1259,12/01/2001,Brigham Young,41,43,139,32,23,390,3,1,Mississippi State,38,27,160,28,20,346,1,2,3,16,-21,4,3,44,2,-1,2001
1260,1260,12/01/2001,Cincinnati,42,45,139,34,19,262,1,2,UL-Monroe,10,36,94,26,9,111,1,2,32,9,45,8,10,151,0,0,2001
1261,1261,12/01/2001,Clemson,59,45,328,31,18,280,1,1,Duke,31,29,82,57,24,312,2,1,28,16,246,-26,-6,-32,-1,0,2001
1262,1262,12/01/2001,Colorado,39,53,223,19,8,111,2,0,Texas,37,23,92,43,24,370,3,1,2,30,131,-24,-16,-259,-1,-1,2001
1263,1263,12/01/2001,Duke,31,29,82,57,24,312,2,1,Clemson,59,45,328,31,18,280,1,1,-28,-16,-246,26,6,32,1,0,2001
1264,1264,12/01/2001,Florida,32,23,36,53,34,371,1,0,Tennessee,34,31,242,25,17,168,2,1,-2,-8,-206,28,17,203,-1,-1,2001
1265,1265,12/01/2001,Florida State,28,46,168,25,14,248,0,0,Georgia Tech,17,29,51,39,25,275,1,0,11,17,117,-14,-11,-27,-1,0,2001
1266,1266,12/01/2001,Fresno State,70,54,244,31,24,469,0,0,Utah State,21,24,92,39,21,240,3,0,49,30,152,-8,3,229,-3,0,2001
1267,1267,12/01/2001,Georgia,35,45,213,29,14,256,1,1,Houston,7,25,46,46,28,191,2,1,28,20,167,-17,-14,65,-1,0,2001
1268,1268,12/01/2001,Georgia Tech,17,29,51,39,25,275,1,0,Florida State,28,46,168,25,14,248,0,0,-11,-17,-117,14,11,27,1,0,2001
1269,1269,12/01/2001,Houston,7,25,46,46,28,191,2,1,Georgia,35,45,213,29,14,256,1,1,-28,-20,-167,17,14,-65,1,0,2001
1270,1270,12/01/2001,Indiana,26,55,215,31,15,194,0,0,Kentucky,15,19,16,47,26,324,1,0,11,36,199,-16,-11,-130,-1,0,2001
1271,1271,12/01/2001,Kentucky,15,19,16,47,26,324,1,0,Indiana,26,55,215,31,15,194,0,0,-11,-36,-199,16,11,130,1,0,2001
1272,1272,12/01/2001,Louisiana State,27,42,188,35,17,243,1,0,Auburn,14,30,116,27,13,177,2,0,13,12,72,8,4,66,-1,0,2001
1273,1273,12/01/2001,Miami-Florida,26,41,149,44,21,235,0,2,Virginia Tech,24,39,167,16,4,81,4,1,2,2,-18,28,17,154,-4,1,2001
1274,1274,12/01/2001,Michigan State,55,52,264,27,17,375,1,1,Missouri,7,40,167,30,10,74,2,1,48,12,97,-3,7,301,-1,0,2001
1275,1275,12/01/2001,Mississippi,38,42,201,40,23,286,3,0,Vanderbilt,27,26,119,41,23,286,2,1,11,16,82,-1,0,0,1,-1,2001
1276,1276,12/01/2001,Mississippi State,38,27,160,28,20,346,1,2,Brigham Young,41,43,139,32,23,390,3,1,-3,-16,21,-4,-3,-44,-2,1,2001
1277,1277,12/01/2001,Missouri,7,40,167,30,10,74,2,1,Michigan State,55,52,264,27,17,375,1,1,-48,-12,-97,3,-7,-301,1,0,2001
1278,1278,12/01/2001,Navy,17,37,97,36,12,142,1,1,Army,26,52,222,19,8,119,4,1,-9,-15,-125,17,4,23,-3,0,2001
1279,1279,12/01/2001,North Carolina,19,32,162,27,15,212,2,1,Southern Methodist,10,32,96,31,20,202,0,0,9,0,66,-4,-5,10,2,1,2001
1280,1280,12/01/2001,North Texas,16,43,72,18,9,145,2,1,Troy State,18,40,162,22,14,86,1,0,-2,3,-90,-4,-5,59,1,1,2001
1281,1281,12/01/2001,Notre Dame,24,40,131,15,7,31,0,1,Purdue,18,33,74,52,24,258,3,1,6,7,57,-37,-17,-227,-3,0,2001
1282,1282,12/01/2001,Oregon,17,34,105,22,11,104,0,1,Oregon State,14,38,107,39,20,252,1,0,3,-4,-2,-17,-9,-148,-1,1,2001
1283,1283,12/01/2001,Oregon State,14,38,107,39,20,252,1,0,Oregon,17,34,105,22,11,104,0,1,-3,4,2,17,9,148,1,-1,2001
1284,1284,12/01/2001,Penn State,14,39,164,28,12,136,4,1,Virginia,20,50,188,23,13,131,0,0,-6,-11,-24,5,-1,5,4,1,2001
1285,1285,12/01/2001,Pittsburgh,24,41,152,29,15,172,1,0,Alabama-Birmingham,6,32,76,36,16,198,0,1,18,9,76,-7,-1,-26,1,-1,2001
1286,1286,12/01/2001,Purdue,18,33,74,52,24,258,3,1,Notre Dame,24,40,131,15,7,31,0,1,-6,-7,-57,37,17,227,3,0,2001
1287,1287,12/01/2001,San Jose State,14,38,30,42,21,279,1,1,Stanford,41,47,220,22,12,256,1,2,-27,-9,-190,20,9,23,0,-1,2001
1288,1288,12/01/2001,Southern Methodist,10,32,76,31,20,202,0,0,North Carolina,19,32,162,27,15,212,2,1,-9,0,-86,4,5,-10,-2,-1,2001
1289,1289,12/01/2001,Stanford,41,47,220,22,12,256,1,2,San Jose State,14,38,30,41,20,279,1,1,27,9,190,-19,-8,-23,0,1,2001
1290,1290,12/01/2001,Tennessee,34,31,242,25,17,168,2,1,Florida,32,23,36,53,34,371,1,0,2,8,206,-28,-17,-203,1,1,2001
1291,1291,12/01/2001,Texas,37,23,92,43,24,370,3,1,Colorado,39,53,223,19,8,111,2,0,-2,-30,-131,24,16,259,1,1,2001
1292,1292,12/01/2001,Troy State,18,40,162,22,14,86,1,0,North Texas,16,43,72,18,9,145,2,1,2,-3,90,4,5,-59,-1,-1,2001
1293,1293,12/01/2001,U.C.L.A.,52,48,237,38,21,299,1,0,Arizona State,42,37,184,29,16,226,1,1,10,11,53,9,5,73,0,-1,2001
1294,1294,12/01/2001,UL-Monroe,10,36,94,26,9,111,1,2,Cincinnati,42,45,139,34,19,262,1,2,-32,-9,-45,-8,-10,-151,0,0,2001
1295,1295,12/01/2001,Utah,37,56,382,22,12,161,2,1,Air Force,38,51,239,11,4,35,0,0,-1,5,143,11,8,126,2,1,2001
1296,1296,12/01/2001,Utah State,21,24,92,39,21,240,3,0,Fresno State,70,54,244,31,24,469,0,0,-49,-30,-152,8,-3,-229,3,0,2001
1297,1297,12/01/2001,Vanderbilt,27,26,119,41,23,286,2,1,Mississippi,38,42,201,40,23,286,3,0,-11,-16,-82,1,0,0,-1,1,2001
1298,1298,12/01/2001,Virginia,20,50,188,23,13,131,0,0,Penn State,14,39,164,28,12,136,4,1,6,11,24,-5,1,-5,-4,-1,2001
1299,1299,12/01/2001,Virginia Tech,24,39,167,16,4,81,4,1,Miami-Florida,26,41,149,44,21,235,0,2,-2,-2,18,-28,-17,-154,4,-1,2001
1300,1300,12/07/2001,Southern Miss,12,30,94,37,20,224,3,0,Texas Christian,14,42,123,31,15,274,1,0,-2,-12,-29,6,5,-50,2,0,2001
1301,1301,12/07/2001,Texas Christian,14,42,123,31,15,274,1,0,Southern Miss,12,30,94,37,20,224,3,0,2,12,29,-6,-5,50,-2,0,2001
1302,1302,12/08/2001,Brigham Young,45,40,97,65,40,515,1,6,Hawaii,72,21,103,52,29,543,1,4,-27,19,-6,13,11,-28,0,2,2001
1303,1303,12/08/2001,Hawaii,72,21,103,52,29,543,1,4,Brigham Young,45,40,97,65,40,515,1,6,27,-19,6,-13,-11,28,0,-2,2001
1304,1304,12/08/2001,Louisiana State,31,42,134,35,14,151,0,0,Tennessee,20,18,50,43,27,332,0,2,11,24,84,-8,-13,-181,0,-2,2001
1305,1305,12/08/2001,Tennessee,20,18,50,43,27,332,0,2,Louisiana State,31,42,134,35,14,151,0,0,-11,-24,-84,8,13,181,0,2,2001
