,Date,TeamName,ScoreOff,RushAttOff,RushYdsOff,PassAttOff,PassCompOff,PassYdsOff,PassIntOff,FumblesOff,Opponent,ScoreDef,RushAttDef,RushYdsDef,PassAttDef,PassCompDef,PassYdsDef,PassIntDef,FumblesDef,Site,Line,ScoreDiff,RushAttDiff,RushYdsDiff,PassAttDiff,PassCompDiff,PassYdsDiff,PassIntDiff,FumblesDiff
0,08/30/2012,Akron,14,27,69,54,31,256,1,3,U-C-F,56,46,206,19,14,180,1,0,H,-24.5,-42,-19,-137,35,17,76,0,3
1,08/30/2012,Arizona State,63,51,305,20,16,249,0,1,Northern Arizona,6,35,88,26,12,149,3,0,H, ,57,16,217,-6,4,100,-3,1
2,08/30/2012,Ball State,37,55,329,41,26,267,0,1,Eastern Michigan,26,33,180,34,15,186,0,1,H,3,11,22,149,7,11,81,0,0
3,08/30/2012,Brigham Young,30,41,123,37,26,303,0,0,Washington State,6,16,-5,45,30,229,2,0,H,13,24,25,128,-8,-4,74,-2,0
4,08/30/2012,Central Michigan,38,45,324,23,14,171,1,2,S E Missouri St,27,42,188,18,11,120,0,0,H, ,11,3,136,5,3,51,1,2
5,08/30/2012,Connecticut,37,43,147,27,16,225,2,1,Massachusetts,0,24,3,23,9,56,1,0,H,21,37,19,144,4,7,169,1,1
6,08/30/2012,Eastern Michigan,26,33,180,34,15,186,0,1,Ball State,37,55,329,41,26,267,0,1,V,-3,-11,-22,-149,-7,-11,-81,0,0
7,08/30/2012,Idaho,3,30,70,35,17,153,2,1,Eastern Washington,20,38,144,30,12,244,0,0,H, ,-17,-8,-74,5,5,-91,2,1
8,08/30/2012,Kent State,41,38,101,22,13,166,0,0,Towson,21,30,70,36,26,246,2,4,H, ,20,8,31,-14,-13,-80,-2,-4
9,08/30/2012,Massachusetts,0,24,3,23,9,56,1,0,Connecticut,37,43,147,27,16,225,2,1,V,-21,-37,-19,-144,-4,-7,-169,-1,-1
10,08/30/2012,Middle Tennessee,21,27,103,41,27,240,1,2,McNeese State,27,51,298,19,12,152,0,0,H, ,-6,-24,-195,22,15,88,1,2
11,08/30/2012,Minnesota,30,46,209,30,17,269,1,1,Nevada-Las Vegas,27,37,159,35,16,116,3,0,V,9.5,3,9,50,-5,1,153,-2,1
12,08/30/2012,Nevada-Las Vegas,27,37,159,35,16,116,3,0,Minnesota,30,46,209,30,17,269,1,1,H,-9.5,-3,-9,-50,5,-1,-153,2,-1
13,08/30/2012,New Mexico State,49,40,101,22,14,367,0,0,Sacramento State,19,31,89,35,23,308,1,2,H, ,30,9,12,-13,-9,59,-1,-2
14,08/30/2012,Rice,24,48,174,30,18,184,1,1,U.C.L.A.,49,37,343,32,24,303,1,1,H,-16,-25,11,-169,-2,-6,-119,0,0
15,08/30/2012,South Carolina,17,47,205,15,7,67,1,1,Vanderbilt,13,36,62,23,13,214,1,0,V,6.5,4,11,143,-8,-6,-147,0,1
16,08/30/2012,U-C-F,56,46,206,19,14,180,1,0,Akron,14,27,69,54,31,256,1,3,V,24.5,42,19,137,-35,-17,-76,0,-3
17,08/30/2012,U.C.L.A.,49,37,343,32,24,303,1,1,Rice,24,48,174,30,18,184,1,1,V,16,25,-11,169,2,6,119,0,0
18,08/30/2012,Utah,41,47,193,29,21,221,1,0,Northern Colorado,0,24,35,26,11,79,1,1,H, ,41,23,158,3,10,142,0,-1
19,08/30/2012,Utah State,34,52,265,26,23,304,1,1,Southern Utah,3,27,56,31,12,153,1,0,H, ,31,25,209,-5,11,151,0,1
20,08/30/2012,Vanderbilt,13,36,62,23,13,214,1,0,South Carolina,17,47,205,15,7,67,1,1,H,-6.5,-4,-11,-143,8,6,147,0,-1
21,08/30/2012,Washington State,6,16,-5,45,30,229,2,0,Brigham Young,30,41,123,37,26,303,0,0,V,-13,-24,-25,-128,8,4,-74,2,0
22,08/31/2012,Boise State,13,24,37,32,15,169,1,1,Michigan State,17,52,213,38,22,248,3,1,V,-7.5,-4,-28,-176,-6,-7,-79,-2,0
23,08/31/2012,Florida Atlantic,7,41,164,23,14,163,0,4,Wagner,3,35,124,20,7,91,1,0,H, ,4,6,40,3,7,72,-1,4
24,08/31/2012,Michigan State,17,52,213,38,22,248,3,1,Boise State,13,24,37,32,15,169,1,1,H,7.5,4,28,176,6,7,79,2,0
25,08/31/2012,No Carolina State,21,32,119,48,27,288,4,0,Tennessee,35,38,191,41,27,333,0,1,N,-3,-14,-6,-72,7,0,-45,4,-1
26,08/31/2012,San Jose State,17,27,72,35,24,216,1,1,Stanford,20,41,155,26,16,125,0,0,V,-24.5,-3,-14,-83,9,8,91,1,1
27,08/31/2012,Stanford,20,41,155,26,16,125,0,0,San Jose State,17,27,72,35,24,216,1,1,H,24.5,3,14,83,-9,-8,-91,-1,-1
28,08/31/2012,Temple,41,47,301,11,5,61,0,0,Villanova,10,44,212,24,11,153,1,1,H, ,31,3,89,-13,-6,-92,-1,-1
29,08/31/2012,Tennessee,35,38,191,41,27,333,0,1,No Carolina State,21,32,119,48,27,288,4,0,N,3,14,6,72,-7,0,45,-4,1
30,09/01/2012,Air Force,49,58,484,11,8,142,0,0,Idaho State,21,28,66,53,42,365,1,0,H, ,28,30,418,-42,-34,-223,-1,0
31,09/01/2012,Alabama,41,42,232,21,11,199,0,1,Michigan,14,29,69,27,11,200,3,0,N,13.5,27,13,163,-6,0,-1,-3,1
32,09/01/2012,Arizona,24,41,237,47,30,387,1,2,Toledo,17,47,161,47,21,197,0,1,H,10,7,-6,76,0,9,190,1,1
33,09/01/2012,Arkansas,49,35,164,34,23,400,0,3,Jacksonville St,24,44,95,37,18,227,0,1,H, ,25,-9,69,-3,5,173,0,2
34,09/01/2012,Arkansas State,34,37,226,44,29,304,1,2,Oregon,57,57,297,39,28,308,1,0,V,-38,-23,-20,-71,5,1,-4,0,2
35,09/01/2012,Auburn,19,37,180,27,11,194,1,1,Clemson,26,52,320,35,24,208,1,0,N,-2.5,-7,-15,-140,-8,-13,-14,0,1
36,09/01/2012,Boston College,32,34,101,51,32,441,1,2,Miami-Florida,41,34,208,45,28,207,1,0,H,-2.5,-9,0,-107,6,4,234,0,2
37,09/01/2012,Bowling Green,14,27,101,52,25,226,1,1,Florida,27,42,220,21,13,145,0,1,V,-28.5,-13,-15,-119,31,12,81,1,0
38,09/01/2012,Buffalo,23,45,199,25,14,148,0,0,Georgia,45,39,227,27,15,258,0,0,V,-38,-22,6,-28,-2,-1,-110,0,0
39,09/01/2012,California,24,29,110,38,18,255,0,2,Nevada-Reno,31,57,220,32,25,230,0,1,H,12,-7,-28,-110,6,-7,25,0,1
40,09/01/2012,Clemson,26,52,320,35,24,208,1,0,Auburn,19,37,180,27,11,194,1,1,N,2.5,7,15,140,8,13,14,0,-1
41,09/01/2012,Colorado,17,29,58,41,22,187,0,2,Colorado State,22,44,125,21,14,173,0,1,N,6,-5,-15,-67,20,8,14,0,1
42,09/01/2012,Colorado State,22,44,125,21,14,173,0,1,Colorado,17,29,58,41,22,187,0,2,N,-6,5,15,67,-20,-8,-14,0,-1
43,09/01/2012,Duke,46,30,119,34,23,301,1,1,Florida Intl,26,45,165,46,27,348,0,2,H,3,20,-15,-46,-12,-4,-47,1,-1
44,09/01/2012,East Carolina,35,35,148,43,28,242,1,1,Appalachian State,13,32,119,40,23,300,1,2,H, ,22,3,29,3,5,-58,0,-1
45,09/01/2012,Florida,27,42,220,21,13,145,0,1,Bowling Green,14,27,101,52,25,226,1,1,H,28.5,13,15,119,-31,-12,-81,-1,0
46,09/01/2012,Florida Intl,26,45,165,46,27,348,0,2,Duke,46,30,119,34,23,301,1,1,V,-3,-20,15,46,12,4,47,-1,1
47,09/01/2012,Florida State,69,42,285,35,25,321,1,1,Murray State,3,32,39,38,19,117,1,2,H, ,66,10,246,-3,6,204,0,-1
48,09/01/2012,Fresno State,37,39,217,26,20,298,0,0,Weber State,10,29,67,33,26,207,1,0,H, ,27,10,150,-7,-6,91,-1,0
49,09/01/2012,Georgia,45,39,227,27,15,258,0,0,Buffalo,23,45,199,25,14,148,0,0,H,38,22,-6,28,2,1,110,0,0
50,09/01/2012,Hawaii,10,32,46,39,25,208,2,2,Southern Cal,49,23,86,41,26,379,0,1,V,-43,-39,9,-40,-2,-1,-171,2,1
51,09/01/2012,Houston,13,23,115,44,17,211,1,1,Texas State,30,52,248,25,19,196,0,1,H,34.5,-17,-29,-133,19,-2,15,1,0
52,09/01/2012,Illinois,24,41,115,21,13,133,1,0,Western Michigan,7,19,-6,47,28,265,3,1,H,10,17,22,121,-26,-15,-132,-2,-1
53,09/01/2012,Indiana,24,47,171,36,26,280,0,0,Indiana State,17,32,176,32,20,211,1,1,H, ,7,15,-5,4,6,69,-1,-1
54,09/01/2012,Iowa,18,49,139,33,21,129,0,0,Northern Illinois,17,36,147,16,6,54,0,1,N,2.5,1,13,-8,17,15,75,0,-1
55,09/01/2012,Iowa State,38,45,160,45,32,281,1,0,Tulsa,23,34,160,49,23,198,2,1,H,-1.5,15,11,0,-4,9,83,-1,-1
56,09/01/2012,Kansas,31,48,263,36,17,169,1,1,South Dakota State,17,33,204,40,18,207,4,1,H, ,14,15,59,-4,-1,-38,-3,0
57,09/01/2012,Kansas State,51,40,324,28,19,169,0,0,Missouri State,9,26,95,51,26,323,1,1,H, ,42,14,229,-23,-7,-154,-1,-1
58,09/01/2012,Louisiana State,41,46,316,26,19,192,1,0,North Texas,14,35,76,21,8,143,1,1,H,42,27,11,240,5,11,49,0,-1
59,09/01/2012,Marshall,34,45,132,56,38,413,1,1,West Virginia,69,35,331,39,34,324,1,0,V,-27,-35,10,-199,17,4,89,0,1
60,09/01/2012,Maryland,7,33,91,24,16,145,3,1,William + Mary,6,41,104,23,10,125,1,1,H, ,1,-8,-13,1,6,20,2,0
61,09/01/2012,Memphis,17,44,202,28,12,157,0,3,Tennessee-Martin,20,38,181,39,19,211,2,1,H, ,-3,6,21,-11,-7,-54,-2,2
62,09/01/2012,Miami-Florida,41,34,208,45,28,207,1,0,Boston College,32,34,101,51,32,441,1,2,V,2.5,9,0,107,-6,-4,-234,0,-2
63,09/01/2012,Miami-Ohio,10,20,-1,54,32,313,2,1,Ohio State,56,53,294,33,19,244,0,0,V,-26,-46,-33,-295,21,13,69,2,1
64,09/01/2012,Michigan,14,29,69,27,11,200,3,0,Alabama,41,42,232,21,11,199,0,1,N,-13.5,-27,-13,-163,6,0,1,3,-1
65,09/01/2012,Mississippi,49,47,235,31,25,330,1,0,Central Arkansas,27,35,100,32,25,247,1,1,H, ,22,12,135,-1,0,83,0,-1
66,09/01/2012,Mississippi State,56,37,194,27,16,183,0,0,Jackson State,9,21,109,38,20,156,2,1,H, ,47,16,85,-11,-4,27,-2,-1
67,09/01/2012,Missouri,62,36,261,26,18,191,0,0,S E Louisiana,10,34,58,34,21,165,1,3,H, ,52,2,203,-8,-3,26,-1,-3
68,09/01/2012,Navy,10,40,149,20,14,192,1,3,Notre Dame,50,46,293,23,16,197,1,0,N,-14.5,-40,-6,-144,-3,-2,-5,0,3
69,09/01/2012,Nebraska,49,45,278,34,26,354,0,0,Southern Miss,20,47,185,19,7,75,0,1,H,20.5,29,-2,93,15,19,279,0,-1
70,09/01/2012,Nevada-Reno,31,57,220,32,25,230,0,1,California,24,29,110,38,18,255,0,2,V,-12,7,28,110,-6,7,-25,0,-1
71,09/01/2012,New Mexico,66,51,347,10,7,70,0,0,Southern Univ,21,30,83,34,20,242,2,2,H, ,45,21,264,-24,-13,-172,-2,-2
72,09/01/2012,North Carolina,62,46,243,28,20,281,1,1,Elon,0,36,42,34,17,128,2,2,H, ,62,10,201,-6,3,153,-1,-1
73,09/01/2012,North Texas,14,35,76,21,8,143,1,1,Louisiana State,41,46,316,26,19,192,1,0,V,-42,-27,-11,-240,-5,-11,-49,0,1
74,09/01/2012,Northern Illinois,17,36,147,16,6,54,0,1,Iowa,18,49,139,33,21,129,0,0,N,-2.5,-1,-13,8,-17,-15,-75,0,1
75,09/01/2012,Northwestern,42,40,124,32,22,213,0,1,Syracuse,41,30,126,65,44,470,1,2,V,-2,1,10,-2,-33,-22,-257,-1,-1
76,09/01/2012,Notre Dame,50,46,293,23,16,197,1,0,Navy,10,40,149,20,14,192,1,3,N,14.5,40,6,144,3,2,5,0,-3
77,09/01/2012,Ohio,24,47,175,41,31,324,0,0,Penn State,14,22,92,48,27,260,1,2,V,-6,10,25,83,-7,4,64,-1,-2
78,09/01/2012,Ohio State,56,53,294,33,19,244,0,0,Miami-Ohio,10,20,-1,54,32,313,2,1,H,26,46,33,295,-21,-13,-69,-2,-1
79,09/01/2012,Oklahoma,24,37,205,36,21,222,0,0,UTEP,7,36,207,26,7,48,0,0,V,30,17,1,-2,10,14,174,0,0
80,09/01/2012,Oklahoma State,84,42,395,37,26,287,1,1,Savannah State,0,41,58,27,12,81,2,0,H, ,84,1,337,10,14,206,-1,1
81,09/01/2012,Oregon,57,57,297,39,28,308,1,0,Arkansas State,34,37,226,44,29,304,1,2,H,38,23,20,71,-5,-1,4,0,-2
82,09/01/2012,Penn State,14,22,92,48,27,260,1,2,Ohio,24,47,175,41,31,324,0,0,H,6,-10,-25,-83,7,-4,-64,1,2
83,09/01/2012,Pittsburgh,17,28,130,30,19,239,0,2,Youngstown State,31,46,204,24,14,177,0,0,H, ,-14,-18,-74,6,5,62,0,2
84,09/01/2012,Purdue,48,40,175,47,37,372,2,3,Eastern Kentucky,6,31,105,22,8,85,2,2,H, ,42,9,70,25,29,287,0,1
85,09/01/2012,Rutgers,24,35,151,20,11,158,1,0,Tulane,12,16,8,48,34,254,1,0,V,19.5,12,19,143,-28,-23,-96,0,0
86,09/01/2012,San Diego State,12,40,199,19,10,128,1,2,Washington,21,31,106,35,25,222,0,1,V,-16,-9,9,93,-16,-15,-94,1,1
87,09/01/2012,South Alabama,31,37,126,26,15,182,1,3,Texas-San Antonio,33,31,183,30,18,215,1,0,H,4.5,-2,6,-57,-4,-3,-33,0,3
88,09/01/2012,South Florida,34,31,85,33,20,244,1,1,Chattanooga,13,45,49,18,13,102,0,0,H, ,21,-14,36,15,7,142,1,1
89,09/01/2012,Southern Cal,49,23,86,41,26,379,0,1,Hawaii,10,32,46,39,25,208,2,2,H,43,39,-9,40,2,1,171,-2,-1
90,09/01/2012,Southern Miss,20,47,185,19,7,75,0,1,Nebraska,49,45,278,34,26,354,0,0,V,-20.5,-29,2,-93,-15,-19,-279,0,1
91,09/01/2012,Syracuse,41,30,126,65,44,470,1,2,Northwestern,42,40,124,32,22,213,0,1,H,2,-1,-10,2,33,22,257,1,1
92,09/01/2012,Texas,37,47,280,28,20,156,0,1,Wyoming,17,30,69,28,16,276,2,0,H,31,20,17,211,0,4,-120,-2,1
93,09/01/2012,Texas State,30,52,248,25,19,196,0,1,Houston,13,23,115,44,17,211,1,1,V,-34.5,17,29,133,-19,2,-15,-1,0
94,09/01/2012,Texas Tech,44,46,179,47,33,321,1,1,Northwestern St(LA),6,28,13,21,11,71,0,0,H, ,38,18,166,26,22,250,1,1
95,09/01/2012,Texas-San Antonio,33,31,183,30,18,215,1,0,South Alabama,31,37,126,26,15,182,1,3,V,-4.5,2,-6,57,4,3,33,0,-3
96,09/01/2012,Toledo,17,47,161,47,21,197,0,1,Arizona,24,41,237,47,30,387,1,2,V,-10,-7,6,-76,0,-9,-190,-1,-1
97,09/01/2012,Troy,39,45,262,22,13,191,0,2,U-A-B,29,44,134,34,19,325,1,3,V,6,10,1,128,-12,-6,-134,-1,-1
98,09/01/2012,Tulane,12,16,8,48,34,254,1,0,Rutgers,24,35,151,20,11,158,1,0,H,-19.5,-12,-19,-143,28,23,96,0,0
99,09/01/2012,Tulsa,23,34,160,49,23,198,2,1,Iowa State,38,45,160,45,32,281,1,0,V,1.5,-15,-11,0,4,-9,-83,1,1
100,09/01/2012,U-A-B,29,44,134,34,19,325,1,3,Troy,39,45,262,22,13,191,0,2,H,-6,-10,-1,-128,12,6,134,1,1
101,09/01/2012,UL-Lafayette,40,34,143,27,13,203,0,1,Lamar,0,37,38,29,18,156,1,3,H, ,40,-3,105,-2,-5,47,-1,-2
102,09/01/2012,UTEP,7,36,207,26,7,48,0,0,Oklahoma,24,37,205,36,21,222,0,0,H,-30,-17,-1,2,-10,-14,-174,0,0
103,09/01/2012,Virginia,43,42,184,43,30,361,0,0,Richmond,19,21,28,43,24,238,0,0,H, ,24,21,156,0,6,123,0,0
104,09/01/2012,Wake Forest,20,38,98,28,16,195,1,0,Liberty,17,33,91,40,21,272,1,1,H, ,3,5,7,-12,-5,-77,0,-1
105,09/01/2012,Washington,21,31,106,35,25,222,0,1,San Diego State,12,40,199,19,10,128,1,2,H,16,9,-9,-93,16,15,94,-1,-1
106,09/01/2012,West Virginia,69,35,331,39,34,324,1,0,Marshall,34,45,132,56,38,413,1,1,H,27,35,-10,199,-17,-4,-89,0,-1
107,09/01/2012,Western Kentucky,49,39,244,27,20,352,1,1,Austin Peay,10,37,143,11,2,11,1,1,H, ,39,2,101,16,18,341,0,0
108,09/01/2012,Western Michigan,7,19,-6,47,28,265,3,1,Illinois,24,41,115,21,13,133,1,0,V,-10,-17,-22,-121,26,15,132,2,1
109,09/01/2012,Wisconsin,26,47,168,23,19,219,0,0,Northern Iowa,21,20,41,34,18,265,0,0,H, ,5,27,127,-11,1,-46,0,0
110,09/01/2012,Wyoming,17,30,69,28,16,276,2,0,Texas,37,47,280,28,20,156,0,1,V,-31,-20,-17,-211,0,-4,120,2,-1
111,09/02/2012,Baylor,59,32,220,35,24,393,0,0,S-M-U,24,29,145,63,37,362,2,1,H,10.5,35,3,75,-28,-13,31,-2,-1
112,09/02/2012,Kentucky,14,19,93,51,35,280,0,2,Louisville,32,46,219,26,22,247,0,0,V,-14,-18,-27,-126,25,13,33,0,2
113,09/02/2012,Louisville,32,46,219,26,22,247,0,0,Kentucky,14,19,93,51,35,280,0,2,H,14,18,27,126,-25,-13,-33,0,-2
114,09/02/2012,S-M-U,24,29,145,63,37,362,2,1,Baylor,59,32,220,35,24,393,0,0,V,-10.5,-35,-3,-75,28,13,-31,2,1
115,09/03/2012,Georgia Tech,17,55,192,16,10,96,1,0,Virginia Tech,20,35,96,38,21,230,0,0,V,-7,-3,20,96,-22,-11,-134,1,0
116,09/03/2012,Virginia Tech,20,35,96,38,21,230,0,0,Georgia Tech,17,55,192,16,10,96,1,0,H,7,3,-20,-96,22,11,134,-1,0
117,09/06/2012,Cincinnati,34,31,259,28,14,205,0,0,Pittsburgh,10,42,137,37,24,278,1,1,H,5,24,-11,122,-9,-10,-73,-1,-1
118,09/06/2012,Pittsburgh,10,42,137,37,24,278,1,1,Cincinnati,34,31,259,28,14,205,0,0,V,-5,-24,11,-122,9,10,73,1,1
119,09/07/2012,Utah,20,42,96,39,19,229,0,1,Utah State,27,35,164,32,22,216,0,2,V,7,-7,7,-68,7,-3,13,0,-1
120,09/07/2012,Utah State,27,35,164,32,22,216,0,2,Utah,20,42,96,39,19,229,0,1,H,-7,7,-7,68,-7,3,-13,0,1
121,09/08/2012,Air Force,25,71,290,19,10,127,0,0,Michigan,31,31,214,25,14,208,1,0,V,-21.5,-6,40,76,-6,-4,-81,-1,0
122,09/08/2012,Akron,38,34,98,54,27,313,1,0,Florida Intl,41,50,232,30,19,209,0,2,V,-25,-3,-16,-134,24,8,104,1,-2
123,09/08/2012,Alabama,35,31,103,20,15,225,0,0,Western Kentucky,0,28,46,31,20,178,1,3,H,38,35,3,57,-11,-5,47,-1,-3
124,09/08/2012,Arizona,59,49,181,41,28,320,0,0,Oklahoma State,38,32,200,60,37,436,3,1,H,-10.5,21,17,-19,-19,-9,-116,-3,-1
125,09/08/2012,Arizona State,45,38,192,29,23,318,0,2,Illinois,14,50,231,24,14,101,3,0,H,6.5,31,-12,-39,5,9,217,-3,2
126,09/08/2012,Arkansas,31,26,96,40,17,281,2,0,UL-Monroe,34,35,138,68,42,412,1,0,H,30,-3,-9,-42,-28,-25,-131,1,0
127,09/08/2012,Arkansas State,33,54,317,43,23,302,0,1,Memphis,28,32,139,24,14,154,0,0,H,23.5,5,22,178,19,9,148,0,1
128,09/08/2012,Army,7,62,282,9,3,50,2,1,San Diego State,42,42,228,21,14,215,0,0,V,-5.5,-35,20,54,-12,-11,-165,2,1
129,09/08/2012,Auburn,10,39,91,22,13,125,3,2,Mississippi State,28,36,166,29,20,222,0,1,V,-3,-18,3,-75,-7,-7,-97,3,1
130,09/08/2012,Ball State,27,40,252,29,16,128,2,0,Clemson,52,40,154,44,33,372,0,0,V,-27.5,-25,0,98,-15,-17,-244,2,0
131,09/08/2012,Boston College,34,41,161,33,16,219,0,2,Maine,3,31,59,42,20,134,2,1,H, ,31,10,102,-9,-4,85,-2,1
132,09/08/2012,Bowling Green,21,27,90,35,24,283,1,1,Idaho,13,20,6,38,30,352,1,1,H,17,8,7,84,-3,-6,-69,0,0
133,09/08/2012,Brigham Young,45,37,225,42,26,307,1,1,Weber State,13,43,115,28,15,139,0,2,H, ,32,-6,110,14,11,168,1,-1
134,09/08/2012,Buffalo,56,32,306,24,17,265,1,0,Morgan State,34,60,201,18,13,165,0,0,H, ,22,-28,105,6,4,100,1,0
135,09/08/2012,California,50,37,292,24,18,225,1,1,Southern Utah,31,34,79,45,31,292,1,1,H, ,19,3,213,-21,-13,-67,0,0
136,09/08/2012,Central Michigan,7,22,72,38,17,173,2,1,Michigan State,41,41,173,37,25,322,1,0,H,-18.5,-34,-19,-101,1,-8,-149,1,1
137,09/08/2012,Clemson,52,40,154,44,33,372,0,0,Ball State,27,40,252,29,16,128,2,0,H,27.5,25,0,-98,15,17,244,-2,0
138,09/08/2012,Colorado,28,38,153,25,13,188,0,0,Sacramento State,30,35,154,37,25,312,0,0,H, ,-2,3,-1,-12,-12,-124,0,0
139,09/08/2012,Colorado State,7,16,55,12,5,109,1,0,North Dakota St,22,36,123,29,16,178,0,1,H, ,-15,-20,-68,-17,-11,-69,1,-1
140,09/08/2012,Connecticut,7,32,35,27,15,204,3,1,No Carolina State,10,41,54,30,15,204,0,1,H,-3,-3,-9,-19,-3,0,0,3,0
141,09/08/2012,Duke,13,23,27,63,42,358,3,1,Stanford,50,26,92,33,18,281,1,0,V,-16.5,-37,-3,-65,30,24,77,2,1
142,09/08/2012,East Carolina,10,24,70,47,30,333,4,1,South Carolina,48,34,131,40,23,397,0,1,V,-21,-38,-10,-61,7,7,-64,4,0
143,09/08/2012,Eastern Michigan,14,32,103,25,11,145,3,2,Illinois State,31,53,216,22,14,155,1,1,H, ,-17,-21,-113,3,-3,-10,2,1
144,09/08/2012,Florida,20,48,142,17,14,165,0,0,Texas A+M,17,38,134,31,24,200,0,0,V,1,3,10,8,-14,-10,-35,0,0
145,09/08/2012,Florida Atlantic,17,28,96,32,25,260,0,2,Middle Tennessee,31,55,307,14,10,178,0,2,V,-7,-14,-27,-211,18,15,82,0,0
146,09/08/2012,Florida Intl,41,50,232,30,19,209,0,2,Akron,38,34,98,54,27,313,1,0,H,25,3,16,134,-24,-8,-104,-1,2
147,09/08/2012,Florida State,55,23,167,21,17,246,0,0,Savannah State,0,18,19,15,2,9,0,1,H, ,55,5,148,6,15,237,0,-1
148,09/08/2012,Fresno State,25,34,131,47,29,234,0,0,Oregon,42,58,366,27,19,166,0,3,V,-34,-17,-24,-235,20,10,68,0,-3
149,09/08/2012,Georgia,41,35,113,35,22,242,1,1,Missouri,20,39,102,41,25,269,1,2,V,1.5,21,-4,11,-6,-3,-27,0,-1
150,09/08/2012,Georgia State,13,71,191,69,32,316,2,3,Tennessee,51,92,372,57,41,674,3,1,V, ,-38,-21,-181,12,-9,-358,-1,2
151,09/08/2012,Georgia Tech,59,58,469,14,8,243,0,3,Presbyterian,3,30,145,35,13,98,1,2,H, ,56,28,324,-21,-5,145,-1,1
152,09/08/2012,Houston,49,38,113,77,53,580,0,2,Louisiana Tech,56,42,245,52,34,353,0,0,H,-3,-7,-4,-132,25,19,227,0,2
153,09/08/2012,Idaho,13,18,24,34,29,368,0,1,Bowling Green,21,29,108,38,25,299,2,1,V,-17,-8,-11,-84,-4,4,69,-2,0
154,09/08/2012,Illinois,14,50,231,24,14,101,3,0,Arizona State,45,38,192,29,23,318,0,2,V,-6.5,-31,12,39,-5,-9,-217,3,-2
155,09/08/2012,Indiana,45,54,333,39,25,263,1,0,Massachusetts,6,36,78,34,21,186,0,0,V,13.5,39,18,255,5,4,77,1,0
156,09/08/2012,Iowa,6,28,68,42,20,236,2,0,Iowa State,9,41,101,36,24,241,2,2,H,3.5,-3,-13,-33,6,-4,-5,0,-2
157,09/08/2012,Iowa State,9,41,101,36,24,241,2,2,Iowa,6,28,68,42,20,236,2,0,V,-3.5,3,13,33,-6,4,5,0,2
158,09/08/2012,Kansas,24,36,195,28,16,144,2,1,Rice,25,41,167,35,23,236,1,2,H,13,-1,-5,28,-7,-7,-92,1,-1
159,09/08/2012,Kansas State,52,60,288,11,9,210,1,0,Miami-Florida,13,29,55,28,21,222,0,3,H,7,39,31,233,-17,-12,-12,1,-3
160,09/08/2012,Kent State,14,37,182,43,28,227,0,1,Kentucky,47,30,185,39,30,354,0,0,V,-6.5,-33,7,-3,4,-2,-127,0,1
161,09/08/2012,Kentucky,47,30,185,39,30,354,0,0,Kent State,14,37,182,43,28,227,0,1,H,6.5,33,-7,3,-4,2,127,0,-1
162,09/08/2012,Louisiana State,41,52,242,19,12,195,0,1,Washington,3,24,26,36,17,157,1,0,H,23.5,38,28,216,-17,-5,38,-1,1
163,09/08/2012,Louisiana Tech,56,42,245,52,34,353,0,0,Houston,49,38,113,77,53,580,0,2,V,3,7,4,132,-25,-19,-227,0,-2
164,09/08/2012,Louisville,35,37,131,40,30,344,0,1,Missouri State,7,31,99,28,16,150,1,1,H, ,28,6,32,12,14,194,-1,0
165,09/08/2012,Marshall,52,48,185,46,36,445,0,0,Western Carolina,24,35,144,40,19,191,1,0,H, ,28,13,41,6,17,254,-1,0
166,09/08/2012,Maryland,36,48,144,21,11,190,0,4,Temple,27,39,52,18,7,178,1,2,V,-8.5,9,9,92,3,4,12,-1,2
167,09/08/2012,Massachusetts,6,36,78,34,21,186,0,0,Indiana,45,54,333,39,25,263,1,0,H,-13.5,-39,-18,-255,-5,-4,-77,-1,0
168,09/08/2012,Memphis,28,32,139,24,14,154,0,0,Arkansas State,33,54,317,43,23,302,0,1,V,-23.5,-5,-22,-178,-19,-9,-148,0,-1
169,09/08/2012,Miami-Florida,13,29,55,28,21,222,0,3,Kansas State,52,60,283,11,9,210,1,0,V,-7,-39,-31,-228,17,12,12,-1,3
170,09/08/2012,Miami-Ohio,30,33,110,36,28,226,0,1,Southern Illinois,14,37,154,34,19,195,2,0,H, ,16,-4,-44,2,9,31,-2,1
171,09/08/2012,Michigan,31,31,214,25,14,208,1,0,Air Force,25,71,290,19,10,127,0,0,H,21.5,6,-40,-76,6,4,81,1,0
172,09/08/2012,Michigan State,41,41,173,37,25,322,1,0,Central Michigan,7,22,72,38,17,173,2,1,V,18.5,34,19,101,-1,8,149,-1,-1
173,09/08/2012,Middle Tennessee,31,55,302,14,10,178,0,2,Florida Atlantic,17,28,96,32,25,260,0,2,H,7,14,27,206,-18,-15,-82,0,0
174,09/08/2012,Minnesota,44,52,240,14,11,172,0,1,New Hampshire,7,32,78,36,19,163,1,1,H, ,37,20,162,-22,-8,9,-1,0
175,09/08/2012,Mississippi,28,46,332,23,16,206,0,3,UTEP,10,30,37,40,27,274,1,0,H,8,18,16,295,-17,-11,-68,-1,3
176,09/08/2012,Mississippi State,28,37,174,30,20,232,0,1,Auburn,10,39,91,22,13,125,3,2,H,3,18,-2,83,8,7,107,-3,-1
177,09/08/2012,Missouri,20,39,102,41,25,269,1,2,Georgia,41,35,113,35,22,242,1,1,H,-1.5,-21,4,-11,6,3,27,0,1
178,09/08/2012,Nebraska,30,36,260,31,17,179,1,1,U.C.L.A.,36,56,344,38,22,309,0,1,V,4,-6,-20,-84,-7,-5,-130,1,0
179,09/08/2012,Nevada-Las Vegas,14,47,199,30,16,239,0,0,Northern Arizona,17,27,91,40,17,197,0,0,H, ,-3,20,108,-10,-1,42,0,0
180,09/08/2012,Nevada-Reno,31,53,278,38,27,271,0,3,South Florida,32,34,212,41,23,359,0,1,H,1,-1,19,66,-3,4,-88,0,2
181,09/08/2012,New Mexico,0,47,206,16,6,35,1,1,Texas,45,31,146,30,21,285,0,0,V,-39,-45,16,60,-14,-15,-250,1,1
182,09/08/2012,New Mexico State,24,30,71,27,13,135,1,0,Ohio,51,51,293,29,18,291,0,1,V,-21.5,-27,-21,-222,-2,-5,-156,1,-1
183,09/08/2012,No Carolina State,10,41,54,30,15,204,0,1,Connecticut,7,32,35,27,15,204,3,1,V,3,3,9,19,3,0,0,-3,0
184,09/08/2012,North Carolina,27,42,157,40,23,271,1,1,Wake Forest,28,34,64,39,28,362,1,0,V,10,-1,8,93,1,-5,-91,0,1
185,09/08/2012,North Texas,34,57,352,24,11,145,1,1,Texas Southern,7,25,31,37,13,154,3,1,H, ,27,32,321,-13,-2,-9,-2,0
186,09/08/2012,Northern Illinois,35,49,213,26,19,214,1,1,Tennessee-Martin,7,33,63,36,20,283,1,2,H, ,28,16,150,-10,-1,-69,0,-1
187,09/08/2012,Northwestern,23,46,191,31,17,133,0,0,Vanderbilt,13,33,89,34,18,229,0,2,H,-3,10,13,102,-3,-1,-96,0,-2
188,09/08/2012,Notre Dame,20,36,52,39,24,324,0,1,Purdue,17,30,90,37,19,198,2,0,H,14,3,6,-38,2,5,126,-2,1
189,09/08/2012,Ohio,51,51,293,29,18,291,0,1,New Mexico State,24,30,71,27,13,135,1,0,H,21.5,27,21,222,2,5,156,-1,1
190,09/08/2012,Ohio State,31,51,256,24,18,155,1,2,U-C-F,16,23,103,41,25,249,3,0,H,16,15,28,153,-17,-7,-94,-2,2
191,09/08/2012,Oklahoma,69,41,349,33,23,313,1,1,Florida A+M,13,28,61,28,17,174,1,0,H, ,56,13,288,5,6,139,0,1
192,09/08/2012,Oklahoma State,38,32,200,60,37,436,3,1,Arizona,59,49,181,41,28,320,0,0,V,10.5,-21,-17,19,19,9,116,3,1
193,09/08/2012,Oregon,42,58,366,27,19,166,0,3,Fresno State,25,34,131,47,29,234,0,0,H,34,17,24,235,-20,-10,-68,0,3
194,09/08/2012,Oregon State,10,30,78,47,29,276,0,0,Wisconsin,7,23,35,38,20,172,1,1,H,-6.5,3,7,43,9,9,104,-1,-1
195,09/08/2012,Penn State,16,42,121,43,21,209,0,0,Virginia,17,25,32,36,23,263,1,3,V,-10,-1,17,89,7,-2,-54,-1,-3
196,09/08/2012,Purdue,17,30,90,37,19,198,2,0,Notre Dame,20,36,52,39,24,324,0,1,V,-14,-3,-6,38,-2,-5,-126,2,-1
197,09/08/2012,Rice,25,41,167,35,23,236,1,2,Kansas,24,36,195,28,16,144,2,1,V,-13,1,5,-28,7,7,92,-1,1
198,09/08/2012,Rutgers,26,33,191,27,15,130,1,0,Howard,0,38,74,22,11,75,0,1,H, ,26,-5,117,5,4,55,1,-1
199,09/08/2012,S-M-U,52,29,72,41,21,256,1,2,Stephen F Austin,0,26,75,74,43,391,6,4,H, ,52,3,-3,-33,-22,-135,-5,-2
200,09/08/2012,San Diego State,42,42,228,21,14,215,0,0,Army,7,62,282,9,3,50,2,1,H,5.5,35,-20,-54,12,11,165,-2,-1
201,09/08/2012,San Jose State,45,42,215,34,24,288,0,2,UC-Davis,13,36,58,24,14,194,3,1,H, ,32,6,157,10,10,94,-3,1
202,09/08/2012,South Alabama,9,45,110,30,17,169,0,2,Nicholls State,3,25,22,27,12,96,2,1,H, ,6,20,88,3,5,73,-2,1
203,09/08/2012,South Carolina,48,34,131,40,23,397,0,1,East Carolina,10,24,70,47,30,333,4,1,H,21,38,10,61,-7,-7,64,-4,0
204,09/08/2012,South Florida,32,35,209,40,22,363,0,1,Nevada-Reno,31,53,278,38,27,271,0,3,V,-1,1,-18,-69,2,-5,92,0,-2
205,09/08/2012,Southern Cal,42,33,253,30,23,202,1,0,Syracuse,29,41,143,46,29,322,2,0,N,25,13,-8,110,-16,-6,-120,-1,0
206,09/08/2012,Stanford,50,26,92,33,18,281,1,0,Duke,13,23,26,63,42,359,3,1,H,16.5,37,3,66,-30,-24,-78,-2,-1
207,09/08/2012,Syracuse,29,40,121,47,31,334,2,0,Southern Cal,42,33,258,30,23,187,1,0,N,-25,-13,7,-137,17,8,147,1,0
208,09/08/2012,Temple,27,39,52,18,7,178,1,2,Maryland,36,48,144,21,11,190,0,4,H,8.5,-9,-9,-92,-3,-4,-12,1,-2
209,09/08/2012,Tennessee,51,43,184,28,22,374,1,1,Georgia State,13,41,92,41,18,186,1,1,H, ,38,2,92,-13,4,188,0,0
210,09/08/2012,Texas,45,31,146,30,21,285,0,0,New Mexico,0,47,206,16,6,35,1,1,H,39,45,-16,-60,14,15,250,-1,-1
211,09/08/2012,Texas A+M,17,38,134,31,24,200,0,0,Florida,20,48,142,17,14,165,0,0,H,-1,-3,-10,-8,14,10,35,0,0
212,09/08/2012,Texas Christian,56,40,255,17,17,276,0,1,Grambling,0,33,44,14,5,26,1,0,H, ,56,7,211,3,12,250,-1,1
213,09/08/2012,Texas State,10,30,129,31,13,141,2,0,Texas Tech,58,23,186,44,33,405,0,1,H,-20,-48,7,-57,-13,-20,-264,2,-1
214,09/08/2012,Texas Tech,58,23,186,44,33,405,0,1,Texas State,10,30,129,31,13,141,2,0,V,20,48,-7,57,13,20,264,-2,1
215,09/08/2012,Texas-San Antonio,27,41,172,22,12,159,0,1,Texas A+M-Commerce,16,22,16,32,19,193,2,0,H, ,11,19,156,-10,-7,-34,-2,1
216,09/08/2012,Toledo,34,44,204,41,25,300,0,0,Wyoming,31,36,184,32,22,342,2,1,V,-3.5,3,8,20,9,3,-42,-2,-1
217,09/08/2012,Troy,24,27,60,75,50,528,1,2,UL-Lafayette,37,40,218,22,13,171,0,0,H,-1.5,-13,-13,-158,53,37,357,1,2
218,09/08/2012,Tulane,10,29,7,29,15,170,0,0,Tulsa,45,55,364,32,17,287,0,1,V,-21.5,-35,-26,-357,-3,-2,-117,0,-1
219,09/08/2012,Tulsa,45,55,364,32,17,287,0,1,Tulane,10,29,7,29,15,170,0,0,H,21.5,35,26,357,3,2,117,0,1
220,09/08/2012,U-C-F,16,23,103,41,25,249,3,0,Ohio State,31,51,256,24,18,155,1,2,V,-16,-15,-28,-153,17,7,94,2,-2
221,09/08/2012,U.C.L.A.,36,56,344,38,22,309,0,1,Nebraska,30,36,260,31,17,179,1,1,H,-4,6,20,84,7,5,130,-1,0
222,09/08/2012,UL-Lafayette,37,40,218,22,13,171,0,0,Troy,24,27,60,75,50,528,1,2,V,1.5,13,13,158,-53,-37,-357,-1,-2
223,09/08/2012,UL-Monroe,34,35,138,68,42,412,1,0,Arkansas,31,26,96,40,17,281,2,0,V,-30,3,9,42,28,25,131,-1,0
224,09/08/2012,UTEP,10,30,37,40,27,274,1,0,Mississippi,28,46,332,23,16,206,0,3,V,-8,-18,-16,-295,17,11,68,1,-3
225,09/08/2012,Vanderbilt,13,34,101,33,17,217,0,2,Northwestern,23,46,191,31,17,133,0,0,V,3,-10,-12,-90,2,0,84,0,2
226,09/08/2012,Virginia,17,25,32,36,23,263,1,3,Penn State,16,42,121,43,21,209,0,0,H,10,1,-17,-89,-7,2,54,1,3
227,09/08/2012,Virginia Tech,42,38,187,26,18,232,0,1,Austin Peay,7,41,159,21,8,62,2,0,H, ,35,-3,28,5,10,170,-2,1
228,09/08/2012,Wake Forest,28,34,64,39,28,362,1,0,North Carolina,27,42,157,40,23,271,1,1,H,-10,1,-8,-93,-1,5,91,0,-1
229,09/08/2012,Washington,3,24,26,36,17,157,1,0,Louisiana State,41,52,242,19,12,195,0,1,V,-23.5,-38,-28,-216,17,5,-38,1,-1
230,09/08/2012,Washington State,24,30,108,37,25,247,1,1,Eastern Washington,20,30,90,55,26,379,2,0,H, ,4,0,18,-18,-1,-132,-1,1
231,09/08/2012,Western Kentucky,0,28,46,31,20,178,1,3,Alabama,35,31,103,20,15,225,0,0,V,-38,-35,-3,-57,11,5,-47,1,3
232,09/08/2012,Western Michigan,52,47,229,46,33,402,1,3,Eastern Illinois,21,33,100,36,17,244,2,0,H, ,31,14,129,10,16,158,-1,3
233,09/08/2012,Wisconsin,7,23,35,38,20,172,1,1,Oregon State,10,30,78,47,29,276,0,0,V,6.5,-3,-7,-43,-9,-9,-104,1,1
234,09/08/2012,Wyoming,31,36,184,32,22,342,2,1,Toledo,34,44,204,41,25,300,0,0,H,3.5,-3,-8,-20,-9,-3,42,2,1
235,09/13/2012,Rutgers,23,42,147,43,23,277,0,1,South Florida,13,29,95,33,15,242,3,1,V,-7.5,10,13,52,10,8,35,-3,0
236,09/13/2012,South Florida,13,29,95,33,15,242,3,1,Rutgers,23,42,147,43,23,277,0,1,H,7.5,-10,-13,-52,-10,-8,-35,3,0
237,09/14/2012,Nevada-Las Vegas,27,33,99,49,33,351,1,0,Washington State,35,21,83,45,26,378,2,0,H,-9.5,-8,12,16,4,7,-27,-1,0
238,09/14/2012,Washington State,35,21,83,45,26,378,2,0,Nevada-Las Vegas,27,33,109,49,33,351,1,0,V,9.5,8,-12,-26,-4,-7,27,1,0
239,09/15/2012,Akron,66,38,188,59,44,565,2,1,Morgan State,6,38,107,27,9,93,0,2,H, ,60,0,81,32,35,472,2,-1
240,09/15/2012,Alabama,52,45,225,20,14,213,0,0,Arkansas,0,37,58,25,11,79,2,3,V,20.5,52,8,167,-5,3,134,-2,-3
241,09/15/2012,Arizona,56,56,323,46,36,366,0,1,So Carolina State,0,29,65,25,12,89,1,0,H, ,56,27,258,21,24,277,-1,1
242,09/15/2012,Arizona State,20,37,113,27,16,183,2,2,Missouri,24,46,126,42,22,192,1,0,V,-4,-4,-9,-13,-15,-6,-9,1,2
243,09/15/2012,Arkansas,0,37,58,25,11,79,2,3,Alabama,52,45,225,20,14,213,0,0,H,-20.5,-52,-8,-167,5,-3,-134,2,3
244,09/15/2012,Arkansas State,13,37,129,33,17,157,1,1,Nebraska,42,59,347,14,13,180,0,4,V,-23.5,-29,-22,-218,19,4,-23,1,-3
245,09/15/2012,Army,40,86,486,4,1,8,0,0,Northern Illinois,41,26,173,27,18,342,1,2,H,-3,-1,60,313,-23,-17,-334,-1,-2
246,09/15/2012,Auburn,31,42,255,19,11,163,1,1,UL-Monroe,28,41,165,48,29,245,0,0,H,14.5,3,1,90,-29,-18,-82,1,1
247,09/15/2012,Ball State,41,44,206,45,27,234,0,0,Indiana,39,32,135,55,37,423,0,0,V,-2.5,2,12,71,-10,-10,-189,0,0
248,09/15/2012,Baylor,48,39,232,41,24,312,2,0,Sam Houston State,23,44,126,39,20,285,3,1,H, ,25,-5,106,2,4,27,-1,-1
249,09/15/2012,Boise State,39,45,300,31,24,309,1,1,Miami-Ohio,12,23,64,28,21,178,0,0,H,21.5,27,22,236,3,3,131,1,1
250,09/15/2012,Boston College,13,21,25,44,24,291,0,1,Northwestern,22,60,293,40,30,267,0,2,V,-4,-9,-39,-268,4,-6,24,0,-1
251,09/15/2012,Bowling Green,15,29,135,36,24,216,1,0,Toledo,27,39,130,29,21,322,0,1,V,-2.5,-12,-10,5,7,3,-106,1,-1
252,09/15/2012,Brigham Young,21,42,106,37,17,206,1,1,Utah,24,35,49,27,18,196,0,0,V,3.5,-3,7,57,10,-1,10,1,1
253,09/15/2012,California,28,41,224,38,27,288,1,0,Ohio State,35,33,163,30,16,249,1,0,V,-17,-7,8,61,8,11,39,0,0
254,09/15/2012,Cincinnati,23,49,259,27,20,208,2,4,Delaware State,7,26,110,36,18,151,1,1,H, ,16,23,149,-9,2,57,1,3
255,09/15/2012,Clemson,41,34,184,34,23,314,1,0,Furman,7,37,110,31,20,242,2,0,H, ,34,-3,74,3,3,72,-1,0
256,09/15/2012,Colorado,14,41,110,30,11,173,4,0,Fresno State,69,38,293,29,20,382,1,1,V,-14.5,-55,3,-183,1,-9,-209,3,-1
257,09/15/2012,Colorado State,20,32,106,54,32,359,1,2,San Jose State,40,55,193,38,31,440,0,1,V,-11.5,-20,-23,-87,16,1,-81,1,1
258,09/15/2012,Connecticut,24,40,153,17,11,70,0,1,Maryland,21,40,96,24,10,109,1,1,V,2.5,3,0,57,-7,1,-39,-1,0
259,09/15/2012,Duke,54,29,138,35,25,285,0,0,No Carolina Central,17,39,98,31,19,239,2,1,H, ,37,-10,40,4,6,46,-2,-1
260,09/15/2012,East Carolina,24,33,57,27,13,171,0,0,Southern Miss,14,43,91,35,17,233,1,2,V,-7,10,-10,-34,-8,-4,-62,-1,-2
261,09/15/2012,Eastern Michigan,16,38,169,29,14,144,3,0,Purdue,54,42,392,31,19,184,1,1,V,-24,-38,-4,-223,-2,-5,-40,2,-1
262,09/15/2012,Florida,37,43,336,20,14,219,0,0,Tennessee,20,28,83,44,22,257,2,0,V,-3.5,17,15,253,-24,-8,-38,-2,0
263,09/15/2012,Florida Atlantic,20,38,135,33,18,183,1,1,Georgia,56,42,328,21,15,385,2,2,V,-41.5,-36,-4,-193,12,3,-202,-1,-1
264,09/15/2012,Florida Intl,20,34,152,29,13,154,0,1,U-C-F,33,40,170,32,21,261,1,1,V,-14.5,-13,-6,-18,-3,-8,-107,-1,0
265,09/15/2012,Florida State,52,45,385,28,19,227,0,1,Wake Forest,0,35,43,24,10,83,0,0,H,27.5,52,10,342,4,9,144,0,1
266,09/15/2012,Fresno State,69,38,288,29,20,377,1,1,Colorado,14,41,105,30,11,173,4,0,H,14.5,55,-3,183,-1,9,204,-3,1
267,09/15/2012,Georgia,56,42,328,21,15,385,2,2,Florida Atlantic,20,38,135,33,18,183,1,1,H,41.5,36,4,193,-12,-3,202,1,1
268,09/15/2012,Georgia Tech,56,50,461,12,7,133,0,1,Virginia,20,28,98,33,21,199,2,0,H,10,36,22,363,-21,-14,-66,-2,1
269,09/15/2012,Hawaii,54,48,219,23,15,150,0,0,Lamar,2,28,44,20,11,83,0,3,H, ,52,20,175,3,4,67,0,-3
270,09/15/2012,Houston,6,19,139,60,28,249,5,1,U.C.L.A.,37,56,247,42,27,320,2,3,V,-17.5,-31,-37,-108,18,1,-71,3,-2
271,09/15/2012,Idaho,14,26,39,36,23,174,4,0,Louisiana State,63,39,250,23,17,222,1,0,V,-42,-49,-13,-211,13,6,-48,3,0
272,09/15/2012,Illinois,44,30,114,37,30,365,1,0,Charleston Southern,0,31,96,17,5,29,1,0,H, ,44,-1,18,20,25,336,0,0
273,09/15/2012,Indiana,39,31,133,56,38,435,0,0,Ball State,41,44,206,45,27,234,0,0,H,2.5,-2,-13,-73,11,11,201,0,0
274,09/15/2012,Iowa,27,43,201,28,18,228,0,0,Northern Iowa,16,24,94,33,20,245,1,0,H, ,11,19,107,-5,-2,-17,-1,0
275,09/15/2012,Iowa State,37,41,264,35,23,240,2,1,Western Illinois,3,38,103,19,10,75,0,0,H, ,34,3,161,16,13,165,2,1
276,09/15/2012,Kansas,6,26,77,39,19,303,1,1,Texas Christian,20,38,152,30,24,335,0,4,H,-19.5,-14,-12,-75,9,-5,-32,1,-3
277,09/15/2012,Kansas State,65,28,143,20,15,230,1,1,North Texas,24,40,130,28,25,208,0,1,H,23.5,41,-12,13,-8,-10,22,1,0
278,09/15/2012,Kentucky,31,19,41,61,37,332,4,0,Western Kentucky,32,51,163,22,16,160,1,1,H,6.5,-1,-32,-122,39,21,172,3,-1
279,09/15/2012,Louisiana State,63,39,250,23,17,222,1,0,Idaho,14,26,39,36,23,174,4,0,H,42,49,13,211,-13,-6,48,-3,0
280,09/15/2012,Louisiana Tech,56,48,333,24,19,276,0,1,Rice,37,55,272,34,20,205,0,2,H,21,19,-7,61,-10,-1,71,0,-1
281,09/15/2012,Louisville,39,43,183,28,23,279,0,1,North Carolina,34,17,47,41,26,363,1,1,H,3.5,5,26,136,-13,-3,-84,-1,0
282,09/15/2012,Marshall,24,22,59,65,44,417,1,2,Ohio,27,52,199,35,20,200,0,1,H,-6,-3,-30,-140,30,24,217,1,1
283,09/15/2012,Maryland,21,40,96,24,10,109,1,1,Connecticut,24,40,153,17,11,70,0,1,H,-2.5,-3,0,-57,7,-1,39,1,0
284,09/15/2012,Massachusetts,13,36,112,30,15,147,0,1,Michigan,63,42,292,26,17,303,1,0,V,-45,-50,-6,-180,4,-2,-156,-1,1
285,09/15/2012,Memphis,30,33,74,37,26,325,1,3,Middle Tennessee,48,45,160,32,24,279,0,1,H,-5.5,-18,-12,-86,5,2,46,1,2
286,09/15/2012,Miami-Florida,38,29,200,35,20,211,1,1,Bethune-Cookman,10,53,233,26,10,122,1,1,H, ,28,-24,-33,9,10,89,0,0
287,09/15/2012,Miami-Ohio,12,23,64,28,21,178,0,0,Boise State,39,45,300,31,24,309,1,1,V,-21.5,-27,-22,-236,-3,-3,-131,-1,-1
288,09/15/2012,Michigan,63,43,294,25,16,291,1,0,Massachusetts,13,36,112,30,15,147,0,1,H,45,50,7,182,-5,1,144,1,-1
289,09/15/2012,Michigan State,3,25,50,45,23,187,0,1,Notre Dame,20,34,122,32,14,178,0,0,H,5.5,-17,-9,-72,13,9,9,0,1
290,09/15/2012,Middle Tennessee,48,45,179,31,23,260,0,1,Memphis,30,33,74,37,26,325,1,3,V,5.5,18,12,105,-6,-3,-65,-1,-2
291,09/15/2012,Minnesota,28,43,180,24,13,217,1,1,Western Michigan,23,38,155,44,24,209,1,0,H,3,5,5,25,-20,-11,8,0,1
292,09/15/2012,Mississippi,31,32,168,32,19,231,3,0,Texas,66,54,350,24,19,326,0,0,H,-11,-35,-22,-182,8,0,-95,3,0
293,09/15/2012,Mississippi State,30,35,213,26,11,244,0,0,Troy,24,40,223,47,34,349,2,2,V,15,6,-5,-10,-21,-23,-105,-2,-2
294,09/15/2012,Missouri,24,46,126,42,22,192,1,0,Arizona State,20,37,113,27,16,183,2,2,H,4,4,9,13,15,6,9,-1,-2
295,09/15/2012,Navy,7,60,255,23,13,136,1,3,Penn State,34,28,110,21,13,231,0,0,V,-6.5,-27,32,145,2,0,-95,1,3
296,09/15/2012,Nebraska,42,59,347,14,13,180,0,4,Arkansas State,13,37,148,32,16,138,1,1,H,23.5,29,22,199,-18,-3,42,-1,3
297,09/15/2012,Nevada-Reno,45,50,418,33,21,237,1,0,Northwestern St(LA),34,36,228,53,28,357,0,2,H, ,11,14,190,-20,-7,-120,1,-2
298,09/15/2012,New Mexico,14,35,84,12,6,43,0,0,Texas Tech,49,45,325,45,33,377,0,1,V,-33,-35,-10,-241,-33,-27,-334,0,-1
299,09/15/2012,New Mexico State,28,35,112,47,20,290,1,0,UTEP,41,37,177,36,23,310,0,0,V,-14,-13,-2,-65,11,-3,-20,1,0
300,09/15/2012,No Carolina State,31,43,127,34,24,257,0,0,South Alabama,7,23,51,36,24,263,2,1,H,29.5,24,20,76,-2,0,-6,-2,-1
301,09/15/2012,North Carolina,34,17,47,41,26,363,1,1,Louisville,39,43,183,28,23,279,0,1,V,-3.5,-5,-26,-136,13,3,84,1,0
302,09/15/2012,North Texas,24,40,145,28,25,208,0,1,Kansas State,65,28,143,20,15,230,1,1,V,-23.5,-41,12,2,8,10,-22,-1,0
303,09/15/2012,Northern Illinois,41,26,173,27,18,342,1,2,Army,40,86,486,4,1,8,0,0,V,3,1,-60,-313,23,17,334,1,2
304,09/15/2012,Northwestern,22,60,293,40,30,267,0,2,Boston College,13,21,25,44,24,291,0,1,H,4,9,39,268,-4,6,-24,0,1
305,09/15/2012,Notre Dame,20,34,122,32,14,178,0,0,Michigan State,3,25,50,45,23,187,0,1,V,-5.5,17,9,72,-13,-9,-9,0,-1
306,09/15/2012,Ohio,27,52,199,35,20,200,0,1,Marshall,24,22,59,65,44,432,1,2,V,6,3,30,140,-30,-24,-232,-1,-1
307,09/15/2012,Ohio State,35,33,163,30,16,249,1,0,California,28,41,224,38,27,288,1,0,H,17,7,-8,-61,-8,-11,-39,0,0
308,09/15/2012,Oklahoma State,35,59,330,37,26,412,1,0,UL-Lafayette,21,25,110,42,21,266,0,1,H,28,14,34,220,-5,5,146,1,-1
309,09/15/2012,Oregon,63,45,324,33,23,328,2,1,Tennessee Tech,14,46,115,20,12,62,2,0,H, ,49,-1,209,13,11,266,0,1
310,09/15/2012,Penn State,34,28,110,21,13,231,0,0,Navy,7,60,255,23,13,136,1,3,H,6.5,27,-32,-145,-2,0,95,-1,-3
311,09/15/2012,Pittsburgh,35,55,254,28,19,283,1,0,Virginia Tech,17,26,59,31,14,265,3,1,H,-11,18,29,195,-3,5,18,-2,-1
312,09/15/2012,Purdue,54,42,392,31,19,184,1,1,Eastern Michigan,16,38,169,29,14,144,3,0,H,24,38,4,223,2,5,40,-2,1
313,09/15/2012,Rice,37,55,272,34,20,205,0,2,Louisiana Tech,56,48,333,24,19,276,0,1,V,-21,-19,7,-61,10,1,-71,0,1
314,09/15/2012,S-M-U,3,25,106,49,23,203,1,0,Texas A+M,48,42,225,45,27,366,1,-1,H,-10.5,-45,-17,-119,4,-4,-163,0,1
315,09/15/2012,San Diego State,49,42,292,19,11,241,0,0,North Dakota,41,27,55,50,27,434,1,0,H, ,8,15,237,-31,-16,-193,-1,0
316,09/15/2012,San Jose State,40,41,139,36,29,429,0,1,Colorado State,20,24,89,42,24,297,1,1,H,11.5,20,17,50,-6,5,132,-1,0
317,09/15/2012,South Alabama,7,23,51,36,24,263,2,1,No Carolina State,31,43,127,34,24,257,0,0,V,-29.5,-24,-20,-76,2,0,6,2,1
318,09/15/2012,South Carolina,49,31,179,27,15,322,1,1,U-A-B,6,42,27,37,20,240,0,1,H,33,43,-11,152,-10,-5,82,1,0
319,09/15/2012,Southern Cal,14,28,26,41,20,259,2,1,Stanford,21,37,202,32,15,215,2,0,V,10,-7,-9,-176,9,5,44,0,1
320,09/15/2012,Southern Miss,14,43,91,35,17,233,1,2,East Carolina,24,33,57,27,13,171,0,0,H,7,-10,10,34,8,4,62,1,2
321,09/15/2012,Stanford,21,37,202,32,15,215,2,0,Southern Cal,14,28,36,41,20,264,2,1,H,-10,7,9,166,-9,-5,-49,0,-1
322,09/15/2012,Syracuse,28,45,214,35,22,335,0,1,Stony Brook,17,38,217,19,4,94,2,0,H, ,11,7,-3,16,18,241,-2,1
323,09/15/2012,Tennessee,20,28,83,44,22,257,2,0,Florida,37,43,331,20,14,209,0,0,H,3.5,-17,-15,-248,24,8,48,2,0
324,09/15/2012,Texas,66,54,350,24,19,326,0,0,Mississippi,31,34,170,30,17,229,3,0,V,11,35,20,180,-6,2,97,-3,0
325,09/15/2012,Texas A+M,48,42,225,45,28,380,0,0,S-M-U,3,25,106,49,23,203,1,0,V,10.5,45,17,119,-4,5,177,-1,0
326,09/15/2012,Texas Christian,20,38,152,30,24,335,0,4,Kansas,6,26,77,39,19,303,1,1,V,19.5,14,12,75,-9,5,32,-1,3
327,09/15/2012,Texas Tech,49,45,325,45,33,377,0,1,New Mexico,14,35,84,12,6,43,0,0,H,33,35,10,241,33,27,334,0,1
328,09/15/2012,Texas-San Antonio,38,54,225,25,18,217,0,0,Georgia State,14,23,86,25,11,221,3,1,V, ,24,31,139,0,7,-4,-3,-1
329,09/15/2012,Toledo,27,39,130,29,21,322,0,1,Bowling Green,15,29,135,36,24,216,1,0,H,2.5,12,10,-5,-7,-3,106,-1,1
330,09/15/2012,Troy,24,40,223,47,34,349,2,2,Mississippi State,30,35,213,26,11,244,0,0,H,-15,-6,5,10,21,23,105,2,2
331,09/15/2012,Tulsa,66,45,333,34,19,233,1,0,Nicholls State,16,46,222,21,12,148,1,2,H, ,50,-1,111,13,7,85,0,-2
332,09/15/2012,U-A-B,6,42,27,37,20,240,0,1,South Carolina,49,31,179,27,15,322,1,1,V,-33,-43,11,-152,10,5,-82,-1,0
333,09/15/2012,U-C-F,33,40,170,32,21,261,1,1,Florida Intl,20,34,152,29,13,154,0,1,H,14.5,13,6,18,3,8,107,1,0
334,09/15/2012,U.C.L.A.,37,56,247,42,27,320,2,3,Houston,6,19,139,60,28,249,5,1,H,17.5,31,37,108,-18,-1,71,-3,2
335,09/15/2012,UL-Lafayette,21,25,110,42,21,266,0,1,Oklahoma State,35,59,330,37,26,412,1,0,V,-28,-14,-34,-220,5,-5,-146,-1,1
336,09/15/2012,UL-Monroe,28,41,165,48,29,245,0,0,Auburn,31,42,255,19,11,163,1,1,V,-14.5,-3,-1,-90,29,18,82,-1,-1
337,09/15/2012,UTEP,41,37,177,36,23,310,0,0,New Mexico State,28,33,110,49,22,292,1,0,H,14,13,4,67,-13,1,18,-1,0
338,09/15/2012,Utah,24,35,49,27,18,196,0,0,Brigham Young,21,42,106,37,17,206,1,1,H,-3.5,3,-7,-57,-10,1,-10,-1,-1
339,09/15/2012,Utah State,14,35,127,35,18,181,0,0,Wisconsin,16,45,156,16,7,78,0,1,V,-14.5,-2,-10,-29,19,11,103,0,-1
340,09/15/2012,Vanderbilt,58,46,410,20,13,195,0,0,Presbyterian,0,34,47,21,10,102,1,1,H, ,58,12,363,-1,3,93,-1,-1
341,09/15/2012,Virginia,20,28,98,33,21,199,2,0,Georgia Tech,56,50,461,12,7,133,0,1,V,-10,-36,-22,-363,21,14,66,2,-1
342,09/15/2012,Virginia Tech,17,26,59,31,14,265,3,1,Pittsburgh,35,55,254,28,19,283,1,0,V,11,-18,-29,-195,3,-5,-18,2,1
343,09/15/2012,Wake Forest,0,35,43,24,10,83,0,0,Florida State,52,45,385,28,19,227,0,1,V,-27.5,-52,-10,-342,-4,-9,-144,0,-1
344,09/15/2012,Washington,52,49,209,25,17,220,1,0,Portland State,13,24,83,34,18,178,2,0,H, ,39,25,126,-9,-1,42,-1,0
345,09/15/2012,West Virginia,42,26,121,48,38,448,0,0,James Madison,12,49,188,23,10,97,1,0,N, ,30,-23,-67,25,28,351,-1,0
346,09/15/2012,Western Kentucky,32,51,163,22,16,160,1,1,Kentucky,31,19,41,61,37,332,4,0,V,-6.5,1,32,122,-39,-21,-172,-3,1
347,09/15/2012,Western Michigan,23,38,165,44,24,209,1,0,Minnesota,28,43,180,24,13,217,1,1,V,-3,-5,-5,-15,20,11,-8,0,-1
348,09/15/2012,Wisconsin,16,45,156,16,7,78,0,1,Utah State,14,35,127,35,18,181,0,0,H,14.5,2,10,29,-19,-11,-103,0,1
349,09/15/2012,Wyoming,22,39,137,23,15,123,1,0,Cal-San Luis Obispo,24,68,325,13,7,34,1,0,H, ,-2,-29,-188,10,8,89,0,0
350,09/19/2012,Buffalo,7,39,152,26,5,113,3,1,Kent State,23,53,239,28,13,165,1,0,H,3.5,-16,-14,-87,-2,-8,-52,2,1
351,09/19/2012,Kent State,23,53,239,28,13,165,1,0,Buffalo,7,39,152,26,5,113,3,1,V,-3.5,16,14,87,2,8,52,-2,-1
352,09/20/2012,Boise State,7,40,111,26,15,140,0,0,Brigham Young,6,39,124,19,8,61,3,2,H,6,1,1,-13,7,7,79,-3,-2
353,09/20/2012,Brigham Young,6,39,139,19,8,61,3,2,Boise State,7,40,116,26,15,145,0,0,V,-6,-1,-1,23,-7,-7,-84,3,2
354,09/21/2012,Baylor,47,47,169,41,28,380,2,0,UL-Monroe,42,43,262,42,28,298,1,2,V,8.5,5,4,-93,-1,0,82,1,-2
355,09/21/2012,UL-Monroe,42,43,262,42,28,298,1,2,Baylor,47,47,169,41,28,380,2,0,H,-8.5,-5,-4,93,1,0,-82,-1,2
356,09/22/2012,Air Force,35,65,352,9,3,90,0,1,Nevada-Las Vegas,38,40,199,32,23,250,1,0,V,10.5,-3,25,153,-23,-20,-160,-1,1
357,09/22/2012,Akron,26,26,115,49,27,229,3,0,Tennessee,47,46,232,43,27,401,1,1,V,-32,-21,-20,-117,6,0,-172,2,-1
358,09/22/2012,Alabama,40,47,256,26,16,247,0,1,Florida Atlantic,7,32,76,13,7,34,0,0,H,48,33,15,180,13,9,213,0,1
359,09/22/2012,Arizona,0,32,89,52,27,243,4,1,Oregon,49,53,228,36,21,267,1,2,V,-20.5,-49,-21,-139,16,6,-24,3,-1
360,09/22/2012,Arizona State,37,43,140,31,23,372,0,0,Utah,7,38,92,16,11,117,1,2,H,7,30,5,48,15,12,255,-1,-2
361,09/22/2012,Arkansas,26,19,73,39,20,419,2,0,Rutgers,35,39,128,35,25,397,0,0,H,8.5,-9,-20,-55,4,-5,22,2,0
362,09/22/2012,Arkansas State,56,56,396,16,14,238,0,1,Alcorn State,0,33,98,27,14,32,1,1,H, ,56,23,298,-11,0,206,-1,0
363,09/22/2012,Army,37,77,429,6,3,77,0,1,Wake Forest,49,38,296,24,15,221,0,0,V,-7.5,-12,39,133,-18,-12,-144,0,1
364,09/22/2012,Auburn,10,30,86,22,13,97,2,1,Louisiana State,12,44,182,27,15,169,0,2,H,-18.5,-2,-14,-96,-5,-2,-72,2,-1
365,09/22/2012,Ball State,31,35,169,36,24,244,0,0,South Florida,27,45,206,30,19,312,2,0,H,-7.5,4,-10,-37,6,5,-68,-2,0
366,09/22/2012,Bowling Green,0,26,133,42,14,133,1,1,Virginia Tech,37,43,246,29,12,150,1,0,V,-17,-37,-17,-113,13,2,-17,0,1
367,09/22/2012,California,9,36,77,34,18,173,2,0,Southern Cal,27,40,296,34,22,192,2,1,V,-16.5,-18,-4,-219,0,-4,-19,0,-1
368,09/22/2012,Central Michigan,32,34,111,35,26,283,0,0,Iowa,31,28,215,25,16,215,0,1,V,-14.5,1,6,-104,10,10,68,0,-1
369,09/22/2012,Clemson,37,38,136,39,22,290,1,0,Florida State,49,39,284,35,27,380,0,2,V,-14.5,-12,-1,-148,4,-5,-90,1,-2
370,09/22/2012,Colorado,35,37,191,43,29,345,1,2,Washington State,34,22,50,60,32,401,2,1,V,-18.5,1,15,141,-17,-3,-56,-1,1
371,09/22/2012,Colorado State,19,34,107,40,22,224,0,0,Utah State,31,41,262,30,23,178,2,1,H,-11.5,-12,-7,-155,10,-1,46,-2,-1
372,09/22/2012,Connecticut,24,34,92,44,28,333,1,1,Western Michigan,30,30,77,40,21,253,0,0,V,-1.5,-6,4,15,4,7,80,1,1
373,09/22/2012,Duke,38,44,167,40,27,318,1,3,Memphis,14,28,71,22,13,81,0,0,H,22,24,16,96,18,14,237,1,3
374,09/22/2012,East Carolina,6,33,109,30,17,124,0,1,North Carolina,27,29,129,43,27,321,0,0,V,-15.5,-21,4,-20,-13,-10,-197,0,1
375,09/22/2012,Eastern Michigan,7,29,51,26,13,137,0,1,Michigan State,23,44,269,29,16,159,0,1,V,-31.5,-16,-15,-218,-3,-3,-22,0,0
376,09/22/2012,Florida,38,45,200,27,18,203,1,0,Kentucky,0,32,159,27,8,60,3,0,H,24,38,13,41,0,10,143,-2,0
377,09/22/2012,Florida Atlantic,7,32,76,13,7,34,0,0,Alabama,40,47,256,26,16,247,0,1,V,-48,-33,-15,-180,-13,-9,-213,0,-1
378,09/22/2012,Florida Intl,21,34,128,26,19,198,0,1,Louisville,28,31,129,36,19,194,2,0,H,-11,-7,3,-1,-10,0,4,-2,1
379,09/22/2012,Florida State,49,40,287,35,27,380,0,2,Clemson,37,38,136,39,22,290,1,0,H,14.5,12,2,151,-4,5,90,-1,2
380,09/22/2012,Fresno State,26,37,133,44,26,231,0,2,Tulsa,27,42,131,39,14,228,3,0,V,-6,-1,-5,2,5,12,3,-3,2
381,09/22/2012,Georgia,48,47,302,26,19,265,0,0,Vanderbilt,3,36,106,25,14,231,0,1,H,15,45,11,196,1,5,34,0,-1
382,09/22/2012,Georgia Tech,36,58,287,8,3,132,0,0,Miami-Florida,42,32,173,52,31,436,1,1,H,14,-6,26,114,-44,-28,-304,-1,-1
383,09/22/2012,Hawaii,24,34,144,40,22,234,2,0,Nevada-Reno,69,56,355,20,14,220,0,0,H,-7,-45,-22,-211,20,8,14,2,0
384,09/22/2012,Idaho,37,39,203,48,34,306,0,3,Wyoming,40,30,80,36,23,365,0,0,H,2.5,-3,9,123,12,11,-59,0,3
385,09/22/2012,Illinois,24,41,119,37,27,205,1,5,Louisiana Tech,52,37,139,22,15,284,0,3,H,3,-28,4,-20,15,12,-79,1,2
386,09/22/2012,Iowa,31,28,215,25,16,215,0,1,Central Michigan,32,34,111,35,26,283,0,0,H,14.5,-1,-6,104,-10,-10,-68,0,1
387,09/22/2012,Kansas,23,45,179,27,11,150,0,0,Northern Illinois,30,46,220,35,23,235,1,0,V,-7,-7,-1,-41,-8,-12,-85,-1,0
388,09/22/2012,Kansas State,24,44,218,21,13,149,0,0,Oklahoma,19,27,93,43,28,303,1,1,V,-15.5,5,17,125,-22,-15,-154,-1,-1
389,09/22/2012,Kentucky,0,32,159,27,8,60,3,0,Florida,38,45,200,27,18,203,1,0,V,-24,-38,-13,-41,0,-10,-143,2,0
390,09/22/2012,Louisiana State,12,44,182,27,15,169,0,2,Auburn,10,30,86,22,13,97,2,1,V,18.5,2,14,96,5,2,72,-2,1
391,09/22/2012,Louisiana Tech,52,37,119,22,15,284,0,3,Illinois,24,41,119,37,27,205,1,5,V,-3,28,-4,0,-15,-12,79,-1,-2
392,09/22/2012,Louisville,28,31,129,36,19,194,2,0,Florida Intl,21,34,128,26,19,198,0,1,V,11,7,-3,1,10,0,-4,2,-1
393,09/22/2012,Marshall,54,50,334,39,28,259,0,0,Rice,51,50,301,43,23,346,0,0,V,3,3,0,33,-4,5,-87,0,0
394,09/22/2012,Maryland,21,35,46,30,20,305,1,2,West Virginia,31,25,25,43,30,338,0,0,V,-26.5,-10,10,21,-13,-10,-33,1,2
395,09/22/2012,Massachusetts,16,50,258,40,19,213,3,0,Miami-Ohio,27,42,216,22,12,192,1,0,V,-24.5,-11,8,42,18,7,21,2,0
396,09/22/2012,Memphis,14,28,71,22,13,81,0,0,Duke,38,44,177,40,27,323,1,3,V,-22,-24,-16,-106,-18,-14,-242,-1,-3
397,09/22/2012,Miami-Florida,42,32,173,52,31,436,1,1,Georgia Tech,36,58,287,8,3,132,0,0,V,-14,6,-26,-114,44,28,304,1,1
398,09/22/2012,Miami-Ohio,27,42,201,22,12,192,1,0,Massachusetts,16,50,253,40,19,208,3,0,H,24.5,11,-8,-52,-18,-7,-16,-2,0
399,09/22/2012,Michigan,6,41,161,25,13,138,5,1,Notre Dame,13,31,94,19,11,145,2,0,V,-6,-7,10,67,6,2,-7,3,1
400,09/22/2012,Michigan State,23,44,269,29,16,159,0,1,Eastern Michigan,7,29,46,26,13,137,0,1,H,31.5,16,15,223,3,3,22,0,0
401,09/22/2012,Minnesota,17,41,106,30,16,231,0,0,Syracuse,10,33,122,31,21,228,2,2,H,-3,7,8,-16,-1,-5,3,-2,-2
402,09/22/2012,Mississippi,39,53,304,23,12,146,0,3,Tulane,0,29,14,41,22,145,3,1,V,17,39,24,290,-18,-10,1,-3,2
403,09/22/2012,Mississippi State,30,37,156,29,14,200,1,0,South Alabama,10,30,123,43,22,224,2,1,H,32,20,7,33,-14,-8,-24,-1,-1
404,09/22/2012,Missouri,10,32,109,26,18,146,0,1,South Carolina,31,39,144,23,21,252,0,2,V,-10,-21,-7,-35,3,-3,-106,0,-1
405,09/22/2012,Navy,41,51,403,14,7,107,0,2,Virginia Military,3,32,90,31,16,132,2,0,H, ,38,19,313,-17,-9,-25,-2,2
406,09/22/2012,Nebraska,73,52,385,18,12,184,1,2,Idaho State,7,29,31,43,21,179,2,1,H, ,66,23,354,-25,-9,5,-1,1
407,09/22/2012,Nevada-Las Vegas,38,40,199,33,23,256,1,0,Air Force,35,65,352,9,3,90,0,1,H,-10.5,3,-25,-153,24,20,166,1,-1
408,09/22/2012,Nevada-Reno,69,56,355,20,14,220,0,0,Hawaii,24,34,144,40,22,234,2,0,V,7,45,22,211,-20,-8,-14,-2,0
409,09/22/2012,New Mexico,27,54,302,18,11,92,0,1,New Mexico State,14,20,78,34,22,256,0,2,V,-5,13,34,224,-16,-11,-164,0,-1
410,09/22/2012,New Mexico State,14,20,78,34,22,256,0,2,New Mexico,27,54,302,18,11,92,0,1,H,5,-13,-34,-224,16,11,164,0,1
411,09/22/2012,No Carolina State,52,51,282,25,19,233,0,2,The Citadel,14,41,199,7,4,27,1,1,H, ,38,10,83,18,15,206,-1,1
412,09/22/2012,North Carolina,27,29,129,43,27,321,0,0,East Carolina,6,33,109,30,17,124,0,1,H,15.5,21,-4,20,13,10,197,0,-1
413,09/22/2012,North Texas,7,43,191,29,12,241,0,-1,Troy,14,30,113,44,29,274,1,0,H,1,-7,13,78,-15,-17,-33,-1,-1
414,09/22/2012,Northern Illinois,30,46,220,35,23,235,1,0,Kansas,23,45,179,27,11,150,0,0,H,7,7,1,41,8,12,85,1,0
415,09/22/2012,Northwestern,38,53,277,15,12,131,0,0,South Dakota,7,23,51,33,17,189,0,1,H, ,31,30,226,-18,-5,-58,0,-1
416,09/22/2012,Notre Dame,13,31,94,19,11,145,2,0,Michigan,6,41,161,25,13,138,5,1,H,6,7,-10,-67,-6,-2,7,-3,-1
417,09/22/2012,Ohio,44,48,179,20,14,199,0,0,Norfolk State,10,35,110,32,16,131,2,3,H, ,34,13,69,-12,-2,68,-2,-3
418,09/22/2012,Ohio State,29,37,204,20,12,143,0,0,U-A-B,15,34,144,46,28,259,1,1,H,35.5,14,3,60,-26,-16,-116,-1,-1
419,09/22/2012,Oklahoma,19,27,88,43,28,298,1,2,Kansas State,24,44,213,21,13,149,0,0,H,15.5,-5,-17,-125,22,15,149,1,2
420,09/22/2012,Oregon,49,53,228,36,21,267,1,2,Arizona,0,32,89,52,27,243,4,1,H,20.5,49,21,139,-16,-6,24,-3,1
421,09/22/2012,Oregon State,27,41,122,35,24,379,1,1,U.C.L.A.,20,28,72,42,27,372,0,0,V,-8,7,13,50,-7,-3,7,1,1
422,09/22/2012,Penn State,24,42,173,36,24,318,1,0,Temple,13,28,113,26,13,124,0,0,H,7,11,14,60,10,11,194,1,0
423,09/22/2012,Pittsburgh,55,37,229,26,20,397,0,1,Gardner-Webb,10,29,32,22,14,95,1,2,H, ,45,8,197,4,6,302,-1,-1
424,09/22/2012,Rice,51,50,301,43,23,346,0,0,Marshall,54,50,334,39,28,259,0,0,H,-3,-3,0,-33,4,-5,87,0,0
425,09/22/2012,Rutgers,35,39,128,35,25,397,0,0,Arkansas,26,19,73,39,20,419,2,0,V,-8.5,9,20,55,-4,5,-22,-2,0
426,09/22/2012,San Diego State,34,55,276,29,17,218,0,2,San Jose State,38,23,92,32,22,305,1,1,H,2.5,-4,32,184,-3,-5,-87,-1,1
427,09/22/2012,San Jose State,38,23,77,32,22,290,1,1,San Diego State,34,55,271,29,17,213,0,2,V,-2.5,4,-32,-194,3,5,77,1,-1
428,09/22/2012,South Alabama,10,30,123,43,22,224,2,1,Mississippi State,30,37,156,29,14,200,1,0,V,-32,-20,-7,-33,14,8,24,1,1
429,09/22/2012,South Carolina,31,39,144,23,21,252,0,2,Missouri,10,32,109,26,18,146,0,1,H,10,21,7,35,-3,3,106,0,1
430,09/22/2012,South Florida,27,45,206,30,19,312,2,0,Ball State,31,35,169,36,24,244,0,0,V,7.5,-4,10,37,-6,-5,68,2,0
431,09/22/2012,Southern Cal,27,39,296,34,22,187,2,1,California,9,36,77,34,18,173,2,0,H,16.5,18,3,219,0,4,14,0,1
432,09/22/2012,Southern Miss,17,36,163,17,8,101,0,1,Western Kentucky,42,48,369,23,15,191,1,0,V,-3,-25,-12,-206,-6,-7,-90,-1,1
433,09/22/2012,Syracuse,10,33,122,31,21,228,2,2,Minnesota,17,41,106,30,16,231,0,0,V,3,-7,-8,16,1,5,-3,2,2
434,09/22/2012,Temple,13,28,113,26,13,124,0,0,Penn State,24,42,173,36,24,318,1,0,V,-7,-11,-14,-60,-10,-11,-194,-1,0
435,09/22/2012,Tennessee,47,46,232,43,27,401,1,1,Akron,26,26,115,49,27,229,3,0,H,32,21,20,117,-6,0,172,-2,1
436,09/22/2012,Texas A+M,70,39,265,30,17,183,1,0,So Carolina State,14,27,34,33,17,189,1,0,H, ,56,12,231,-3,0,-6,0,0
437,09/22/2012,Texas Christian,27,31,133,33,21,305,1,1,Virginia,7,31,164,40,18,189,2,2,H,19,20,0,-31,-7,3,116,-1,-1
438,09/22/2012,Texas State,41,35,158,26,21,301,0,2,Stephen F Austin,37,27,120,69,44,385,2,1,H, ,4,8,38,-43,-23,-84,-2,1
439,09/22/2012,Texas-San Antonio,56,38,235,17,15,210,0,1,NW Oklahoma,3,24,24,31,17,143,1,1,H, ,53,14,211,-14,-2,67,-1,0
440,09/22/2012,Toledo,38,31,112,36,27,290,0,1,Coastal Carolina,28,34,76,47,30,356,0,0,H, ,10,-3,36,-11,-3,-66,0,1
441,09/22/2012,Troy,14,30,108,44,29,274,1,0,North Texas,7,43,186,29,12,236,0,0,V,-1,7,-13,-78,15,17,38,1,0
442,09/22/2012,Tulane,0,29,14,41,22,145,3,1,Mississippi,39,53,304,23,12,146,0,3,H,-17,-39,-24,-290,18,10,-1,3,-2
443,09/22/2012,Tulsa,27,43,126,38,14,228,3,0,Fresno State,26,37,133,44,26,231,0,2,H,6,1,6,-7,-6,-12,-3,3,-2
444,09/22/2012,U-A-B,15,34,144,46,28,259,1,1,Ohio State,29,37,204,20,12,143,0,0,V,-35.5,-14,-3,-60,26,16,116,1,1
445,09/22/2012,U.C.L.A.,20,28,72,42,27,372,0,0,Oregon State,27,41,122,35,24,379,1,1,H,8,-7,-13,-50,7,3,-7,-1,-1
446,09/22/2012,UTEP,26,33,77,39,22,259,0,1,Wisconsin,37,40,213,17,12,210,1,1,V,-17.5,-11,-7,-136,22,10,49,-1,0
447,09/22/2012,Utah,7,38,92,16,11,117,1,2,Arizona State,37,43,140,31,23,372,0,0,V,-7,-30,-5,-48,-15,-12,-255,1,2
448,09/22/2012,Utah State,31,41,262,30,23,178,2,1,Colorado State,19,34,107,40,22,224,0,0,V,11.5,12,7,155,-10,1,-46,2,1
449,09/22/2012,Vanderbilt,3,36,106,25,14,231,0,1,Georgia,48,47,302,26,19,265,0,0,V,-15,-45,-11,-196,-1,-5,-34,0,1
450,09/22/2012,Virginia,7,31,164,40,18,189,2,2,Texas Christian,27,31,133,33,21,305,1,1,V,-19,-20,0,31,7,-3,-116,1,1
451,09/22/2012,Virginia Tech,37,43,246,29,12,150,1,0,Bowling Green,0,26,133,42,14,133,1,1,H,17,37,17,113,-13,-2,17,0,-1
452,09/22/2012,Wake Forest,49,38,296,24,15,221,0,0,Army,37,77,429,6,3,77,0,1,H,7.5,12,-39,-133,18,12,144,0,-1
453,09/22/2012,Washington State,34,22,50,60,32,401,2,1,Colorado,35,38,186,43,29,351,1,2,H,18.5,-1,-16,-136,17,3,50,1,-1
454,09/22/2012,West Virginia,31,25,25,43,30,338,0,0,Maryland,21,35,46,30,20,305,1,2,H,26.5,10,-10,-21,13,10,33,-1,-2
455,09/22/2012,Western Kentucky,42,48,369,23,15,191,1,0,Southern Miss,17,36,163,17,8,101,0,1,H,3,25,12,206,6,7,90,1,-1
456,09/22/2012,Western Michigan,30,30,77,40,21,253,0,0,Connecticut,24,34,92,44,28,333,1,1,H,1.5,6,-4,-15,-4,-7,-80,-1,-1
457,09/22/2012,Wisconsin,37,40,213,17,12,210,1,1,UTEP,26,33,77,39,22,259,0,1,H,17.5,11,7,136,-22,-10,-49,1,0
458,09/22/2012,Wyoming,40,30,80,36,23,365,0,0,Idaho,37,39,203,48,34,306,0,3,V,-2.5,3,-9,-123,-12,-11,59,0,-3
459,09/27/2012,Stanford,13,28,65,37,18,170,1,1,Washington,17,34,136,37,19,177,1,0,V,7,-4,-6,-71,0,-1,-7,0,1
460,09/27/2012,Washington,17,34,136,37,19,177,1,0,Stanford,13,28,65,37,18,170,1,1,H,-7,4,6,71,0,1,7,0,-1
461,09/28/2012,Brigham Young,47,54,396,24,14,144,1,0,Hawaii,0,27,41,27,12,108,1,2,H,25.5,47,27,355,-3,2,36,0,-2
462,09/28/2012,Hawaii,0,27,41,27,12,108,1,2,Brigham Young,47,54,396,24,14,144,1,0,V,-25.5,-47,-27,-355,3,-2,-36,0,2
463,09/29/2012,Air Force,42,67,459,5,2,57,0,2,Colorado State,21,34,129,36,24,312,2,1,H,13.5,21,33,330,-31,-22,-255,-2,1
464,09/29/2012,Akron,49,26,183,43,32,446,1,0,Miami-Ohio,56,39,189,49,34,516,0,0,H,-1.5,-7,-13,-6,-6,-2,-70,1,0
465,09/29/2012,Alabama,33,34,125,30,22,180,0,1,Mississippi,14,35,80,33,19,138,3,0,H,30.5,19,-1,45,-3,3,42,-3,1
466,09/29/2012,Arizona,35,23,142,53,31,403,2,0,Oregon State,38,43,180,45,29,433,0,1,H,3,-3,-20,-38,8,2,-30,2,-1
467,09/29/2012,Arizona State,27,48,116,46,27,293,0,0,California,17,38,159,28,9,126,0,1,V,2.5,10,10,-43,18,18,167,0,-1
468,09/29/2012,Arkansas,10,39,142,59,29,373,2,1,Texas A+M,58,32,218,47,34,498,0,0,V,-13.5,-48,7,-76,12,-5,-125,2,1
469,09/29/2012,Arkansas State,13,39,127,41,24,208,1,1,Western Kentucky,26,41,243,19,11,122,0,0,H,0,-13,-2,-116,22,13,86,1,1
470,09/29/2012,Army,3,45,273,9,4,57,0,4,Stony Brook,23,59,273,15,11,151,0,1,H, ,-20,-14,0,-6,-7,-94,0,3
471,09/29/2012,Ball State,43,38,112,43,32,445,0,1,Kent State,45,36,166,32,16,295,1,0,V,2.5,-2,2,-54,11,16,150,-1,1
472,09/29/2012,Baylor,63,45,119,47,29,581,1,0,West Virginia,70,37,151,51,45,656,0,0,V,-12,-7,8,-32,-4,-16,-75,1,0
473,09/29/2012,Boise State,32,32,203,34,24,311,0,2,New Mexico,29,54,330,12,7,44,0,3,V,24,3,-22,-127,22,17,267,0,-1
474,09/29/2012,Boston College,31,28,51,44,26,369,2,0,Clemson,45,46,209,38,28,367,1,1,H,-7,-14,-18,-158,6,-2,2,1,-1
475,09/29/2012,Bowling Green,48,39,206,34,24,332,0,1,Rhode Island,8,32,96,22,12,75,0,1,H, ,40,7,110,12,12,257,0,0
476,09/29/2012,Buffalo,17,39,141,30,13,220,1,1,Connecticut,24,42,133,22,15,227,0,0,V,-16.5,-7,-3,8,8,-2,-7,1,1
477,09/29/2012,California,17,38,159,28,9,126,0,1,Arizona State,27,48,116,46,27,293,0,0,H,-2.5,-10,-10,43,-18,-18,-167,0,1
478,09/29/2012,Central Michigan,24,31,130,40,20,332,1,1,Northern Illinois,55,55,407,33,14,215,0,0,V,-10,-31,-24,-277,7,6,117,1,1
479,09/29/2012,Cincinnati,27,32,103,43,20,392,1,1,Virginia Tech,24,34,160,30,17,242,2,1,N,-6.5,3,-2,-57,13,3,150,-1,0
480,09/29/2012,Clemson,45,46,209,38,28,367,1,1,Boston College,31,28,51,44,26,369,2,0,V,7,14,18,158,-6,2,-2,-1,1
481,09/29/2012,Colorado,14,30,83,35,23,226,1,1,U.C.L.A.,42,44,211,40,25,281,0,1,H,-19,-28,-14,-128,-5,-2,-55,1,0
482,09/29/2012,Colorado State,21,34,129,36,24,312,2,1,Air Force,42,67,459,5,2,57,0,2,V,-13.5,-21,-33,-330,31,22,255,2,-1
483,09/29/2012,Connecticut,24,42,133,22,15,227,0,0,Buffalo,17,39,141,30,13,220,1,1,H,16.5,7,3,-8,-8,2,7,-1,-1
484,09/29/2012,Duke,34,36,123,40,30,258,1,0,Wake Forest,27,35,167,38,19,230,2,2,V,-2.5,7,1,-44,2,11,28,-1,-2
485,09/29/2012,East Carolina,28,39,217,40,28,258,3,1,UTEP,18,36,151,30,10,151,3,1,H,4,10,3,66,10,18,107,0,0
486,09/29/2012,Florida Atlantic,14,37,159,34,21,142,2,1,North Texas,20,30,56,30,18,251,1,0,H,-7,-6,7,103,4,3,-109,1,1
487,09/29/2012,Florida Intl,20,34,55,28,16,204,2,0,UL-Lafayette,48,39,187,31,21,314,0,2,V,-7,-28,-5,-132,-3,-5,-110,2,-2
488,09/29/2012,Florida State,30,41,182,26,19,242,0,0,South Florida,17,32,125,33,17,143,1,2,V,16.5,13,9,57,-7,2,99,-1,-2
489,09/29/2012,Fresno State,52,30,119,56,42,536,2,2,San Diego State,40,40,179,23,13,160,3,2,H,7,12,-10,-60,33,29,376,-1,0
490,09/29/2012,Georgia,51,39,282,25,19,278,1,2,Tennessee,44,40,197,45,24,281,3,1,H,14,7,-1,85,-20,-5,-3,-2,1
491,09/29/2012,Georgia Tech,28,53,238,26,18,187,1,3,Middle Tennessee,49,44,264,23,17,246,1,1,H,25.5,-21,9,-26,3,1,-59,0,2
492,09/29/2012,Houston,35,44,247,43,26,361,1,2,Rice,14,34,69,36,18,274,0,1,N,9.5,21,10,178,7,8,87,1,1
493,09/29/2012,Idaho,0,28,80,36,19,124,4,1,North Carolina,66,53,297,26,17,293,1,1,V,-27.5,-66,-25,-217,10,2,-169,3,0
494,09/29/2012,Illinois,7,22,74,47,29,292,2,1,Penn State,35,52,173,30,18,211,0,0,H,3,-28,-30,-99,17,11,81,2,1
495,09/29/2012,Indiana,29,28,159,39,22,266,1,0,Northwestern,44,58,394,35,23,310,2,1,V,-12.5,-15,-30,-235,4,-1,-44,-1,-1
496,09/29/2012,Iowa,31,25,182,31,18,192,0,0,Minnesota,13,32,102,33,20,197,3,1,H,6,18,-7,80,-2,-2,-5,-3,-1
497,09/29/2012,Iowa State,13,38,116,20,10,73,3,1,Texas Tech,24,30,63,47,31,332,2,0,H,-1,-11,8,53,-27,-21,-259,1,1
498,09/29/2012,Kent State,45,36,166,32,16,295,1,0,Ball State,43,38,112,43,32,445,0,1,H,-2.5,2,-2,54,-11,-16,-150,1,-1
499,09/29/2012,Kentucky,17,39,120,24,13,123,2,0,South Carolina,38,48,200,19,15,148,0,1,H,-20,-21,-9,-80,5,-2,-25,2,-1
500,09/29/2012,Louisiana State,38,35,158,26,15,238,0,3,Towson,22,40,188,33,13,103,0,2,H, ,16,-5,-30,-7,2,135,0,1
501,09/29/2012,Louisiana Tech,44,40,167,36,23,218,0,0,Virginia,38,39,145,41,25,480,3,0,V,3.5,6,1,22,-5,-2,-262,-3,0
502,09/29/2012,Louisville,21,50,184,14,10,85,1,1,Southern Miss,17,48,224,9,2,25,0,1,V,10.5,4,2,-40,5,8,60,1,0
503,09/29/2012,Marshall,41,23,95,68,45,439,3,1,Purdue,51,53,149,37,27,294,1,0,V,-17,-10,-30,-54,31,18,145,2,1
504,09/29/2012,Massachusetts,34,33,138,51,27,373,0,1,Ohio,37,52,274,27,15,229,0,0,H,-23.5,-3,-19,-136,24,12,144,0,1
505,09/29/2012,Miami-Florida,44,32,85,49,26,566,1,0,No Carolina State,37,46,224,42,24,440,2,4,H,2.5,7,-14,-139,7,2,126,-1,-4
506,09/29/2012,Miami-Ohio,56,39,189,49,34,516,0,0,Akron,49,26,183,43,32,446,1,0,V,1.5,7,13,6,6,2,70,-1,0
507,09/29/2012,Michigan State,16,22,34,42,22,269,0,0,Ohio State,17,44,204,23,16,179,1,2,H,2,-1,-22,-170,19,6,90,-1,-2
508,09/29/2012,Middle Tennessee,49,44,264,23,17,246,1,1,Georgia Tech,28,53,238,26,18,187,1,3,V,-25.5,21,-9,26,-3,-1,59,0,-2
509,09/29/2012,Minnesota,13,32,102,33,20,197,3,1,Iowa,31,25,182,31,18,192,0,0,V,-6,-18,7,-80,2,2,5,3,1
510,09/29/2012,Mississippi,14,35,80,33,19,138,3,0,Alabama,33,34,125,30,22,180,0,1,V,-30.5,-19,1,-45,3,-3,-42,3,-1
511,09/29/2012,Missouri,21,29,89,30,19,257,1,0,U-C-F,16,35,128,45,29,267,0,1,V,-2,5,-6,-39,-15,-10,-10,1,-1
512,09/29/2012,Navy,0,38,70,13,7,74,1,1,San Jose State,12,42,108,36,30,280,1,0,H,-2,-12,-4,-38,-23,-23,-206,0,1
513,09/29/2012,Nebraska,30,46,259,29,17,181,0,2,Wisconsin,27,41,56,28,15,239,0,1,H,11.5,3,5,203,1,2,-58,0,1
514,09/29/2012,Nevada-Las Vegas,13,35,117,39,18,188,1,0,Utah State,35,36,140,34,21,424,1,1,V,-20.5,-22,-1,-23,5,-3,-236,0,-1
515,09/29/2012,Nevada-Reno,34,50,273,34,21,286,1,0,Texas State,21,29,68,34,18,186,0,1,V,17.5,13,21,205,0,3,100,1,-1
516,09/29/2012,New Mexico,29,54,330,12,7,44,0,3,Boise State,32,32,203,34,24,311,0,2,H,-24,-3,22,127,-22,-17,-267,0,1
517,09/29/2012,New Mexico State,14,33,74,40,21,276,2,2,Texas-San Antonio,35,32,129,32,19,269,0,0,H,-1.5,-21,1,-55,8,2,7,2,2
518,09/29/2012,No Carolina State,37,46,224,42,24,440,2,4,Miami-Florida,44,32,85,49,26,566,1,0,V,-2.5,-7,14,139,-7,-2,-126,1,4
519,09/29/2012,North Carolina,66,53,287,26,17,288,1,1,Idaho,0,28,80,36,19,109,4,1,H,27.5,66,25,207,-10,-2,179,-3,0
520,09/29/2012,North Texas,20,30,56,30,18,251,1,0,Florida Atlantic,14,37,159,34,21,142,2,1,V,7,6,-7,-103,-4,-3,109,-1,-1
521,09/29/2012,Northern Illinois,55,55,407,33,14,215,0,0,Central Michigan,24,31,130,40,20,332,1,1,H,10,31,24,277,-7,-6,-117,-1,-1
522,09/29/2012,Northwestern,44,58,394,35,23,310,2,1,Indiana,29,28,159,39,22,266,1,0,H,12.5,15,30,235,-4,1,44,1,1
523,09/29/2012,Ohio,37,52,274,27,15,229,0,0,Massachusetts,34,33,138,51,27,373,0,1,V,23.5,3,19,136,-24,-12,-144,0,-1
524,09/29/2012,Ohio State,17,44,204,23,16,179,1,2,Michigan State,16,22,34,42,22,269,0,0,V,-2,1,22,170,-19,-6,-90,1,2
525,09/29/2012,Oklahoma State,36,40,275,27,18,301,1,0,Texas,41,42,136,38,30,304,1,0,H,-1.5,-5,-2,139,-11,-12,-3,0,0
526,09/29/2012,Oregon,51,46,300,32,21,169,2,0,Washington State,26,21,-8,64,37,410,1,1,N,31,25,25,308,-32,-16,-241,1,-1
527,09/29/2012,Oregon State,38,40,174,45,29,433,0,1,Arizona,35,23,142,52,30,393,2,0,V,-3,3,17,32,-7,-1,40,-2,1
528,09/29/2012,Penn State,35,52,173,30,18,211,0,0,Illinois,7,22,74,47,29,292,2,1,V,-3,28,30,99,-17,-11,-81,-2,-1
529,09/29/2012,Purdue,51,53,149,37,27,294,1,0,Marshall,41,23,95,68,45,439,3,1,H,17,10,30,54,-31,-18,-145,-2,-1
530,09/29/2012,Rice,14,34,69,36,18,274,0,1,Houston,35,44,247,43,26,361,1,2,N,-9.5,-21,-10,-178,-7,-8,-87,-1,-1
531,09/29/2012,S-M-U,16,22,30,40,15,190,5,1,Texas Christian,24,47,54,28,12,102,0,2,H,-14,-8,-25,-24,12,3,88,5,-1
532,09/29/2012,San Diego State,40,40,174,23,13,155,3,2,Fresno State,52,30,104,56,42,521,2,2,V,-7,-12,10,70,-33,-29,-366,1,0
533,09/29/2012,San Jose State,12,42,108,36,30,280,1,0,Navy,0,38,70,13,7,74,1,1,V,2,12,4,38,23,23,206,0,-1
534,09/29/2012,South Alabama,10,43,193,20,8,59,2,2,Troy,31,51,214,27,18,281,3,2,H,-8,-21,-8,-21,-7,-10,-222,-1,0
535,09/29/2012,South Carolina,38,48,200,19,15,148,0,1,Kentucky,17,39,120,24,13,123,2,0,V,20,21,9,80,-5,2,25,-2,1
536,09/29/2012,South Florida,17,32,125,33,17,143,1,2,Florida State,30,41,182,26,19,242,0,0,H,-16.5,-13,-9,-57,7,-2,-99,1,2
537,09/29/2012,Southern Miss,17,48,224,9,2,25,0,1,Louisville,21,50,184,14,10,85,1,1,H,-10.5,-4,-2,40,-5,-8,-60,-1,0
538,09/29/2012,Tennessee,44,40,197,45,24,281,3,1,Georgia,51,39,282,25,19,278,1,2,V,-14,-7,1,-85,20,5,3,2,-1
539,09/29/2012,Texas,41,42,136,38,30,304,1,0,Oklahoma State,36,40,275,27,18,301,1,0,V,1.5,5,2,-139,11,12,3,0,0
540,09/29/2012,Texas A+M,58,32,218,47,34,498,0,0,Arkansas,10,39,142,59,29,373,2,1,H,13.5,48,-7,76,-12,5,125,-2,-1
541,09/29/2012,Texas Christian,24,47,54,28,12,102,0,2,S-M-U,16,22,30,40,15,190,5,1,V,14,8,25,24,-12,-3,-88,-5,1
542,09/29/2012,Texas State,21,29,68,34,18,186,0,1,Nevada-Reno,34,50,273,34,21,286,1,0,H,-17.5,-13,-21,-205,0,-3,-100,-1,1
543,09/29/2012,Texas Tech,24,30,63,47,31,332,2,0,Iowa State,13,38,116,20,10,73,3,1,V,1,11,-8,-53,27,21,259,-1,-1
544,09/29/2012,Texas-San Antonio,35,32,129,32,19,269,0,0,New Mexico State,14,33,74,40,21,276,2,2,V,1.5,21,-1,55,-8,-2,-7,-2,-2
545,09/29/2012,Toledo,37,37,278,33,22,243,0,0,Western Michigan,17,30,173,46,26,232,3,1,V,-1.5,20,7,105,-13,-4,11,-3,-1
546,09/29/2012,Troy,31,51,214,27,18,281,3,2,South Alabama,10,43,193,20,8,59,2,2,V,8,21,8,21,7,10,222,1,0
547,09/29/2012,Tulane,10,21,-9,45,21,160,3,1,UL-Monroe,63,41,222,28,19,331,2,0,H,-20,-53,-20,-231,17,2,-171,1,1
548,09/29/2012,Tulsa,49,46,241,39,23,237,1,1,U-A-B,42,35,1,30,20,337,1,2,V,14,7,11,240,9,3,-100,0,-1
549,09/29/2012,U-A-B,42,35,1,30,20,337,1,2,Tulsa,49,46,241,39,23,237,1,1,H,-14,-7,-11,-240,-9,-3,100,0,1
550,09/29/2012,U-C-F,16,35,128,45,29,267,0,1,Missouri,21,29,89,30,19,257,1,0,H,2,-5,6,39,15,10,10,-1,1
551,09/29/2012,U.C.L.A.,42,44,211,39,24,271,0,1,Colorado,14,27,77,35,23,226,1,1,V,19,28,17,134,4,1,45,-1,0
552,09/29/2012,UL-Lafayette,48,39,187,31,21,314,0,2,Florida Intl,20,34,55,28,16,204,2,0,H,7,28,5,132,3,5,110,-2,2
553,09/29/2012,UL-Monroe,63,41,222,28,19,331,2,0,Tulane,10,21,-9,45,21,160,3,1,V,20,53,20,231,-17,-2,171,-1,-1
554,09/29/2012,UTEP,18,36,151,30,10,151,3,1,East Carolina,28,39,217,40,28,258,3,1,V,-4,-10,-3,-66,-10,-18,-107,0,0
555,09/29/2012,Utah State,35,36,140,34,21,424,1,1,Nevada-Las Vegas,13,35,117,39,18,188,1,0,H,20.5,22,1,23,-5,3,236,0,1
556,09/29/2012,Virginia,38,39,145,41,25,480,3,0,Louisiana Tech,44,40,167,36,23,218,0,0,H,-3.5,-6,-1,-22,5,2,262,3,0
557,09/29/2012,Virginia Tech,24,34,160,30,17,242,2,1,Cincinnati,27,32,103,43,20,392,1,1,N,6.5,-3,2,57,-13,-3,-150,1,0
558,09/29/2012,Wake Forest,27,35,167,38,19,230,2,2,Duke,34,36,123,40,30,258,1,0,H,2.5,-7,-1,44,-2,-11,-28,1,2
559,09/29/2012,Washington State,26,21,-8,64,37,410,1,1,Oregon,51,46,300,32,21,169,2,0,N,-31,-25,-25,-308,32,16,241,-1,1
560,09/29/2012,West Virginia,70,37,151,51,45,656,0,0,Baylor,63,45,119,47,29,581,1,0,H,12,7,-8,32,4,16,75,-1,0
561,09/29/2012,Western Kentucky,26,41,243,19,11,122,0,0,Arkansas State,13,39,127,41,24,208,1,1,V,0,13,2,116,-22,-13,-86,-1,-1
562,09/29/2012,Western Michigan,17,30,173,46,26,232,3,1,Toledo,37,37,278,33,22,243,0,0,H,1.5,-20,-7,-105,13,4,-11,3,1
563,09/29/2012,Wisconsin,27,41,56,28,15,239,0,1,Nebraska,30,46,259,29,17,181,0,2,V,-11.5,-3,-5,-203,-1,-2,58,0,-1
564,10/04/2012,Arkansas State,34,37,198,23,15,223,0,0,Florida Intl,20,48,188,31,19,153,2,0,V,2.5,14,-11,10,-8,-4,70,-2,0
565,10/04/2012,East Carolina,20,29,64,36,23,298,1,0,U-C-F,40,36,167,21,15,269,0,1,V,-12,-20,-7,-103,15,8,29,1,-1
566,10/04/2012,Florida Intl,20,48,188,31,19,153,2,0,Arkansas State,34,37,198,23,15,223,0,0,H,-2.5,-14,11,-10,8,4,-70,2,0
567,10/04/2012,Southern Cal,38,32,129,30,23,303,0,2,Utah,28,22,95,38,23,209,1,1,V,14,10,10,34,-8,0,94,-1,1
568,10/04/2012,U-C-F,40,36,167,21,15,269,0,1,East Carolina,20,29,64,36,23,298,1,0,H,12,20,7,103,-15,-8,-29,-1,1
569,10/04/2012,Utah,28,22,95,38,23,209,1,1,Southern Cal,38,32,129,30,23,303,0,2,H,-14,-10,-10,-34,8,0,-94,1,-1
570,10/05/2012,Brigham Young,6,45,145,36,24,235,1,0,Utah State,3,24,41,39,22,202,1,1,H,7,3,21,104,-3,2,33,0,-1
571,10/05/2012,Pittsburgh,13,37,27,33,25,319,0,1,Syracuse,14,33,120,31,19,185,1,0,V,2.5,-1,4,-93,2,6,134,-1,1
572,10/05/2012,Syracuse,14,33,120,31,19,185,1,0,Pittsburgh,13,37,27,33,25,319,0,1,H,-2.5,1,-4,93,-2,-6,-134,1,-1
573,10/05/2012,Utah State,3,23,39,40,23,204,1,1,Brigham Young,6,45,145,36,24,235,1,0,V,-7,-3,-22,-106,4,-1,-31,0,1
574,10/06/2012,Air Force,21,64,363,13,9,144,0,3,Navy,28,54,285,6,6,74,0,0,H,9,-7,10,78,7,3,70,0,3
575,10/06/2012,Akron,10,26,88,50,29,228,0,1,Bowling Green,24,44,292,33,14,180,1,0,H,-6,-14,-18,-204,17,15,48,-1,1
576,10/06/2012,Arizona,48,34,126,69,45,506,1,0,Stanford,54,43,262,34,21,365,0,1,V,-10,-6,-9,-136,35,24,141,1,-1
577,10/06/2012,Arkansas,24,32,130,28,21,242,0,2,Auburn,7,32,40,35,22,281,3,2,V,-7,17,0,90,-7,-1,-39,-3,0
578,10/06/2012,Army,34,79,516,13,5,79,0,2,Boston College,31,28,186,29,16,234,0,1,H,-7,3,51,330,-16,-11,-155,0,1
579,10/06/2012,Auburn,7,32,40,35,22,281,3,2,Arkansas,24,32,130,28,21,242,0,2,H,7,-17,0,-90,7,1,39,3,0
580,10/06/2012,Ball State,23,29,129,71,42,434,2,1,Northern Illinois,35,52,314,23,16,195,0,2,H,-3,-12,-23,-185,48,26,239,2,-1
581,10/06/2012,Boise State,40,33,109,30,19,201,1,0,Southern Miss,14,45,181,36,19,243,2,3,V,9,26,-12,-72,-6,0,-42,-1,-3
582,10/06/2012,Boston College,31,28,186,29,16,239,0,1,Army,34,79,526,13,5,79,0,2,V,7,-3,-51,-340,16,11,160,0,-1
583,10/06/2012,Bowling Green,24,44,292,33,14,180,1,0,Akron,10,26,88,50,29,228,0,1,V,6,14,18,204,-17,-15,-48,1,-1
584,10/06/2012,Buffalo,31,56,313,36,19,188,0,3,Ohio,38,36,149,27,15,184,1,0,V,-14.5,-7,20,164,9,4,4,-1,3
585,10/06/2012,California,43,42,186,30,25,295,1,2,U.C.L.A.,17,34,129,47,31,253,4,2,H,-3,26,8,57,-17,-6,42,-3,0
586,10/06/2012,Central Michigan,35,24,46,44,28,327,2,0,Toledo,50,36,183,40,26,250,1,2,V,-11.5,-15,-12,-137,4,2,77,1,-2
587,10/06/2012,Cincinnati,52,50,272,23,13,157,0,0,Miami-Ohio,14,19,59,53,27,320,3,1,H,20,38,31,213,-30,-14,-163,-3,-1
588,10/06/2012,Clemson,47,51,204,42,26,397,2,0,Georgia Tech,31,46,339,14,9,144,0,1,H,11.5,16,5,-135,28,17,253,2,-1
589,10/06/2012,Colorado State,7,27,55,31,16,194,1,1,Fresno State,28,43,191,42,25,217,0,0,H,-17.5,-21,-16,-136,-11,-9,-23,1,1
590,10/06/2012,Connecticut,3,28,53,33,14,191,4,1,Rutgers,19,35,123,27,18,157,0,1,V,-7,-16,-7,-70,6,-4,34,4,0
591,10/06/2012,Duke,42,36,182,32,19,212,0,0,Virginia,17,35,186,47,23,275,2,0,H,0,25,1,-4,-15,-4,-63,-2,0
592,10/06/2012,Eastern Michigan,14,21,107,17,9,93,2,0,Kent State,41,57,321,24,14,146,1,0,H,-3,-27,-36,-214,-7,-5,-53,1,0
593,10/06/2012,Florida,14,58,176,12,8,61,0,2,Louisiana State,6,25,42,25,11,158,1,2,H,-1.5,8,33,134,-13,-3,-97,-1,0
594,10/06/2012,Florida State,16,36,125,30,17,218,1,0,No Carolina State,17,27,66,55,30,259,1,-1,V,17,-1,9,59,-25,-13,-41,0,1
595,10/06/2012,Fresno State,28,44,182,41,25,217,0,0,Colorado State,7,27,55,31,16,194,1,1,V,17.5,21,17,127,10,9,23,-1,-1
596,10/06/2012,Georgia,7,35,107,32,12,117,1,0,South Carolina,35,51,230,10,6,162,0,0,V,-1,-28,-16,-123,22,6,-45,1,0
597,10/06/2012,Georgia Tech,31,46,339,14,9,144,0,1,Clemson,47,51,204,42,26,397,2,0,V,-11.5,-16,-5,135,-28,-17,-253,-2,1
598,10/06/2012,Hawaii,14,30,61,28,14,112,0,3,San Diego State,52,51,194,33,17,218,0,0,V,-19.5,-38,-21,-133,-5,-3,-106,0,3
599,10/06/2012,Houston,44,37,302,42,31,321,0,0,North Texas,21,40,231,38,20,252,2,0,H,9.5,23,-3,71,4,11,69,-2,0
600,10/06/2012,Idaho,26,28,82,48,26,304,1,1,New Mexico State,18,28,98,46,28,309,2,2,H,8.5,8,0,-16,2,-2,-5,-1,-1
601,10/06/2012,Illinois,14,34,106,30,18,178,1,1,Wisconsin,31,33,153,25,16,254,1,1,V,-15,-17,1,-47,5,2,-76,0,0
602,10/06/2012,Indiana,27,20,42,47,32,280,0,0,Michigan State,31,42,130,40,24,295,0,0,H,-15,-4,-22,-88,7,8,-15,0,0
603,10/06/2012,Iowa State,37,35,152,22,13,198,1,0,Texas Christian,23,43,185,40,23,270,3,2,V,-7,14,-8,-33,-18,-10,-72,-2,-2
604,10/06/2012,Kansas,16,49,175,32,19,213,3,2,Kansas State,56,37,346,14,7,129,0,0,V,-25,-40,12,-171,18,12,84,3,2
605,10/06/2012,Kansas State,56,37,346,14,7,129,0,0,Kansas,16,49,175,32,19,213,3,2,H,25,40,-12,171,-18,-12,-84,-3,-2
606,10/06/2012,Kent State,41,57,321,24,14,146,1,0,Eastern Michigan,14,21,107,17,9,93,2,0,V,3,27,36,214,7,5,53,-1,0
607,10/06/2012,Kentucky,14,34,84,27,15,144,0,0,Mississippi State,27,39,158,39,23,269,0,2,H,-10,-13,-5,-74,-12,-8,-125,0,-2
608,10/06/2012,Louisiana State,6,25,42,25,11,158,1,2,Florida,14,58,176,12,8,61,0,2,V,1.5,-8,-33,-134,13,3,97,1,0
609,10/06/2012,Louisiana Tech,58,50,297,47,32,325,0,0,Nevada-Las Vegas,31,39,158,46,22,378,1,1,H,27,27,11,139,1,10,-53,-1,-1
610,10/06/2012,Marshall,38,45,169,45,32,403,1,2,Tulsa,45,53,250,17,9,90,0,1,H,-3.5,-7,-8,-81,28,23,313,1,1
611,10/06/2012,Maryland,19,43,53,25,14,191,1,2,Wake Forest,14,29,71,38,13,170,0,2,H,7,5,14,-18,-13,1,21,1,0
612,10/06/2012,Massachusetts,14,33,83,29,17,135,1,2,Western Michigan,52,47,270,27,22,271,1,0,V,-17,-38,-14,-187,2,-5,-136,0,2
613,10/06/2012,Memphis,14,51,164,14,9,81,0,2,Rice,10,28,104,30,16,117,0,1,H,-5.5,4,23,60,-16,-7,-36,0,1
614,10/06/2012,Miami-Florida,3,18,84,35,18,201,0,0,Notre Dame,41,51,376,26,19,211,0,0,N,-15.5,-38,-33,-292,9,-1,-10,0,0
615,10/06/2012,Miami-Ohio,14,19,59,53,27,320,3,1,Cincinnati,52,50,272,23,13,157,0,0,V,-20,-38,-31,-213,30,14,163,3,1
616,10/06/2012,Michigan,44,54,304,16,8,105,0,1,Purdue,13,26,56,35,23,157,2,2,V,3,31,28,248,-19,-15,-52,-2,-1
617,10/06/2012,Michigan State,31,42,120,40,24,290,0,0,Indiana,27,19,35,48,33,282,0,0,V,15,4,23,85,-8,-9,8,0,0
618,10/06/2012,Middle Tennessee,17,19,69,34,23,238,1,2,UL-Monroe,31,51,204,39,27,296,1,0,H,-3,-14,-32,-135,-5,-4,-58,0,2
619,10/06/2012,Mississippi,27,44,159,35,20,305,2,0,Texas A+M,30,44,290,26,17,191,2,4,H,-13,-3,0,-131,9,3,114,0,-4
620,10/06/2012,Mississippi State,27,39,158,39,23,269,0,2,Kentucky,14,34,84,27,15,144,0,0,V,10,13,5,74,12,8,125,0,2
621,10/06/2012,Missouri,15,35,150,40,14,245,0,1,Vanderbilt,19,43,89,26,15,206,1,0,H,7,-4,-8,61,14,-1,39,-1,1
622,10/06/2012,Navy,28,54,285,6,6,74,0,0,Air Force,21,64,363,13,9,144,0,3,V,-9,7,-10,-78,-7,-3,-70,0,-3
623,10/06/2012,Nebraska,38,46,223,25,15,214,3,1,Ohio State,63,48,371,14,7,127,0,1,V,-3,-25,-2,-148,11,8,87,3,0
624,10/06/2012,Nevada-Las Vegas,31,39,158,46,22,378,1,1,Louisiana Tech,58,50,304,47,32,318,0,0,V,-27,-27,-11,-146,-1,-10,60,1,1
625,10/06/2012,Nevada-Reno,35,37,127,45,30,438,1,2,Wyoming,28,47,143,40,22,207,1,1,H,20,7,-10,-16,5,8,231,0,1
626,10/06/2012,New Mexico,35,59,361,3,1,9,0,2,Texas State,14,20,32,35,21,216,3,1,H,3,21,39,329,-32,-20,-207,-3,1
627,10/06/2012,New Mexico State,18,27,78,47,29,329,2,2,Idaho,26,28,82,48,26,304,1,1,V,-8.5,-8,-1,-4,-1,3,25,1,1
628,10/06/2012,No Carolina State,17,27,66,55,30,259,1,0,Florida State,16,36,125,30,17,218,1,0,H,-17,1,-9,-59,25,13,41,0,0
629,10/06/2012,North Carolina,48,45,339,30,17,194,0,1,Virginia Tech,34,25,40,49,26,354,1,1,H,6,14,20,299,-19,-9,-160,-1,0
630,10/06/2012,North Texas,21,40,231,38,20,252,2,0,Houston,44,37,302,42,31,321,0,0,V,-9.5,-23,3,-71,-4,-11,-69,2,0
631,10/06/2012,Northern Illinois,35,52,314,23,16,195,0,2,Ball State,23,29,129,71,42,434,2,1,V,3,12,23,185,-48,-26,-239,-2,1
632,10/06/2012,Northwestern,28,25,122,36,21,140,0,1,Penn State,39,48,166,51,35,292,0,1,V,-3,-11,-23,-44,-15,-14,-152,0,0
633,10/06/2012,Notre Dame,41,51,376,26,19,211,0,0,Miami-Florida,3,18,84,35,18,201,0,0,N,15.5,38,33,292,-9,1,10,0,0
634,10/06/2012,Ohio,38,36,149,27,15,184,1,0,Buffalo,31,56,313,36,19,188,0,3,H,14.5,7,-20,-164,-9,-4,-4,1,-3
635,10/06/2012,Ohio State,63,48,371,14,7,127,0,1,Nebraska,38,46,223,25,15,214,3,1,H,3,25,2,148,-11,-8,-87,-3,0
636,10/06/2012,Oklahoma,41,29,121,40,25,259,0,1,Texas Tech,20,32,89,41,26,271,3,0,V,4.5,21,-3,32,-1,-1,-12,-3,1
637,10/06/2012,Oregon,52,52,299,24,15,198,1,1,Washington,21,46,208,31,19,145,2,3,H,24.5,31,6,91,-7,-4,53,-1,-2
638,10/06/2012,Oregon State,19,40,100,42,25,270,3,0,Washington State,6,14,20,37,20,207,4,1,H,15,13,26,80,5,5,63,-1,-1
639,10/06/2012,Penn State,39,48,161,51,35,282,0,1,Northwestern,28,25,112,36,21,135,0,1,H,3,11,23,49,15,14,147,0,0
640,10/06/2012,Purdue,13,26,56,35,23,157,2,2,Michigan,44,54,304,16,8,105,0,1,H,-3,-31,-28,-248,19,15,52,2,1
641,10/06/2012,Rice,10,28,104,30,16,117,0,1,Memphis,14,51,164,14,9,81,0,2,V,5.5,-4,-23,-60,16,7,36,0,-1
642,10/06/2012,Rutgers,19,35,123,27,18,157,0,1,Connecticut,3,28,53,33,14,191,4,1,H,7,16,7,70,-6,4,-34,-4,0
643,10/06/2012,S-M-U,17,36,138,44,22,234,1,0,UTEP,0,30,107,39,16,178,3,0,V,-1.5,17,6,31,5,6,56,-2,0
644,10/06/2012,San Diego State,52,51,194,33,17,218,0,0,Hawaii,14,31,52,27,14,112,0,3,H,19.5,38,20,142,6,3,106,0,-3
645,10/06/2012,South Carolina,35,51,230,10,6,162,0,0,Georgia,7,36,115,31,11,109,1,0,H,1,28,15,115,-21,-5,53,-1,0
646,10/06/2012,South Florida,28,44,165,31,18,219,1,1,Temple,37,51,216,20,16,167,0,0,V,4.5,-9,-7,-51,11,2,52,1,1
647,10/06/2012,Southern Miss,14,45,181,36,19,243,2,3,Boise State,40,33,109,30,19,201,1,0,H,-9,-26,12,72,6,0,42,1,3
648,10/06/2012,Stanford,54,43,265,34,21,365,0,1,Arizona,48,34,126,69,45,506,1,0,H,10,6,9,139,-35,-24,-141,-1,1
649,10/06/2012,Temple,37,51,216,20,16,167,0,0,South Florida,28,44,165,31,18,219,1,2,H,-4.5,9,7,51,-11,-2,-52,-1,-2
650,10/06/2012,Texas,45,39,135,29,22,269,0,1,West Virginia,48,42,192,35,25,268,0,2,H,7,-3,-3,-57,-6,-3,1,0,-1
651,10/06/2012,Texas A+M,30,44,290,26,17,191,2,4,Mississippi,27,44,159,35,20,305,2,0,V,13,3,0,131,-9,-3,-114,0,4
652,10/06/2012,Texas Christian,23,43,185,40,23,270,3,2,Iowa State,37,35,152,22,13,198,1,0,H,7,-14,8,33,18,10,72,2,2
653,10/06/2012,Texas State,14,20,32,35,21,216,3,1,New Mexico,35,59,361,3,1,9,0,2,V,-3,-21,-39,-329,32,20,207,3,-1
654,10/06/2012,Texas Tech,20,32,89,41,26,271,3,0,Oklahoma,41,29,121,40,25,259,0,1,H,-4.5,-21,3,-32,1,1,12,3,-1
655,10/06/2012,Toledo,50,36,183,40,26,250,1,2,Central Michigan,35,24,46,44,28,327,2,0,H,11.5,15,12,137,-4,-2,-77,-1,2
656,10/06/2012,Tulane,13,22,53,39,14,173,2,1,UL-Lafayette,41,53,294,22,9,150,1,0,V,-30.5,-28,-31,-241,17,5,23,1,1
657,10/06/2012,Tulsa,45,53,250,17,9,90,0,1,Marshall,38,45,169,45,32,403,1,2,V,3.5,7,8,81,-28,-23,-313,-1,-1
658,10/06/2012,U-A-B,52,38,156,32,24,356,0,0,S E Louisiana,3,30,47,24,10,78,1,1,H, ,49,8,109,8,14,278,-1,-1
659,10/06/2012,U.C.L.A.,17,34,129,47,31,253,4,2,California,43,42,186,30,25,295,1,2,V,3,-26,-8,-57,17,6,-42,3,0
660,10/06/2012,UL-Lafayette,41,53,294,22,9,150,1,0,Tulane,13,22,53,39,14,173,2,1,H,30.5,28,31,241,-17,-5,-23,-1,-1
661,10/06/2012,UL-Monroe,31,51,204,39,27,296,1,0,Middle Tennessee,17,19,69,34,23,238,1,2,V,3,14,32,135,5,4,58,0,-2
662,10/06/2012,UTEP,0,30,107,39,16,178,3,0,S-M-U,17,36,138,44,22,234,1,0,H,1.5,-17,-6,-31,-5,-6,-56,2,0
663,10/06/2012,Vanderbilt,19,43,89,26,15,206,1,0,Missouri,15,35,150,40,14,245,0,1,V,-7,4,8,-61,-14,1,-39,1,-1
664,10/06/2012,Virginia,17,35,186,47,23,275,2,0,Duke,42,35,173,33,20,221,0,0,V,0,-25,0,13,14,3,54,2,0
665,10/06/2012,Virginia Tech,34,25,40,49,26,354,1,1,North Carolina,48,45,339,30,17,194,0,1,V,-6,-14,-20,-299,19,9,160,1,0
666,10/06/2012,Wake Forest,14,29,71,38,13,170,0,2,Maryland,19,43,53,25,14,191,1,2,V,-7,-5,-14,18,13,-1,-21,-1,0
667,10/06/2012,Washington,21,46,208,31,19,145,2,3,Oregon,52,52,302,24,15,198,1,1,V,-24.5,-31,-6,-94,7,4,-53,1,2
668,10/06/2012,Washington State,6,14,20,37,20,207,4,1,Oregon State,19,40,100,42,25,270,3,0,V,-15,-13,-26,-80,-5,-5,-63,1,1
669,10/06/2012,West Virginia,48,42,192,35,25,268,0,2,Texas,45,39,135,29,22,269,0,1,V,-7,3,3,57,6,3,-1,0,1
670,10/06/2012,Western Michigan,52,46,268,28,23,283,1,0,Massachusetts,14,33,83,29,17,135,1,2,H,17,38,13,185,-1,6,148,0,-2
671,10/06/2012,Wisconsin,31,33,173,25,16,254,1,1,Illinois,14,34,106,30,18,178,1,1,H,15,17,-1,67,-5,-2,76,0,0
672,10/06/2012,Wyoming,28,47,143,40,22,207,1,1,Nevada-Reno,35,37,127,45,30,438,1,2,V,-20,-7,10,16,-5,-8,-231,0,-1
673,10/11/2012,Arizona State,51,44,261,33,23,332,0,2,Colorado,17,32,75,42,20,180,1,0,V,22,34,12,186,-9,3,152,-1,2
674,10/11/2012,Colorado,17,32,75,42,20,180,1,0,Arizona State,51,44,261,33,23,332,0,2,H,-22,-34,-12,-186,9,-3,-152,1,-2
675,10/11/2012,Troy,26,40,120,28,16,254,0,1,Western Kentucky,31,35,112,31,21,255,0,2,H,0,-5,5,8,-3,-5,-1,0,-1
676,10/11/2012,Tulsa,33,54,281,23,13,198,0,1,UTEP,11,33,31,42,27,376,1,2,H,17,22,21,250,-19,-14,-178,-1,-1
677,10/11/2012,UTEP,11,33,31,42,27,376,1,2,Tulsa,33,54,281,23,13,198,0,1,V,-17,-22,-21,-250,19,14,178,1,1
678,10/11/2012,Western Kentucky,31,35,112,31,21,255,0,2,Troy,26,40,120,28,16,254,0,1,V,0,5,-5,-8,3,5,1,0,1
679,10/12/2012,Central Michigan,13,22,70,22,13,161,0,0,Navy,31,63,242,11,5,130,0,0,H,1,-18,-41,-172,11,8,31,0,0
680,10/12/2012,Navy,31,62,238,11,6,134,0,0,Central Michigan,13,22,70,22,13,151,0,0,V,-1,18,40,168,-11,-7,-17,0,0
681,10/13/2012,Air Force,28,51,230,10,7,141,0,1,Wyoming,27,44,252,37,23,195,0,1,V,6.5,1,7,-22,-27,-16,-54,0,0
682,10/13/2012,Akron,28,33,158,53,32,298,2,0,Ohio,34,53,252,28,14,189,0,0,V,-18,-6,-20,-94,25,18,109,2,0
683,10/13/2012,Alabama,42,47,362,21,16,171,0,2,Missouri,10,28,3,29,12,126,2,1,V,21.5,32,19,359,-8,4,45,-2,1
684,10/13/2012,Arkansas,49,25,147,36,25,386,0,0,Kentucky,7,25,66,15,4,104,0,0,H,17,42,0,81,21,21,282,0,0
685,10/13/2012,Arkansas State,36,37,113,22,17,203,0,3,South Alabama,29,50,132,38,24,241,1,0,H,20.5,7,-13,-19,-16,-7,-38,-1,3
686,10/13/2012,Army,17,70,325,20,10,132,0,1,Kent State,31,36,283,12,7,84,0,0,H,-1.5,-14,34,42,8,3,48,0,1
687,10/13/2012,Auburn,20,41,101,18,11,112,1,1,Mississippi,41,40,186,25,20,265,0,0,V,-4,-21,1,-85,-7,-9,-153,1,1
688,10/13/2012,Ball State,30,45,168,43,27,265,1,2,Western Michigan,24,38,222,31,16,202,2,0,H,2.5,6,7,-54,12,11,63,-1,2
689,10/13/2012,Baylor,21,32,106,23,15,326,4,2,Texas Christian,49,57,248,30,22,261,0,0,H,6.5,-28,-25,-142,-7,-7,65,4,2
690,10/13/2012,Boise State,20,42,215,24,13,120,1,0,Fresno State,10,30,56,43,29,266,1,1,H,6.5,10,12,159,-19,-16,-146,0,-1
691,10/13/2012,Boston College,7,32,96,33,16,129,1,0,Florida State,51,33,201,38,29,448,2,0,V,-29,-44,-1,-105,-5,-13,-319,-1,0
692,10/13/2012,Bowling Green,37,44,251,27,20,235,1,0,Miami-Ohio,12,20,3,39,21,253,2,1,H,8.5,25,24,248,-12,-1,-18,-1,-1
693,10/13/2012,Brigham Young,24,33,81,51,28,305,3,0,Oregon State,42,28,118,32,20,332,0,0,H,6,-18,5,-37,19,8,-27,3,0
694,10/13/2012,Buffalo,3,39,74,49,27,263,2,1,Northern Illinois,45,41,219,25,15,241,0,1,V,-14,-42,-2,-145,24,12,22,2,0
695,10/13/2012,California,31,50,317,23,14,189,2,0,Washington State,17,18,35,63,34,384,2,0,V,7,14,32,282,-40,-20,-195,0,0
696,10/13/2012,Cincinnati,49,33,210,24,15,262,0,0,Fordham,17,29,42,42,31,262,0,1,H, ,32,4,168,-18,-16,0,0,-1
697,10/13/2012,Colorado State,14,40,121,35,24,214,2,1,San Diego State,38,38,218,22,16,181,0,1,V,-22.5,-24,2,-97,13,8,33,2,0
698,10/13/2012,Connecticut,14,41,88,39,22,293,0,1,Temple,17,49,202,26,13,132,1,1,H,5,-3,-8,-114,13,9,161,-1,0
699,10/13/2012,Duke,20,29,22,42,25,307,2,2,Virginia Tech,41,39,269,23,14,256,1,0,V,-9,-21,-10,-247,19,11,51,1,2
700,10/13/2012,East Carolina,41,32,61,33,25,308,0,2,Memphis,7,43,115,26,16,166,0,2,H,17,34,-11,-54,7,9,142,0,0
701,10/13/2012,Eastern Michigan,47,41,323,29,18,301,1,0,Toledo,52,37,254,32,21,401,2,0,H,-14.5,-5,4,69,-3,-3,-100,-1,0
702,10/13/2012,Florida,31,35,326,20,11,77,0,0,Vanderbilt,17,47,126,31,17,237,0,1,V,10,14,-12,200,-11,-6,-160,0,-1
703,10/13/2012,Florida Atlantic,14,37,46,39,26,261,0,1,UL-Monroe,35,32,194,24,10,147,0,0,V,-23.5,-21,5,-148,15,16,114,0,1
704,10/13/2012,Florida Intl,30,41,142,40,24,380,0,1,Middle Tennessee,34,53,256,30,17,267,0,0,H,-1.5,-4,-12,-114,10,7,113,0,1
705,10/13/2012,Florida State,51,33,201,38,29,448,2,0,Boston College,7,32,96,33,16,129,1,0,H,29,44,1,105,5,13,319,1,0
706,10/13/2012,Fresno State,10,30,56,43,29,266,1,1,Boise State,20,42,215,24,13,120,1,0,V,-6.5,-10,-12,-159,19,16,146,0,1
707,10/13/2012,Hawaii,23,27,119,42,20,272,0,3,New Mexico,35,62,332,13,8,120,0,0,H,-1.5,-12,-35,-213,29,12,152,0,3
708,10/13/2012,Houston,39,49,186,46,34,380,0,1,U-A-B,17,27,35,49,23,339,1,1,H,12.5,22,22,151,-3,11,41,-1,0
709,10/13/2012,Idaho,7,24,104,34,19,211,2,1,Texas State,38,47,337,19,14,182,0,0,V,-2,-31,-23,-233,15,5,29,2,1
710,10/13/2012,Illinois,0,37,105,16,7,29,1,1,Michigan,45,51,353,15,9,174,0,1,V,-24,-45,-14,-248,1,-2,-145,1,0
711,10/13/2012,Indiana,49,23,122,55,29,354,0,0,Ohio State,52,54,343,25,14,220,1,0,H,-18.5,-3,-31,-221,30,15,134,-1,0
712,10/13/2012,Iowa,19,34,123,36,19,134,1,0,Michigan State,16,39,149,31,12,179,1,0,V,-8,3,-5,-26,5,7,-45,0,0
713,10/13/2012,Iowa State,21,24,65,36,16,166,1,0,Kansas State,27,52,177,24,16,187,0,1,H,-6,-6,-28,-112,12,0,-21,1,-1
714,10/13/2012,Kansas,14,49,187,32,15,211,0,0,Oklahoma State,20,44,116,29,18,255,1,0,H,-26.5,-6,5,71,3,-3,-44,-1,0
715,10/13/2012,Kansas State,27,52,172,24,16,187,0,1,Iowa State,21,24,60,36,16,161,1,0,V,6,6,28,112,-12,0,26,-1,1
716,10/13/2012,Kent State,31,36,283,12,7,84,0,0,Army,17,70,325,20,10,132,0,1,V,1.5,14,-34,-42,-8,-3,-48,0,-1
717,10/13/2012,Kentucky,7,25,66,15,4,104,0,0,Arkansas,49,27,161,34,23,372,0,0,V,-17,-42,-2,-95,-19,-19,-268,0,0
718,10/13/2012,Louisiana State,23,53,258,25,12,148,1,0,South Carolina,21,25,34,35,19,177,2,0,H,3,2,28,224,-10,-7,-29,-1,0
719,10/13/2012,Louisiana Tech,57,42,165,59,44,450,0,0,Texas A+M,59,46,283,40,24,395,1,1,H,-9.5,-2,-4,-118,19,20,55,-1,-1
720,10/13/2012,Louisville,45,31,156,27,17,304,0,0,Pittsburgh,35,34,93,37,28,287,0,0,V,2,10,-3,63,-10,-11,17,0,0
721,10/13/2012,Maryland,27,29,-2,26,14,237,0,1,Virginia,20,42,168,39,18,218,1,1,V,-2,7,-13,-170,-13,-4,19,-1,0
722,10/13/2012,Memphis,7,43,115,26,16,166,0,2,East Carolina,41,32,61,33,25,308,0,2,V,-17,-34,11,54,-7,-9,-142,0,0
723,10/13/2012,Miami-Florida,14,45,180,39,21,235,2,0,North Carolina,18,44,272,40,25,214,1,0,H,-7.5,-4,1,-92,-1,-4,21,1,0
724,10/13/2012,Miami-Ohio,12,20,3,39,21,253,2,1,Bowling Green,37,44,251,27,20,235,1,0,V,-8.5,-25,-24,-248,12,1,18,1,1
725,10/13/2012,Michigan,45,51,353,15,9,174,0,1,Illinois,0,37,105,16,7,34,1,1,H,24,45,14,248,-1,2,140,-1,0
726,10/13/2012,Michigan State,16,39,149,31,12,179,1,0,Iowa,19,34,123,36,19,134,1,0,H,8,-3,5,26,-5,-7,45,0,0
727,10/13/2012,Middle Tennessee,34,53,256,30,17,267,0,0,Florida Intl,30,41,142,40,24,380,0,1,V,1.5,4,12,114,-10,-7,-113,0,-1
728,10/13/2012,Minnesota,13,42,158,30,16,169,1,2,Northwestern,21,34,208,17,11,67,0,0,H,-3,-8,8,-50,13,5,102,1,2
729,10/13/2012,Mississippi,41,42,200,23,18,251,0,0,Auburn,20,41,101,18,11,112,1,1,H,4,21,1,99,5,7,139,-1,-1
730,10/13/2012,Mississippi State,41,41,142,39,25,308,0,0,Tennessee,31,34,213,24,13,148,1,1,H,3,10,7,-71,15,12,160,-1,-1
731,10/13/2012,Missouri,10,28,3,29,12,126,2,1,Alabama,42,47,362,21,16,171,0,2,H,-21.5,-32,-19,-359,8,-4,-45,2,-1
732,10/13/2012,Nevada-Las Vegas,37,32,193,36,21,243,1,0,Nevada-Reno,42,64,329,19,14,167,1,1,H,-14.5,-5,-32,-136,17,7,76,0,-1
733,10/13/2012,Nevada-Reno,42,64,329,19,14,167,1,1,Nevada-Las Vegas,37,32,193,36,21,243,1,0,V,14.5,5,32,136,-17,-7,-76,0,1
734,10/13/2012,New Mexico,35,62,332,13,8,120,0,0,Hawaii,23,27,119,42,20,272,0,3,V,1.5,12,35,213,-29,-12,-152,0,-3
735,10/13/2012,North Carolina,18,44,272,40,25,214,1,0,Miami-Florida,14,45,180,39,21,235,2,0,V,7.5,4,-1,92,1,4,-21,-1,0
736,10/13/2012,Northern Illinois,45,41,219,25,15,241,0,1,Buffalo,3,39,74,49,27,263,2,1,H,14,42,2,145,-24,-12,-22,-2,0
737,10/13/2012,Northwestern,21,34,208,17,11,67,0,0,Minnesota,13,42,153,30,16,159,1,2,V,3,8,-8,55,-13,-5,-92,-1,-2
738,10/13/2012,Notre Dame,20,44,150,28,16,184,0,3,Stanford,13,40,147,25,12,125,2,0,H,8,7,4,3,3,4,59,-2,3
739,10/13/2012,Ohio,34,53,252,28,14,189,0,0,Akron,28,33,158,53,32,298,2,0,H,18,6,20,94,-25,-18,-109,-2,0
740,10/13/2012,Ohio State,52,54,353,25,14,225,1,0,Indiana,49,24,129,54,28,352,0,0,V,18.5,3,30,224,-29,-14,-127,1,0
741,10/13/2012,Oklahoma,63,51,343,39,22,334,1,0,Texas,21,23,74,37,18,215,2,1,N,3,42,28,269,2,4,119,-1,-1
742,10/13/2012,Oklahoma State,20,44,116,29,18,255,1,0,Kansas,14,49,187,32,15,211,0,0,V,26.5,6,-5,-71,-3,3,44,1,0
743,10/13/2012,Oregon State,42,31,124,32,20,332,0,0,Brigham Young,24,33,81,52,29,315,3,0,V,-6,18,-2,43,-20,-9,17,-3,0
744,10/13/2012,Pittsburgh,35,34,93,37,28,287,0,0,Louisville,45,31,156,27,17,304,0,0,H,-2,-10,3,-63,10,11,-17,0,0
745,10/13/2012,Purdue,14,28,128,31,11,129,1,0,Wisconsin,38,57,467,21,12,178,1,0,H,-1.5,-24,-29,-339,10,-1,-49,0,0
746,10/13/2012,Rice,34,58,301,23,13,182,1,0,Texas-San Antonio,14,26,95,29,13,144,0,0,H,2.5,20,32,206,-6,0,38,1,0
747,10/13/2012,Rutgers,23,36,85,23,14,152,0,0,Syracuse,15,32,62,42,25,356,2,2,H,7,8,4,23,-19,-11,-204,-2,-2
748,10/13/2012,S-M-U,26,38,196,51,25,275,1,0,Tulane,27,16,40,32,17,302,0,1,V,18,-1,22,156,19,8,-27,1,-1
749,10/13/2012,San Diego State,38,38,218,22,16,181,0,1,Colorado State,14,40,121,35,24,214,2,1,H,22.5,24,-2,97,-13,-8,-33,-2,0
750,10/13/2012,San Jose State,27,41,4,51,38,467,0,1,Utah State,49,24,212,35,26,273,0,1,H,3,-22,17,-208,16,12,194,0,0
751,10/13/2012,South Alabama,29,50,132,38,24,241,1,0,Arkansas State,36,37,113,22,17,203,0,3,V,-20.5,-7,13,19,16,7,38,1,-3
752,10/13/2012,South Carolina,21,25,34,35,19,177,2,0,Louisiana State,23,53,258,25,12,148,1,0,V,-3,-2,-28,-224,10,7,29,1,0
753,10/13/2012,Southern Cal,24,40,204,20,10,167,1,0,Washington,14,30,101,28,20,198,2,2,V,14,10,10,103,-8,-10,-31,-1,-2
754,10/13/2012,Southern Miss,31,36,194,27,14,165,2,0,U-C-F,38,42,182,40,27,272,0,0,V,-16.5,-7,-6,12,-13,-13,-107,2,0
755,10/13/2012,Stanford,13,40,142,25,12,120,2,0,Notre Dame,20,44,150,28,16,169,0,3,V,-8,-7,-4,-8,-3,-4,-49,2,-3
756,10/13/2012,Syracuse,15,32,62,42,25,356,2,2,Rutgers,23,36,85,23,14,152,0,0,V,-7,-8,-4,-23,19,11,204,2,2
757,10/13/2012,Temple,17,49,202,26,13,132,1,1,Connecticut,14,41,88,39,22,293,0,1,V,-5,3,8,114,-13,-9,-161,1,0
758,10/13/2012,Tennessee,31,34,213,24,13,148,1,1,Mississippi State,41,41,142,39,25,308,0,0,V,-3,-10,-7,71,-15,-12,-160,1,1
759,10/13/2012,Texas,21,23,74,37,18,215,2,1,Oklahoma,63,51,343,39,22,334,1,0,N,-3,-42,-28,-269,-2,-4,-119,1,1
760,10/13/2012,Texas A+M,59,46,283,40,24,395,1,1,Louisiana Tech,57,42,165,59,44,450,0,0,V,9.5,2,4,118,-19,-20,-55,1,1
761,10/13/2012,Texas Christian,49,57,248,30,22,261,0,0,Baylor,21,32,106,23,15,326,4,2,V,-6.5,28,25,142,7,7,-65,-4,-2
762,10/13/2012,Texas State,38,47,337,19,14,182,0,0,Idaho,7,24,104,34,19,211,2,1,H,2,31,23,233,-15,-5,-29,-2,-1
763,10/13/2012,Texas Tech,49,29,168,43,33,508,1,1,West Virginia,14,36,133,55,29,275,0,0,H,-3,35,-7,35,-12,4,233,1,1
764,10/13/2012,Texas-San Antonio,14,26,95,29,13,144,0,0,Rice,34,58,301,23,13,182,1,0,V,-2.5,-20,-32,-206,6,0,-38,-1,0
765,10/13/2012,Toledo,52,38,258,32,20,397,2,0,Eastern Michigan,47,41,323,29,18,311,1,0,V,14.5,5,-3,-65,3,2,86,1,0
766,10/13/2012,Tulane,27,16,40,32,17,302,0,1,S-M-U,26,38,196,51,25,275,1,0,H,-18,1,-22,-156,-19,-8,27,-1,1
767,10/13/2012,U-A-B,17,27,35,49,23,339,1,1,Houston,39,49,186,46,34,380,0,1,V,-12.5,-22,-22,-151,3,-11,-41,1,0
768,10/13/2012,U-C-F,38,42,182,40,27,272,0,0,Southern Miss,31,36,194,27,14,165,2,0,H,16.5,7,6,-12,13,13,107,-2,0
769,10/13/2012,U.C.L.A.,21,47,170,22,16,193,0,1,Utah,14,30,80,35,25,244,1,0,H,10,7,17,90,-13,-9,-51,-1,1
770,10/13/2012,UL-Monroe,35,32,194,24,10,147,0,0,Florida Atlantic,14,37,46,39,26,261,0,1,H,23.5,21,-5,148,-15,-16,-114,0,-1
771,10/13/2012,Utah,14,27,75,35,25,244,1,0,U.C.L.A.,21,47,171,21,15,183,0,1,V,-10,-7,-20,-96,14,10,61,1,-1
772,10/13/2012,Utah State,49,24,212,35,26,273,0,1,San Jose State,27,41,4,51,38,467,0,1,V,-3,22,-17,208,-16,-12,-194,0,0
773,10/13/2012,Vanderbilt,17,47,126,31,17,237,0,1,Florida,31,35,326,20,11,77,0,0,H,-10,-14,12,-200,11,6,160,0,1
774,10/13/2012,Virginia,20,42,168,39,18,218,1,1,Maryland,27,29,-2,26,14,237,0,1,H,2,-7,13,170,13,4,-19,1,0
775,10/13/2012,Virginia Tech,41,39,269,23,14,256,1,0,Duke,20,29,22,42,25,307,2,2,H,9,21,10,247,-19,-11,-51,-1,-2
776,10/13/2012,Washington,14,30,101,28,20,198,2,2,Southern Cal,24,40,204,20,10,167,1,0,H,-14,-10,-10,-103,8,10,31,1,2
777,10/13/2012,Washington State,17,18,36,63,34,384,2,0,California,31,50,318,23,14,189,2,0,H,-7,-14,-32,-282,40,20,195,0,0
778,10/13/2012,West Virginia,14,36,133,55,29,275,0,0,Texas Tech,49,29,168,43,33,508,1,1,V,3,-35,7,-35,12,-4,-233,-1,-1
779,10/13/2012,Western Michigan,24,38,222,31,16,202,2,0,Ball State,30,45,168,43,27,265,1,2,V,-2.5,-6,-7,54,-12,-11,-63,1,-2
780,10/13/2012,Wisconsin,38,57,467,21,12,178,1,0,Purdue,14,28,128,31,11,124,1,0,V,1.5,24,29,339,-10,1,54,0,0
781,10/13/2012,Wyoming,27,44,252,37,23,195,0,1,Air Force,28,51,230,10,7,141,0,1,H,-6.5,-1,-7,22,27,16,54,0,0
782,10/16/2012,North Texas,30,52,242,28,17,282,0,0,UL-Lafayette,23,19,106,41,26,265,1,1,H,-5,7,33,136,-13,-9,17,-1,-1
783,10/16/2012,UL-Lafayette,23,19,106,41,26,265,1,1,North Texas,30,52,242,28,17,282,0,0,V,5,-7,-33,-136,13,9,-17,1,1
784,10/18/2012,Arizona State,21,47,192,37,20,216,4,0,Oregon,43,60,406,19,11,48,1,1,H,-8.5,-22,-13,-214,18,9,168,3,-1
785,10/18/2012,Houston,42,33,115,65,34,445,6,3,S-M-U,72,26,119,38,23,265,2,0,V,4,-30,7,-4,27,11,180,4,3
786,10/18/2012,Oregon,43,60,406,19,11,48,1,1,Arizona State,21,47,192,37,20,216,4,0,V,8.5,22,13,214,-18,-9,-168,-3,1
787,10/18/2012,S-M-U,72,26,119,38,23,265,2,0,Houston,42,33,115,65,34,445,6,3,H,-4,30,-7,4,-27,-11,-180,-4,-3
788,10/19/2012,Connecticut,10,18,-6,41,23,296,1,1,Syracuse,40,53,251,20,14,251,0,0,V,-5,-30,-35,-257,21,9,45,1,1
789,10/19/2012,Syracuse,40,53,251,20,14,256,0,0,Connecticut,10,18,-6,41,23,301,1,1,H,5,30,35,257,-21,-9,-45,-1,-1
790,10/20/2012,Air Force,28,51,291,7,5,75,1,2,New Mexico,23,59,409,11,6,34,1,0,H,10.5,5,-8,-118,-4,-1,41,0,2
791,10/20/2012,Akron,7,37,42,29,15,157,1,2,Northern Illinois,37,50,305,33,20,223,0,1,H,-17,-30,-13,-263,-4,-5,-66,1,1
792,10/20/2012,Alabama,44,45,233,22,17,306,0,1,Tennessee,13,27,79,31,16,203,2,0,V,20,31,18,154,-9,1,103,-2,1
793,10/20/2012,Arizona,52,49,277,22,14,256,1,1,Washington,17,29,124,52,29,256,2,1,H,7.5,35,20,153,-30,-15,0,-1,0
794,10/20/2012,Army,38,52,413,11,3,65,0,2,Eastern Michigan,48,47,208,31,19,369,1,0,V,2,-10,5,205,-20,-16,-304,-1,2
795,10/20/2012,Auburn,13,33,103,21,15,109,0,0,Vanderbilt,17,45,209,26,15,173,0,3,V,-6.5,-4,-12,-106,-5,0,-64,0,-3
796,10/20/2012,Ball State,41,51,233,30,23,231,1,1,Central Michigan,30,26,107,38,23,339,1,1,V,3,11,25,126,-8,0,-108,0,0
797,10/20/2012,Baylor,50,44,255,41,30,352,1,1,Texas,56,44,251,31,19,274,0,0,V,-8.5,-6,0,4,10,11,78,1,1
798,10/20/2012,Boise State,32,36,137,32,24,257,1,2,Nevada-Las Vegas,7,42,139,31,14,71,2,1,H,28,25,-6,-2,1,10,186,-1,1
799,10/20/2012,Boston College,17,16,32,31,19,264,1,1,Georgia Tech,37,76,391,15,6,172,0,0,V,-14.5,-20,-60,-359,16,13,92,1,1
800,10/20/2012,Bowling Green,24,37,94,36,21,188,1,0,Massachusetts,0,26,85,34,13,33,4,0,V,19.5,24,11,9,2,8,155,-3,0
801,10/20/2012,Brigham Young,14,25,66,36,23,177,2,0,Notre Dame,17,43,270,17,8,119,1,0,V,-12.5,-3,-18,-204,19,15,58,1,0
802,10/20/2012,Buffalo,6,39,169,42,23,165,1,0,Pittsburgh,20,42,126,17,9,128,0,0,H,-9.55,-14,-3,43,25,14,37,1,0
803,10/20/2012,California,3,28,3,31,19,214,1,2,Stanford,21,46,252,32,16,223,1,1,H,-2.5,-18,-18,-249,-1,3,-9,0,1
804,10/20/2012,Central Michigan,30,26,107,38,23,339,1,1,Ball State,41,51,233,30,23,231,1,1,H,-3,-11,-25,-126,8,0,108,0,0
805,10/20/2012,Cincinnati,23,35,251,37,15,227,2,0,Toledo,29,43,229,24,13,126,0,1,V,5.5,-6,-8,22,13,2,101,2,-1
806,10/20/2012,Clemson,38,45,135,21,12,160,1,0,Virginia Tech,17,49,199,29,15,207,3,1,H,7.5,21,-4,-64,-8,-3,-47,-2,-1
807,10/20/2012,Colorado,6,42,103,43,23,248,3,3,Southern Cal,50,23,118,25,23,340,0,2,V,-39.5,-44,19,-15,18,0,-92,3,1
808,10/20/2012,Duke,33,53,234,36,23,276,1,0,North Carolina,30,38,177,33,20,237,0,2,H,-11,3,15,57,3,3,39,1,-2
809,10/20/2012,East Carolina,42,42,214,35,23,386,0,0,U-A-B,35,25,82,37,22,319,0,0,V,2.5,7,17,132,-2,1,67,0,0
810,10/20/2012,Eastern Michigan,48,47,208,31,19,369,1,0,Army,38,52,413,11,3,65,0,2,H,-2,10,-5,-205,20,16,304,1,-2
811,10/20/2012,Florida,44,48,89,17,12,94,0,0,South Carolina,11,26,36,40,17,155,1,3,H,3.5,33,22,53,-23,-5,-61,-1,-3
812,10/20/2012,Florida Atlantic,34,39,158,41,27,303,0,0,South Alabama,37,53,180,27,13,179,0,1,V,-4.5,-3,-14,-22,14,14,124,0,-1
813,10/20/2012,Florida Intl,37,38,112,29,18,316,1,2,Troy,38,41,187,45,29,245,1,1,V,-6.5,-1,-3,-75,-16,-11,71,0,1
814,10/20/2012,Florida State,33,41,218,31,21,229,0,2,Miami-Florida,20,21,29,44,26,229,1,1,V,21.5,13,20,189,-13,-5,0,-1,1
815,10/20/2012,Fresno State,42,32,126,48,32,268,0,2,Wyoming,14,30,83,44,20,170,2,0,H,16.5,28,2,43,4,12,98,-2,2
816,10/20/2012,Georgia,29,32,77,40,30,427,0,0,Kentucky,24,43,206,20,11,123,0,0,V,26,5,-11,-129,20,19,304,0,0
817,10/20/2012,Georgia Tech,37,76,391,15,6,172,0,0,Boston College,17,16,37,31,19,269,1,1,H,14.5,20,60,354,-16,-13,-97,-1,-1
818,10/20/2012,Idaho,28,23,47,36,21,257,2,2,Louisiana Tech,70,53,408,42,32,431,0,3,V,-30.5,-42,-30,-361,-6,-11,-174,2,-1
819,10/20/2012,Indiana,30,40,173,38,25,244,2,0,Navy,31,57,257,13,8,96,0,0,V,-2.5,-1,-17,-84,25,17,148,2,0
820,10/20/2012,Iowa,14,23,20,36,17,189,2,1,Penn State,38,52,215,38,26,289,0,2,H,1,-24,-29,-195,-2,-9,-100,2,-1
821,10/20/2012,Iowa State,10,22,101,48,23,240,1,1,Oklahoma State,31,42,210,47,32,415,0,2,V,-14,-21,-20,-109,1,-9,-175,1,-1
822,10/20/2012,Kansas,7,58,185,28,13,129,2,1,Oklahoma,52,18,93,33,21,304,0,1,V,-34,-45,40,92,-5,-8,-175,2,0
823,10/20/2012,Kansas State,55,39,146,23,20,333,0,0,West Virginia,14,27,88,35,23,155,2,0,V,-2.5,41,12,58,-12,-3,178,-2,0
824,10/20/2012,Kent State,41,31,181,33,18,203,1,1,Western Michigan,24,36,143,57,30,333,3,3,H,3.5,17,-5,38,-24,-12,-130,-2,-2
825,10/20/2012,Kentucky,24,43,206,20,11,123,0,0,Georgia,29,32,77,40,30,427,0,-1,H,-26,-5,11,129,-20,-19,-304,0,1
826,10/20/2012,Louisiana State,24,45,219,29,11,97,0,0,Texas A+M,19,38,134,56,29,276,3,2,V,4,5,7,85,-27,-18,-179,-3,-2
827,10/20/2012,Louisiana Tech,70,53,408,42,32,431,0,3,Idaho,28,23,47,36,21,257,2,2,H,30.5,42,30,361,6,11,174,-2,1
828,10/20/2012,Louisville,27,33,128,25,21,256,0,1,South Florida,25,44,197,38,21,189,1,1,H,6,2,-11,-69,-13,0,67,-1,0
829,10/20/2012,Marshall,59,42,275,43,32,354,1,0,Southern Miss,24,44,216,33,17,115,1,2,V,-4,35,-2,59,10,15,239,0,-2
830,10/20/2012,Maryland,18,54,206,27,17,256,1,1,No Carolina State,20,26,40,47,23,307,0,0,H,-4,-2,28,166,-20,-6,-51,1,1
831,10/20/2012,Massachusetts,0,26,85,34,13,33,4,0,Bowling Green,24,37,94,36,21,188,1,0,H,-19.5,-24,-11,-9,-2,-8,-155,3,0
832,10/20/2012,Memphis,17,45,240,28,20,121,1,2,U-C-F,35,34,229,26,15,122,0,1,H,-22.5,-18,11,11,2,5,-1,1,1
833,10/20/2012,Miami-Florida,20,21,34,44,26,234,1,1,Florida State,33,41,218,31,21,229,0,2,H,-21.5,-13,-20,-184,13,5,5,1,-1
834,10/20/2012,Michigan,12,32,163,30,14,163,1,0,Michigan State,10,31,112,34,21,192,1,0,H,8.5,2,1,51,-4,-7,-29,0,0
835,10/20/2012,Michigan State,10,31,112,34,21,192,1,0,Michigan,12,32,163,30,14,163,1,0,V,-8.5,-2,-1,-51,4,7,29,0,0
836,10/20/2012,Middle Tennessee,3,41,131,32,20,174,2,1,Mississippi State,45,33,231,26,20,215,0,1,V,-17,-42,8,-100,6,0,-41,2,0
837,10/20/2012,Minnesota,13,30,96,24,13,149,2,0,Wisconsin,38,54,337,15,7,106,0,0,V,-17.5,-25,-24,-241,9,6,43,2,0
838,10/20/2012,Mississippi State,45,33,230,26,20,215,0,0,Middle Tennessee,3,41,131,32,20,174,2,2,H,17,42,-8,99,-6,0,41,-2,-2
839,10/20/2012,Navy,31,57,257,13,8,96,0,0,Indiana,30,40,173,38,25,244,2,0,H,2.5,1,17,84,-25,-17,-148,-2,0
840,10/20/2012,Nebraska,29,44,201,39,27,342,0,3,Northwestern,28,38,180,37,16,121,0,0,V,6.5,1,6,21,2,11,221,0,3
841,10/20/2012,Nevada-Las Vegas,7,42,139,31,14,71,2,1,Boise State,32,36,137,32,24,257,1,2,V,-28,-25,6,2,-1,-10,-186,1,-1
842,10/20/2012,Nevada-Reno,38,48,176,40,29,304,0,0,San Diego State,39,45,152,28,17,197,0,0,H,7,-1,3,24,12,12,107,0,0
843,10/20/2012,New Mexico,23,60,413,11,6,34,1,0,Air Force,28,51,291,7,5,75,1,2,V,-10.5,-5,9,122,4,1,-41,0,-2
844,10/20/2012,New Mexico State,7,34,132,38,20,189,1,1,Utah State,41,36,256,27,17,260,0,0,V,-31,-34,-2,-124,11,3,-71,1,1
845,10/20/2012,No Carolina State,20,26,40,47,23,307,0,0,Maryland,18,54,206,27,17,256,1,1,V,4,2,-28,-166,20,6,51,-1,-1
846,10/20/2012,North Carolina,30,38,177,33,20,237,0,2,Duke,33,53,234,36,23,276,1,0,V,11,-3,-15,-57,-3,-3,-39,-1,2
847,10/20/2012,Northern Illinois,37,50,305,33,20,223,0,1,Akron,7,37,42,29,15,157,1,2,V,17,30,13,263,4,5,66,-1,-1
848,10/20/2012,Northwestern,28,38,180,37,16,121,0,0,Nebraska,29,44,201,39,27,342,0,3,H,-6.5,-1,-6,-21,-2,-11,-221,0,-3
849,10/20/2012,Notre Dame,17,43,270,17,8,119,1,0,Brigham Young,14,25,66,36,23,177,2,0,H,12.5,3,18,204,-19,-15,-58,-1,0
850,10/20/2012,Ohio State,29,36,152,32,15,190,2,2,Purdue,22,39,117,30,19,230,1,0,H,18,7,-3,35,2,-4,-40,1,2
851,10/20/2012,Oklahoma,52,18,93,33,21,304,0,1,Kansas,7,58,185,28,13,129,2,1,H,34,45,-40,-92,5,8,175,-2,0
852,10/20/2012,Oklahoma State,31,42,210,47,32,415,0,2,Iowa State,10,22,101,48,23,240,1,1,H,14,21,20,109,-1,9,175,-1,1
853,10/20/2012,Oregon State,21,28,52,26,16,174,0,0,Utah,7,45,135,28,15,172,2,2,H,10,14,-17,-83,-2,1,2,-2,-2
854,10/20/2012,Penn State,38,52,215,38,26,289,0,2,Iowa,14,23,20,36,17,189,2,1,V,-1,24,29,195,2,9,100,-2,1
855,10/20/2012,Pittsburgh,20,42,126,17,9,128,0,0,Buffalo,6,39,169,42,23,165,1,0,V,9.55,14,3,-43,-25,-14,-37,-1,0
856,10/20/2012,Purdue,22,39,117,30,19,230,1,0,Ohio State,29,36,152,32,15,190,2,2,V,-18,-7,3,-35,-2,4,40,-1,-2
857,10/20/2012,Rice,24,52,246,35,15,147,1,1,Tulsa,28,43,235,23,8,201,1,0,V,-21,-4,9,11,12,7,-54,0,1
858,10/20/2012,Rutgers,35,30,139,27,17,237,1,1,Temple,10,42,119,17,8,77,1,2,V,3.5,25,-12,20,10,9,160,0,-1
859,10/20/2012,San Diego State,39,45,152,28,17,197,0,0,Nevada-Reno,38,48,176,40,29,304,0,0,V,-7,1,-3,-24,-12,-12,-107,0,0
860,10/20/2012,San Jose State,52,32,91,27,18,283,0,3,Texas-San Antonio,24,38,110,32,20,302,1,5,V,11,28,-6,-19,-5,-2,-19,-1,-2
861,10/20/2012,South Alabama,37,53,180,27,13,179,0,1,Florida Atlantic,34,39,158,41,27,303,0,0,H,4.5,3,14,22,-14,-14,-124,0,1
862,10/20/2012,South Carolina,11,26,36,40,17,155,1,3,Florida,44,48,89,17,12,94,0,0,V,-3.5,-33,-22,-53,23,5,61,1,3
863,10/20/2012,South Florida,25,44,197,38,21,189,1,1,Louisville,27,33,128,25,21,256,0,1,V,-6,-2,11,69,13,0,-67,1,0
864,10/20/2012,Southern Cal,50,23,118,25,23,340,0,2,Colorado,6,42,103,43,23,248,3,3,H,39.5,44,-19,15,-18,0,92,-3,-1
865,10/20/2012,Southern Miss,24,44,216,33,17,115,1,2,Marshall,59,42,275,43,32,354,1,0,H,4,-35,2,-59,-10,-15,-239,0,2
866,10/20/2012,Stanford,21,46,252,32,17,223,1,1,California,3,28,3,31,19,214,1,2,V,2.5,18,18,249,1,-2,9,0,-1
867,10/20/2012,Temple,10,42,119,17,8,72,1,2,Rutgers,35,30,139,27,17,232,1,1,H,-3.5,-25,12,-20,-10,-9,-160,0,1
868,10/20/2012,Tennessee,13,27,79,31,16,203,2,1,Alabama,44,45,232,22,17,306,0,1,H,-20,-31,-18,-153,9,-1,-103,2,0
869,10/20/2012,Texas,56,44,251,31,19,274,0,0,Baylor,50,44,255,41,30,352,1,1,H,8.5,6,0,-4,-10,-11,-78,-1,-1
870,10/20/2012,Texas A+M,19,38,134,56,29,276,3,2,Louisiana State,24,45,219,29,11,97,0,0,H,-4,-5,-7,-85,27,18,179,3,2
871,10/20/2012,Texas Christian,53,42,184,47,26,332,2,1,Texas Tech,56,27,71,42,30,318,0,0,H,1,-3,15,113,5,-4,14,2,1
872,10/20/2012,Texas Tech,56,27,71,42,30,318,0,0,Texas Christian,53,42,184,47,26,332,2,1,V,-1,3,-15,-113,-5,4,-14,-2,-1
873,10/20/2012,Texas-San Antonio,24,38,110,32,20,302,1,5,San Jose State,52,32,91,27,18,283,0,3,H,-11,-28,6,19,5,2,19,1,2
874,10/20/2012,Toledo,29,43,229,24,13,126,0,1,Cincinnati,23,35,251,37,15,227,2,0,H,-5.5,6,8,-22,-13,-2,-101,-2,1
875,10/20/2012,Troy,38,41,187,45,29,245,1,1,Florida Intl,37,38,112,29,18,316,1,2,H,6.5,1,3,75,16,11,-71,0,-1
876,10/20/2012,Tulane,20,24,77,44,28,363,0,1,UTEP,24,40,217,30,20,228,0,1,V,-16,-4,-16,-140,14,8,135,0,0
877,10/20/2012,Tulsa,28,43,235,23,8,201,1,0,Rice,24,52,246,35,15,147,1,1,H,21,4,-9,-11,-12,-7,54,0,-1
878,10/20/2012,U-A-B,35,25,82,37,22,319,0,0,East Carolina,42,42,214,35,23,386,0,0,H,-2.5,-7,-17,-132,2,-1,-67,0,0
879,10/20/2012,U-C-F,35,34,229,26,15,122,0,1,Memphis,17,45,240,28,20,121,1,2,V,22.5,18,-11,-11,-2,-5,1,-1,-1
880,10/20/2012,UL-Monroe,43,22,77,42,22,308,2,0,Western Kentucky,42,45,141,32,25,308,1,1,V,-2.5,1,-23,-64,10,-3,0,1,-1
881,10/20/2012,UTEP,24,40,217,30,20,228,0,1,Tulane,20,24,77,44,28,363,0,1,H,16,4,16,140,-14,-8,-135,0,0
882,10/20/2012,Utah,7,45,135,28,15,172,2,2,Oregon State,21,28,52,26,16,174,0,0,V,-10,-14,17,83,2,-1,-2,2,2
883,10/20/2012,Utah State,41,36,256,27,17,260,0,0,New Mexico State,7,34,132,38,20,189,1,1,H,31,34,2,124,-11,-3,71,-1,-1
884,10/20/2012,Vanderbilt,17,45,209,26,15,173,0,3,Auburn,13,33,103,21,15,109,0,0,H,6.5,4,12,106,5,0,64,0,3
885,10/20/2012,Virginia,10,32,48,39,22,253,1,2,Wake Forest,16,41,105,21,8,108,0,0,H,3,-6,-9,-57,18,14,145,1,2
886,10/20/2012,Virginia Tech,17,49,199,29,15,207,3,1,Clemson,38,45,135,21,12,160,1,0,V,-7.5,-21,4,64,8,3,47,2,1
887,10/20/2012,Wake Forest,16,41,105,21,8,108,0,0,Virginia,10,32,48,39,22,253,1,2,V,-3,6,9,57,-18,-14,-145,-1,-2
888,10/20/2012,Washington,17,29,124,52,29,256,2,1,Arizona,52,49,277,22,14,256,1,1,V,-7.5,-35,-20,-153,30,15,0,1,0
889,10/20/2012,West Virginia,14,27,88,35,23,155,2,0,Kansas State,55,39,146,23,20,333,0,0,H,2.5,-41,-12,-58,12,3,-178,2,0
890,10/20/2012,Western Kentucky,42,45,141,32,25,308,1,1,UL-Monroe,43,22,77,42,22,308,2,0,H,2.5,-1,23,64,-10,3,0,-1,1
891,10/20/2012,Western Michigan,24,36,143,57,30,333,3,3,Kent State,41,31,181,33,18,203,1,1,V,-3.5,-17,5,-38,24,12,130,2,2
892,10/20/2012,Wisconsin,38,54,337,15,7,106,0,0,Minnesota,13,30,96,24,13,149,2,0,H,17.5,25,24,241,-9,-6,-43,-2,0
893,10/20/2012,Wyoming,14,30,83,44,20,170,2,0,Fresno State,42,32,126,48,32,268,0,2,V,-16.5,-28,-2,-43,-4,-12,-98,2,-2
894,10/23/2012,Arkansas State,50,50,257,31,21,269,0,0,UL-Lafayette,27,23,76,41,28,374,3,2,V,-3.5,23,27,181,-10,-7,-105,-3,-2
895,10/23/2012,UL-Lafayette,27,23,76,41,28,374,3,2,Arkansas State,50,50,257,31,21,269,0,0,H,3.5,-23,-27,-181,10,7,105,3,2
896,10/25/2012,Clemson,42,45,101,40,29,433,0,0,Wake Forest,13,28,51,45,28,239,0,1,V,11,29,17,50,-5,1,194,0,-1
897,10/25/2012,Wake Forest,13,28,51,45,28,239,0,1,Clemson,42,45,101,40,29,433,0,0,H,-11,-29,-17,-50,5,-1,-194,0,1
898,10/26/2012,Air Force,48,82,461,7,6,139,0,2,Nevada-Reno,31,40,169,27,15,211,1,0,H,-3.5,17,42,292,-20,-9,-72,-1,2
899,10/26/2012,Cincinnati,31,41,196,28,13,157,3,0,Louisville,34,37,108,41,24,416,1,0,V,-3.5,-3,4,88,-13,-11,-259,2,0
900,10/26/2012,Louisville,34,37,108,41,24,416,1,0,Cincinnati,31,41,196,28,13,157,3,0,H,3.5,3,-4,-88,13,11,259,-2,0
901,10/26/2012,Nevada-Reno,31,40,169,27,15,211,1,0,Air Force,48,82,461,7,6,139,0,2,V,3.5,-17,-42,-292,20,9,72,1,-2
902,10/27/2012,Akron,14,29,140,53,33,352,2,0,Central Michigan,35,44,264,25,15,180,0,0,V,-7.5,-21,-15,-124,28,18,172,2,0
903,10/27/2012,Alabama,38,40,179,24,17,235,0,0,Mississippi State,7,21,47,36,19,209,1,2,H,21.5,31,19,132,-12,-2,26,-1,-2
904,10/27/2012,Arizona,39,43,219,51,27,369,1,0,Southern Cal,36,26,125,49,31,493,2,3,H,-6.5,3,17,94,2,-4,-124,-1,-3
905,10/27/2012,Arizona State,43,59,220,35,25,315,1,0,U.C.L.A.,45,47,212,31,19,274,1,1,H,6.5,-2,12,8,4,6,41,0,-1
906,10/27/2012,Arkansas,27,37,167,43,24,297,2,0,Mississippi,30,37,77,37,29,278,1,1,H,7,-3,0,90,6,-5,19,1,-1
907,10/27/2012,Army,22,62,341,6,3,38,0,1,Ball State,30,52,224,27,18,189,1,0,H,-3.5,-8,10,117,-21,-15,-151,-1,1
908,10/27/2012,Auburn,21,34,124,21,12,211,0,0,Texas A+M,63,48,352,33,24,319,0,0,H,-14.5,-42,-14,-228,-12,-12,-108,0,0
909,10/27/2012,Ball State,30,52,224,27,18,189,1,0,Army,22,62,341,6,3,38,0,1,V,3.5,8,-10,-117,21,15,151,1,-1
910,10/27/2012,Baylor,21,30,115,51,31,426,1,3,Iowa State,35,48,176,54,36,381,1,1,V,-2.5,-14,-18,-61,-3,-5,45,0,2
911,10/27/2012,Boise State,45,36,214,32,23,223,1,0,Wyoming,14,32,54,36,24,216,0,1,V,16.5,31,4,160,-4,-1,7,1,-1
912,10/27/2012,Boston College,20,27,8,39,21,287,0,2,Maryland,17,32,97,42,23,240,3,0,H,2.5,3,-5,-89,-3,-2,47,-3,2
913,10/27/2012,Bowling Green,24,41,225,21,10,131,0,0,Eastern Michigan,3,27,64,24,11,114,1,2,H,14,21,14,161,-3,-1,17,-1,-2
914,10/27/2012,Brigham Young,41,46,183,29,20,228,1,0,Georgia Tech,17,35,117,12,4,40,1,0,V,-2.5,24,11,66,17,16,188,0,0
915,10/27/2012,Buffalo,20,39,170,28,11,202,0,2,Toledo,25,46,241,25,12,171,2,0,H,-7.5,-5,-7,-71,3,-1,31,-2,2
916,10/27/2012,California,27,28,153,32,20,288,1,2,Utah,49,45,188,24,16,156,1,0,V,-2.5,-22,-17,-35,8,4,132,0,2
917,10/27/2012,Central Michigan,35,44,264,25,15,180,0,0,Akron,14,29,140,53,33,352,2,0,H,7.5,21,15,124,-28,-18,-172,-2,0
918,10/27/2012,Colorado,14,33,150,27,14,95,0,2,Oregon,70,57,425,18,14,192,0,1,V,-47,-56,-24,-275,9,0,-97,0,1
919,10/27/2012,Colorado State,42,35,176,17,10,115,2,3,Hawaii,27,47,193,46,19,200,3,2,H,6.5,15,-12,-17,-29,-9,-85,-1,1
920,10/27/2012,Duke,7,33,103,37,16,129,0,0,Florida State,48,47,261,21,9,299,0,4,V,-27,-41,-14,-158,16,7,-170,0,-4
921,10/27/2012,East Carolina,28,33,144,29,19,194,1,1,Navy,56,69,512,5,3,51,1,0,H,3,-28,-36,-368,24,16,143,0,1
922,10/27/2012,Eastern Michigan,3,27,64,24,11,114,1,2,Bowling Green,24,41,225,21,10,131,0,0,V,-14,-21,-14,-161,3,1,-17,1,2
923,10/27/2012,Florida,9,41,81,28,15,185,2,4,Georgia,17,35,123,24,12,150,3,0,N,6.5,-8,6,-42,4,3,35,-1,4
924,10/27/2012,Florida Atlantic,34,40,160,40,26,261,0,1,Troy,27,36,164,35,17,217,1,0,H,-7,7,4,-4,5,9,44,-1,1
925,10/27/2012,Florida Intl,6,35,86,32,16,256,1,3,Western Kentucky,14,39,161,21,14,128,1,0,H,-6,-8,-4,-75,11,2,128,0,3
926,10/27/2012,Florida State,48,47,261,21,9,299,0,4,Duke,7,33,103,37,16,129,0,0,H,27,41,14,158,-16,-7,170,0,4
927,10/27/2012,Fresno State,49,34,184,44,31,416,1,0,New Mexico,32,51,339,15,4,45,1,1,V,15,17,-17,-155,29,27,371,0,-1
928,10/27/2012,Georgia,17,35,123,24,12,150,3,0,Florida,9,41,81,28,15,185,2,4,N,-6.5,8,-6,42,-4,-3,-35,1,-4
929,10/27/2012,Georgia Tech,17,35,117,12,4,40,1,0,Brigham Young,41,46,178,29,20,223,1,0,H,2.5,-24,-11,-61,-17,-16,-183,0,0
930,10/27/2012,Hawaii,27,47,193,46,19,200,3,2,Colorado State,42,35,176,17,10,115,2,3,V,-6.5,-15,12,17,29,9,85,1,-1
931,10/27/2012,Houston,45,36,165,30,16,174,0,2,UTEP,35,53,193,38,21,301,4,2,H,14.5,10,-17,-28,-8,-5,-127,-4,0
932,10/27/2012,Illinois,17,55,196,27,17,176,0,2,Indiana,31,42,121,22,14,171,1,0,H,2,-14,13,75,5,3,5,-1,2
933,10/27/2012,Indiana,31,42,121,22,14,171,1,0,Illinois,17,55,196,27,17,176,0,2,V,-2,14,-13,-75,-5,-3,-5,1,-2
934,10/27/2012,Iowa,17,40,122,38,24,214,0,0,Northwestern,28,49,349,10,7,84,1,1,V,-4.5,-11,-9,-227,28,17,130,-1,-1
935,10/27/2012,Iowa State,35,48,176,54,36,381,1,1,Baylor,21,30,115,51,31,426,1,3,H,2.5,14,18,61,3,5,-45,0,-2
936,10/27/2012,Kansas,17,56,234,9,3,34,0,1,Texas,21,35,211,24,14,140,2,0,H,-18.5,-4,21,23,-15,-11,-106,-2,1
937,10/27/2012,Kansas State,55,36,193,27,19,233,0,0,Texas Tech,24,27,111,50,35,331,1,2,H,7,31,9,82,-23,-16,-98,-1,-2
938,10/27/2012,Kent State,35,50,224,22,15,131,0,2,Rutgers,23,20,96,46,25,313,6,1,V,-13.5,12,30,128,-24,-10,-182,-6,1
939,10/27/2012,Kentucky,10,34,101,22,10,78,0,3,Missouri,33,47,186,27,16,87,2,1,V,-14,-23,-13,-85,-5,-6,-9,-2,2
940,10/27/2012,Louisiana Tech,28,46,238,44,29,292,0,0,New Mexico State,14,31,122,34,18,283,1,2,V,29,14,15,116,10,11,9,-1,-2
941,10/27/2012,Marshall,17,36,66,62,35,298,0,0,U-C-F,54,41,276,22,16,290,2,1,H,-2.5,-37,-5,-210,40,19,8,-2,-1
942,10/27/2012,Maryland,17,32,97,42,23,240,3,0,Boston College,20,27,8,39,21,287,0,2,V,-2.5,-3,5,89,3,2,-47,3,-2
943,10/27/2012,Massachusetts,7,32,54,41,23,210,2,1,Vanderbilt,49,37,226,22,17,217,0,2,V,-33,-42,-5,-172,19,6,-7,2,-1
944,10/27/2012,Memphis,13,31,117,17,8,85,0,2,S-M-U,44,34,134,35,25,353,0,1,V,-21.5,-31,-3,-17,-18,-17,-268,0,1
945,10/27/2012,Miami-Ohio,23,33,113,36,21,311,1,0,Ohio,20,43,162,39,23,302,0,0,H,-6.5,3,-10,-49,-3,-2,9,1,0
946,10/27/2012,Michigan,9,37,95,27,9,93,3,0,Nebraska,23,41,160,24,14,166,1,1,V,-1,-14,-4,-65,3,-5,-73,2,-1
947,10/27/2012,Michigan State,16,28,61,39,24,216,0,1,Wisconsin,13,37,19,22,14,171,0,0,V,-5,3,-9,42,17,10,45,0,1
948,10/27/2012,Middle Tennessee,38,37,139,30,20,349,0,0,North Texas,21,42,207,30,18,225,3,1,H,3.5,17,-5,-68,0,2,124,-3,-1
949,10/27/2012,Minnesota,44,41,212,22,15,246,0,0,Purdue,28,34,183,43,21,198,1,0,H,-2,16,7,29,-21,-6,48,-1,0
950,10/27/2012,Mississippi,30,37,77,37,29,278,1,1,Arkansas,27,37,167,43,24,297,2,0,V,-7,3,0,-90,-6,5,-19,-1,1
951,10/27/2012,Mississippi State,7,20,43,37,20,213,1,2,Alabama,38,40,179,24,17,235,0,-1,V,-21.5,-31,-20,-136,13,3,-22,1,3
952,10/27/2012,Missouri,33,47,186,27,16,87,2,1,Kentucky,10,34,101,22,10,78,0,3,H,14,23,13,85,5,6,9,2,-2
953,10/27/2012,Navy,56,69,512,5,3,51,1,0,East Carolina,28,33,144,29,19,194,1,1,V,-3,28,36,368,-24,-16,-143,0,-1
954,10/27/2012,Nebraska,23,41,160,24,14,166,1,1,Michigan,9,37,95,27,9,93,3,0,H,1,14,4,65,-3,5,73,-2,1
955,10/27/2012,Nevada-Las Vegas,13,30,141,29,17,159,0,0,San Diego State,24,54,275,26,13,231,1,2,V,-17.5,-11,-24,-134,3,4,-72,-1,-2
956,10/27/2012,New Mexico,32,51,349,15,4,45,1,1,Fresno State,49,34,184,44,31,416,1,0,H,-15,-17,17,165,-29,-27,-371,0,1
957,10/27/2012,New Mexico State,14,31,122,34,18,283,1,2,Louisiana Tech,28,46,233,44,29,292,0,0,H,-29,-14,-15,-111,-10,-11,-9,1,2
958,10/27/2012,No Carolina State,35,31,67,52,29,467,2,2,North Carolina,43,39,212,47,30,358,1,1,V,-7.5,-8,-8,-145,5,-1,109,1,1
959,10/27/2012,North Carolina,43,39,212,47,30,358,1,1,No Carolina State,35,31,67,52,29,467,2,2,H,7.5,8,8,145,-5,1,-109,-1,-1
960,10/27/2012,North Texas,21,43,211,29,17,221,3,1,Middle Tennessee,38,37,139,30,20,349,0,0,V,-3.5,-17,6,72,-1,-3,-128,3,1
961,10/27/2012,Northern Illinois,48,40,179,28,18,274,0,0,Western Michigan,34,38,156,51,32,333,1,0,V,7.5,14,2,23,-23,-14,-59,-1,0
962,10/27/2012,Northwestern,28,49,349,10,7,84,1,1,Iowa,17,40,122,38,24,214,0,0,H,4.5,11,9,227,-28,-17,-130,1,1
963,10/27/2012,Notre Dame,30,39,215,27,14,188,0,0,Oklahoma,13,24,15,52,36,364,1,0,V,-11.5,17,15,200,-25,-22,-176,-1,0
964,10/27/2012,Ohio,20,43,162,39,23,302,0,0,Miami-Ohio,23,33,113,36,21,311,1,0,V,6.5,-3,10,49,3,2,-9,-1,0
965,10/27/2012,Ohio State,35,53,234,19,7,143,1,0,Penn State,23,28,32,46,27,327,1,0,V,2,12,25,202,-27,-20,-184,0,0
966,10/27/2012,Oklahoma,13,24,15,53,37,373,1,0,Notre Dame,30,39,215,27,14,183,0,0,H,11.5,-17,-15,-200,26,23,190,1,0
967,10/27/2012,Oklahoma State,36,40,147,33,18,324,1,1,Texas Christian,14,27,121,44,24,223,2,1,H,6.5,22,13,26,-11,-6,101,-1,0
968,10/27/2012,Oregon,70,57,425,18,14,192,0,1,Colorado,14,33,150,27,14,95,0,2,H,47,56,24,275,-9,0,97,0,-1
969,10/27/2012,Oregon State,17,23,109,45,25,318,4,0,Washington,20,33,99,30,18,194,1,0,V,3.5,-3,-10,10,15,7,124,3,0
970,10/27/2012,Penn State,23,28,32,46,27,327,1,0,Ohio State,35,53,234,19,7,143,1,0,H,-2,-12,-25,-202,27,20,184,0,0
971,10/27/2012,Pittsburgh,47,36,207,28,20,321,0,0,Temple,17,40,129,28,18,195,0,2,H,7,30,-4,78,0,2,126,0,-2
972,10/27/2012,Purdue,28,34,183,43,21,198,1,0,Minnesota,44,41,212,22,15,246,0,0,V,2,-16,-7,-29,21,6,-48,1,0
973,10/27/2012,Rice,44,45,198,18,11,172,0,3,Southern Miss,17,49,116,31,14,256,3,2,H,3,27,-4,82,-13,-3,-84,-3,1
974,10/27/2012,Rutgers,23,20,96,46,25,308,6,1,Kent State,35,50,224,22,15,126,0,2,H,13.5,-12,-30,-128,24,10,182,6,-1
975,10/27/2012,S-M-U,44,34,134,35,25,353,0,1,Memphis,13,31,117,17,8,85,0,2,H,21.5,31,3,17,18,17,268,0,-1
976,10/27/2012,San Diego State,24,54,275,26,13,231,1,2,Nevada-Las Vegas,13,30,141,29,17,159,0,0,H,17.5,11,24,134,-3,-4,72,1,2
977,10/27/2012,San Jose State,31,38,195,38,26,376,2,1,Texas State,20,26,173,26,14,130,2,0,H,18,11,12,22,12,12,246,0,1
978,10/27/2012,South Alabama,24,28,149,41,21,211,1,0,UL-Monroe,38,42,170,35,23,250,1,0,V,-22.5,-14,-14,-21,6,-2,-39,0,0
979,10/27/2012,South Carolina,38,46,147,33,23,363,1,0,Tennessee,35,27,91,44,28,381,1,1,H,14,3,19,56,-11,-5,-18,0,-1
980,10/27/2012,South Florida,36,45,369,30,17,183,0,1,Syracuse,37,46,192,40,27,328,0,0,H,3,-1,-1,177,-10,-10,-145,0,1
981,10/27/2012,Southern Cal,36,26,125,49,31,493,2,3,Arizona,39,43,219,51,27,369,1,0,V,6.5,-3,-17,-94,-2,4,124,1,3
982,10/27/2012,Southern Miss,17,50,114,31,14,256,3,2,Rice,44,45,198,18,11,172,0,3,V,-3,-27,5,-84,13,3,84,3,-1
983,10/27/2012,Stanford,24,37,120,15,7,136,0,0,Washington State,17,23,-16,61,43,401,1,0,H,25,7,14,136,-46,-36,-265,-1,0
984,10/27/2012,Syracuse,37,46,192,40,27,323,0,0,South Florida,36,45,369,30,17,178,0,1,V,-3,1,1,-177,10,10,145,0,-1
985,10/27/2012,Temple,17,40,129,28,18,195,0,2,Pittsburgh,47,36,207,28,20,321,0,0,V,-7,-30,4,-78,0,-2,-126,0,2
986,10/27/2012,Tennessee,35,27,91,44,28,381,1,0,South Carolina,38,46,147,33,23,363,1,0,V,-14,-3,-19,-56,11,5,18,0,0
987,10/27/2012,Texas,21,35,211,23,13,131,2,0,Kansas,17,56,234,9,3,39,0,1,V,18.5,4,-21,-23,14,10,92,2,-1
988,10/27/2012,Texas A+M,63,48,352,33,24,319,0,0,Auburn,21,34,124,21,12,211,0,0,V,14.5,42,14,228,12,12,108,0,0
989,10/27/2012,Texas Christian,14,27,121,44,24,223,2,1,Oklahoma State,36,40,147,33,18,324,1,1,V,-6.5,-22,-13,-26,11,6,-101,1,0
990,10/27/2012,Texas State,20,26,173,26,14,130,2,0,San Jose State,31,38,195,38,26,376,2,1,V,-18,-11,-12,-22,-12,-12,-246,0,-1
991,10/27/2012,Texas Tech,24,27,111,50,35,331,1,2,Kansas State,55,35,190,28,20,236,0,0,V,-7,-31,-8,-79,22,15,95,1,2
992,10/27/2012,Texas-San Antonio,17,28,51,36,21,248,2,0,Utah State,48,37,128,42,32,394,1,1,H,-24,-31,-9,-77,-6,-11,-146,1,-1
993,10/27/2012,Toledo,25,46,241,25,12,171,2,0,Buffalo,20,39,170,28,11,202,0,2,V,7.5,5,7,71,-3,1,-31,2,-2
994,10/27/2012,Troy,27,36,164,35,17,217,1,0,Florida Atlantic,34,40,160,40,26,261,0,1,V,7,-7,-4,4,-5,-9,-44,1,-1
995,10/27/2012,Tulane,55,37,153,42,34,466,1,2,U-A-B,45,28,213,53,26,409,3,1,H,-5,10,9,-60,-11,8,57,-2,1
996,10/27/2012,U-A-B,45,28,213,53,26,409,3,1,Tulane,55,37,153,42,34,466,1,2,V,5,-10,-9,60,11,-8,-57,2,-1
997,10/27/2012,U-C-F,54,40,278,22,16,290,2,1,Marshall,17,36,66,62,35,298,0,0,V,2.5,37,4,212,-40,-19,-8,2,1
998,10/27/2012,U.C.L.A.,45,47,212,31,19,274,1,1,Arizona State,43,59,220,35,25,315,1,0,V,-6.5,2,-12,-8,-4,-6,-41,0,1
999,10/27/2012,UL-Monroe,38,42,170,35,23,250,1,0,South Alabama,24,28,149,41,21,211,1,0,H,22.5,14,14,21,-6,2,39,0,0
1000,10/27/2012,UTEP,35,53,193,38,21,301,4,2,Houston,45,36,165,30,16,174,0,2,V,-14.5,-10,17,28,8,5,127,4,0
1001,10/27/2012,Utah,49,45,188,24,16,156,1,0,California,27,28,153,32,20,288,1,2,H,2.5,22,17,35,-8,-4,-132,0,-2
1002,10/27/2012,Utah State,48,37,128,42,32,394,1,1,Texas-San Antonio,17,28,51,36,21,248,2,0,V,24,31,9,77,6,11,146,-1,1
1003,10/27/2012,Vanderbilt,49,37,226,22,17,217,0,2,Massachusetts,7,32,54,41,23,210,2,1,H,33,42,5,172,-19,-6,7,-2,1
1004,10/27/2012,Washington,20,33,99,30,18,194,1,0,Oregon State,17,23,109,45,25,318,4,0,H,-3.5,3,10,-10,-15,-7,-124,-3,0
1005,10/27/2012,Washington State,17,23,-16,61,43,401,1,0,Stanford,24,37,120,15,7,136,0,0,V,-25,-7,-14,-136,46,36,265,1,0
1006,10/27/2012,Western Kentucky,14,39,161,21,14,128,1,0,Florida Intl,6,35,86,32,16,256,1,3,V,6,8,4,75,-11,-2,-128,0,-3
1007,10/27/2012,Western Michigan,34,38,156,51,32,333,1,0,Northern Illinois,48,40,179,28,18,274,0,0,H,-7.5,-14,-2,-23,23,14,59,1,0
1008,10/27/2012,Wisconsin,13,37,19,22,14,171,0,0,Michigan State,16,28,61,39,24,216,0,1,H,5,-3,9,-42,-17,-10,-45,0,-1
1009,10/27/2012,Wyoming,14,32,44,36,24,216,0,1,Boise State,45,36,214,32,23,223,1,0,H,-16.5,-31,-4,-170,4,1,-7,-1,1
1010,11/01/2012,Eastern Michigan,14,52,167,21,9,138,1,0,Ohio,45,42,304,28,19,255,1,1,V,-16,-31,10,-137,-7,-10,-117,0,-1
1011,11/01/2012,Miami-Florida,30,28,157,30,14,190,0,0,Virginia Tech,12,45,222,37,19,199,2,1,H,-1.5,18,-17,-65,-7,-5,-9,-2,-1
1012,11/01/2012,Middle Tennessee,34,50,224,17,11,118,0,0,Western Kentucky,29,32,155,31,19,283,1,1,V,-9.5,5,18,69,-14,-8,-165,-1,-1
1013,11/01/2012,Ohio,45,42,304,28,19,255,1,1,Eastern Michigan,14,52,167,21,9,138,1,0,H,16,31,-10,137,7,10,117,0,1
1014,11/01/2012,Virginia Tech,12,45,222,37,19,199,2,1,Miami-Florida,30,28,157,30,14,190,0,0,V,1.5,-18,17,65,7,5,9,2,1
1015,11/01/2012,Western Kentucky,29,32,155,31,19,283,1,1,Middle Tennessee,34,50,224,17,11,118,0,0,H,9.5,-5,-18,-69,14,8,165,1,1
1016,11/02/2012,California,13,42,249,36,17,201,1,3,Washington,21,39,174,29,16,237,1,3,H,4,-8,3,75,7,1,-36,0,0
1017,11/02/2012,Washington,21,39,174,29,16,237,1,3,California,13,42,249,36,17,201,1,3,V,-4,8,-3,-75,-7,-1,36,0,0
1018,11/03/2012,Air Force,21,43,103,29,17,235,3,2,Army,41,76,314,6,4,100,0,0,V,7,-20,-33,-211,23,13,135,3,2
1019,11/03/2012,Akron,24,32,130,42,30,312,0,1,Kent State,35,40,261,19,14,103,0,0,V,-19,-11,-8,-131,23,16,209,0,1
1020,11/03/2012,Alabama,21,25,166,27,14,165,0,2,Louisiana State,17,49,139,36,25,296,0,0,V,8,4,-24,27,-9,-11,-131,0,2
1021,11/03/2012,Arizona,10,40,121,30,17,136,0,3,U.C.L.A.,66,63,308,30,25,303,0,0,V,-3,-56,-23,-187,0,-8,-167,0,3
1022,11/03/2012,Arizona State,26,32,150,41,22,153,1,0,Oregon State,36,39,157,33,14,267,1,1,V,-3.5,-10,-7,-7,8,8,-114,0,-1
1023,11/03/2012,Arkansas,19,33,135,31,21,272,1,1,Tulsa,15,36,106,37,22,222,0,1,H,8.5,4,-3,29,-6,-1,50,1,0
1024,11/03/2012,Arkansas State,37,33,146,32,25,328,0,0,North Texas,19,30,84,49,28,316,1,1,V,4,18,3,62,-17,-3,12,-1,-1
1025,11/03/2012,Army,41,76,314,6,4,100,0,0,Air Force,21,43,103,29,17,235,3,2,H,-7,20,33,211,-23,-13,-135,-3,-2
1026,11/03/2012,Auburn,42,45,311,17,9,164,1,0,New Mexico State,7,32,83,31,17,222,0,2,H,23,35,13,228,-14,-8,-58,1,-2
1027,11/03/2012,Baylor,41,49,299,42,26,367,0,0,Kansas,14,41,246,26,11,96,2,0,H,16.5,27,8,53,16,15,271,-2,0
1028,11/03/2012,Boise State,19,30,112,31,20,164,1,0,San Diego State,21,43,164,18,12,105,1,0,H,16.5,-2,-13,-52,13,8,59,0,0
1029,11/03/2012,Boston College,14,21,12,51,30,369,3,1,Wake Forest,28,32,116,57,39,293,1,0,V,-3.5,-14,-11,-104,-6,-9,76,2,1
1030,11/03/2012,Buffalo,27,39,215,25,14,137,1,1,Miami-Ohio,24,33,98,44,25,242,0,1,H,3,3,6,117,-19,-11,-105,1,0
1031,11/03/2012,Central Michigan,31,27,123,41,26,383,0,1,Western Michigan,42,30,151,33,23,362,1,0,H,-1,-11,-3,-28,8,3,21,-1,1
1032,11/03/2012,Cincinnati,35,53,263,27,16,207,1,2,Syracuse,24,41,193,47,23,286,0,2,H,5.5,11,12,70,-20,-7,-79,1,0
1033,11/03/2012,Clemson,56,52,339,29,21,379,3,1,Duke,20,33,85,44,24,257,0,0,V,13,36,19,254,-15,-3,122,3,1
1034,11/03/2012,Colorado,0,21,-1,23,12,117,1,2,Stanford,48,39,206,35,25,230,0,0,H,-28,-48,-18,-207,-12,-13,-113,1,2
1035,11/03/2012,Colorado State,31,26,125,32,16,387,2,1,Wyoming,45,57,228,34,20,240,0,0,V,-7,-14,-31,-103,-2,-4,147,2,1
1036,11/03/2012,Connecticut,6,31,43,38,24,284,2,1,South Florida,13,34,81,32,20,202,1,0,V,-7.5,-7,-3,-38,6,4,82,1,1
1037,11/03/2012,Duke,20,33,85,44,24,257,0,0,Clemson,56,52,339,29,21,379,3,1,H,-13,-36,-19,-254,15,3,-122,-3,-1
1038,11/03/2012,East Carolina,48,54,245,44,31,305,1,1,Houston,28,11,28,51,22,341,1,1,H,-3,20,43,217,-7,9,-36,0,0
1039,11/03/2012,Florida,14,32,164,24,13,112,0,1,Missouri,7,35,99,51,24,236,4,0,H,17.5,7,-3,65,-27,-11,-124,-4,1
1040,11/03/2012,Florida Atlantic,17,32,118,36,25,205,0,1,Navy,24,51,246,15,8,147,0,1,V,-17,-7,-19,-128,21,17,58,0,0
1041,11/03/2012,Florida Intl,28,46,181,19,9,153,0,1,South Alabama,20,38,188,38,19,270,2,2,V,3.5,8,8,-7,-19,-10,-117,-2,-1
1042,11/03/2012,Fresno State,45,44,151,33,18,329,1,0,Hawaii,10,34,79,38,21,221,1,2,H,33,35,10,72,-5,-3,108,0,-2
1043,11/03/2012,Georgia,37,45,149,28,21,384,0,2,Mississippi,10,28,40,29,18,194,1,2,H,13.5,27,17,109,-1,3,190,-1,0
1044,11/03/2012,Georgia Tech,33,56,370,4,2,31,0,2,Maryland,13,44,144,18,9,115,1,1,V,7.5,20,12,226,-14,-7,-84,-1,1
1045,11/03/2012,Hawaii,10,34,79,38,21,221,1,2,Fresno State,45,44,151,33,18,329,1,0,V,-33,-35,-10,-72,5,3,-108,0,2
1046,11/03/2012,Houston,28,11,28,51,22,341,1,1,East Carolina,48,54,245,44,31,305,1,1,V,3,-20,-43,-217,7,-9,36,0,0
1047,11/03/2012,Idaho,13,37,81,37,17,207,1,1,San Jose State,42,29,85,39,27,328,1,3,H,-21,-29,8,-4,-2,-10,-121,0,-2
1048,11/03/2012,Illinois,22,32,74,34,19,96,1,0,Ohio State,52,57,330,22,13,237,0,2,V,-27,-30,-25,-256,12,6,-141,1,-2
1049,11/03/2012,Indiana,24,30,67,49,31,406,1,1,Iowa,21,30,96,34,21,249,1,1,H,2.5,3,0,-29,15,10,157,0,0
1050,11/03/2012,Iowa,21,30,96,34,21,249,1,1,Indiana,24,30,67,49,31,406,1,1,V,-2.5,-3,0,29,-15,-10,-157,0,0
1051,11/03/2012,Iowa State,20,24,99,40,20,191,1,0,Oklahoma,35,40,188,45,32,405,2,0,H,-13,-15,-16,-89,-5,-12,-214,-1,0
1052,11/03/2012,Kansas,14,41,246,26,11,96,2,0,Baylor,41,48,258,43,27,408,0,0,V,-16.5,-27,-7,-12,-17,-16,-312,2,0
1053,11/03/2012,Kansas State,44,43,191,28,21,290,0,0,Oklahoma State,30,24,87,47,27,417,4,1,H,8.5,14,19,104,-19,-6,-127,-4,-1
1054,11/03/2012,Kent State,35,40,261,19,14,103,0,0,Akron,24,32,130,42,30,312,0,1,H,19,11,8,131,-23,-16,-209,0,-1
1055,11/03/2012,Kentucky,0,31,101,35,13,159,0,0,Vanderbilt,40,50,227,30,18,220,1,1,H,-7,-40,-19,-126,5,-5,-61,-1,-1
1056,11/03/2012,Louisiana State,17,49,139,36,25,296,0,0,Alabama,21,25,166,27,14,165,0,2,H,-8,-4,24,-27,9,11,131,0,-2
1057,11/03/2012,Louisiana Tech,51,39,180,40,31,357,0,0,Texas-San Antonio,27,33,124,41,23,314,0,0,H,30.5,24,6,56,-1,8,43,0,0
1058,11/03/2012,Louisville,45,32,170,33,22,338,0,0,Temple,17,43,255,16,6,54,0,4,H,16.5,28,-11,-85,17,16,284,0,-4
1059,11/03/2012,Marshall,38,27,92,44,34,341,0,1,Memphis,28,52,141,32,22,231,0,2,H,19,10,-25,-49,12,12,110,0,-1
1060,11/03/2012,Maryland,13,44,144,18,9,115,1,1,Georgia Tech,33,56,370,4,2,31,0,2,H,-7.5,-20,-12,-226,14,7,84,1,-1
1061,11/03/2012,Massachusetts,0,46,114,37,20,153,1,3,Northern Illinois,63,49,332,26,20,278,0,1,V,-35,-63,-3,-218,11,0,-125,1,2
1062,11/03/2012,Memphis,28,52,141,32,22,231,0,2,Marshall,38,27,92,44,34,341,0,1,V,-19,-10,25,49,-12,-12,-110,0,1
1063,11/03/2012,Miami-Ohio,24,33,98,44,25,242,0,1,Buffalo,27,39,215,25,14,137,1,1,V,-3,-3,-6,-117,19,11,105,-1,0
1064,11/03/2012,Michigan,35,41,155,18,12,234,1,0,Minnesota,13,38,128,31,14,142,0,1,V,9,22,3,27,-13,-2,92,1,-1
1065,11/03/2012,Michigan State,24,43,238,27,9,123,0,2,Nebraska,28,40,313,36,16,160,3,0,H,0,-4,3,-75,-9,-7,-37,-3,2
1066,11/03/2012,Minnesota,13,38,128,31,14,147,0,1,Michigan,35,41,155,18,12,234,1,0,H,-9,-22,-3,-27,13,2,-87,-1,1
1067,11/03/2012,Mississippi,10,29,46,28,17,188,1,2,Georgia,37,45,149,28,21,384,0,2,V,-13.5,-27,-16,-103,0,-4,-196,1,0
1068,11/03/2012,Mississippi State,13,27,98,30,19,212,1,0,Texas A+M,38,58,361,39,32,332,0,1,H,-6,-25,-31,-263,-9,-13,-120,1,-1
1069,11/03/2012,Missouri,7,35,99,51,24,236,4,0,Florida,14,33,170,23,12,106,0,1,V,-17.5,-7,2,-71,28,12,130,4,-1
1070,11/03/2012,Navy,24,51,246,15,8,147,0,1,Florida Atlantic,17,32,118,36,25,205,0,1,H,17,7,19,128,-21,-17,-58,0,0
1071,11/03/2012,Nebraska,28,40,313,36,16,160,3,0,Michigan State,24,43,238,27,9,123,0,2,V,0,4,-3,75,9,7,37,3,-2
1072,11/03/2012,Nevada-Las Vegas,35,24,241,27,17,289,2,1,New Mexico,7,65,307,6,3,43,1,0,H,3,28,-41,-66,21,14,246,1,1
1073,11/03/2012,New Mexico,7,65,307,6,3,43,1,0,Nevada-Las Vegas,35,24,241,27,17,289,2,1,V,-3,-28,41,66,-21,-14,-246,-1,-1
1074,11/03/2012,New Mexico State,7,32,83,31,17,222,0,2,Auburn,42,45,311,17,9,164,1,0,V,-23,-35,-13,-228,14,8,58,-1,2
1075,11/03/2012,No Carolina State,6,24,19,46,23,197,3,2,Virginia,33,48,248,35,20,198,0,1,H,10.5,-27,-24,-229,11,3,-1,3,1
1076,11/03/2012,North Texas,19,30,84,49,28,316,1,1,Arkansas State,37,33,146,32,25,328,0,0,H,-4,-18,-3,-62,17,3,-12,1,1
1077,11/03/2012,Northern Illinois,63,49,332,26,20,278,0,1,Massachusetts,0,46,114,37,20,153,1,3,H,35,63,3,218,-11,0,125,-1,-2
1078,11/03/2012,Notre Dame,29,51,231,53,29,291,2,1,Pittsburgh,26,33,144,29,19,164,0,0,H,16,3,18,87,24,10,127,2,1
1079,11/03/2012,Ohio State,52,57,330,22,13,237,0,2,Illinois,22,32,74,34,19,96,1,0,H,27,30,25,256,-12,-6,141,-1,2
1080,11/03/2012,Oklahoma,35,40,188,45,32,405,2,0,Iowa State,20,24,99,40,20,191,1,0,V,13,15,16,89,5,12,214,1,0
1081,11/03/2012,Oklahoma State,30,24,87,47,27,417,4,1,Kansas State,44,43,191,28,21,290,0,0,V,-8.5,-14,-19,-104,19,6,127,4,1
1082,11/03/2012,Oregon,62,60,426,23,20,304,0,1,Southern Cal,51,26,131,54,35,484,2,1,V,8.5,11,34,295,-31,-15,-180,-2,0
1083,11/03/2012,Oregon State,36,39,157,33,14,267,1,1,Arizona State,26,32,150,41,22,153,1,0,H,3.5,10,7,7,-8,-8,114,0,1
1084,11/03/2012,Penn State,34,38,185,37,22,321,0,0,Purdue,9,26,87,62,33,288,0,1,V,3.5,25,12,98,-25,-11,33,0,-1
1085,11/03/2012,Pittsburgh,26,33,144,29,19,164,0,0,Notre Dame,29,51,231,53,29,291,2,1,V,-16,-3,-18,-87,-24,-10,-127,-2,-1
1086,11/03/2012,Purdue,9,26,87,62,33,283,0,1,Penn State,34,38,185,37,22,321,0,0,H,-3.5,-25,-12,-98,25,11,-38,0,1
1087,11/03/2012,Rice,49,65,211,21,13,271,1,1,Tulane,47,14,0,49,28,476,2,3,V,6,2,51,211,-28,-15,-205,-1,-2
1088,11/03/2012,S-M-U,17,31,126,29,16,133,0,1,U-C-F,42,39,241,17,12,155,0,1,V,-9.5,-25,-8,-115,12,4,-22,0,0
1089,11/03/2012,San Diego State,21,43,164,18,12,105,1,0,Boise State,19,30,112,31,20,164,1,0,V,-16.5,2,13,52,-13,-8,-59,0,0
1090,11/03/2012,San Jose State,42,29,85,39,27,328,1,3,Idaho,13,37,81,37,17,207,1,1,V,21,29,-8,4,2,10,121,0,2
1091,11/03/2012,South Alabama,20,38,188,38,19,270,2,2,Florida Intl,28,46,181,19,9,153,0,1,H,-3.5,-8,-8,7,19,10,117,2,1
1092,11/03/2012,South Florida,13,34,81,32,20,202,1,1,Connecticut,6,31,43,38,24,284,2,1,H,7.5,7,3,38,-6,-4,-82,-1,0
1093,11/03/2012,Southern Cal,51,26,131,54,35,484,2,1,Oregon,62,60,426,23,20,304,0,1,H,-8.5,-11,-34,-295,31,15,180,2,0
1094,11/03/2012,Southern Miss,19,38,183,26,10,112,1,2,U-A-B,27,46,207,29,17,228,1,2,H,3.5,-8,-8,-24,-3,-7,-116,0,0
1095,11/03/2012,Stanford,48,39,206,35,25,230,0,0,Colorado,0,22,-3,22,11,119,1,2,V,28,48,17,209,13,14,111,-1,-2
1096,11/03/2012,Syracuse,24,41,193,47,23,286,0,2,Cincinnati,35,53,263,27,16,207,1,3,V,-5.5,-11,-12,-70,20,7,79,-1,-1
1097,11/03/2012,Temple,17,43,255,16,6,54,0,4,Louisville,45,32,170,33,22,338,0,0,V,-16.5,-28,11,85,-17,-16,-284,0,4
1098,11/03/2012,Tennessee,55,29,188,47,29,530,0,1,Troy,48,39,225,60,38,496,0,0,H,18.5,7,-10,-37,-13,-9,34,0,1
1099,11/03/2012,Texas,31,38,122,20,12,305,0,0,Texas Tech,22,28,112,44,26,329,0,0,V,-7,9,10,10,-24,-14,-24,0,0
1100,11/03/2012,Texas A+M,38,58,361,39,32,332,0,1,Mississippi State,13,27,98,30,19,212,1,0,V,6,25,31,263,9,13,120,-1,1
1101,11/03/2012,Texas Christian,39,45,126,30,13,279,1,2,West Virginia,38,35,78,55,32,260,1,1,V,-4,1,10,48,-25,-19,19,0,1
1102,11/03/2012,Texas State,7,31,82,23,10,76,1,0,Utah State,38,47,268,28,21,325,2,1,V,-26.5,-31,-16,-186,-5,-11,-249,-1,-1
1103,11/03/2012,Texas Tech,22,28,112,44,26,329,0,0,Texas,31,39,163,19,11,264,0,0,H,7,-9,-11,-51,25,15,65,0,0
1104,11/03/2012,Texas-San Antonio,27,33,124,41,23,314,0,0,Louisiana Tech,51,39,180,40,31,357,0,0,V,-30.5,-24,-6,-56,1,-8,-43,0,0
1105,11/03/2012,Troy,48,39,225,60,38,496,0,0,Tennessee,55,29,188,47,29,530,0,1,V,-18.5,-7,10,37,13,9,-34,0,-1
1106,11/03/2012,Tulane,47,14,0,49,28,476,2,3,Rice,49,65,211,21,13,271,1,1,H,-6,-2,-51,-211,28,15,205,1,2
1107,11/03/2012,Tulsa,15,36,106,37,22,222,0,1,Arkansas,19,33,135,31,21,272,1,1,V,-8.5,-4,3,-29,6,1,-50,-1,0
1108,11/03/2012,U-A-B,27,46,207,29,17,228,1,2,Southern Miss,19,38,183,26,10,112,1,2,V,-3.5,8,8,24,3,7,116,0,0
1109,11/03/2012,U-C-F,42,39,241,17,12,155,0,1,S-M-U,17,31,126,29,16,133,0,1,H,9.5,25,8,115,-12,-4,22,0,0
1110,11/03/2012,U.C.L.A.,66,63,308,30,25,303,0,0,Arizona,10,40,121,30,17,136,0,3,H,3,56,23,187,0,8,167,0,-3
1111,11/03/2012,UL-Lafayette,40,49,234,32,23,373,1,1,UL-Monroe,24,20,74,38,23,333,2,0,V,-9.5,16,29,160,-6,0,40,-1,1
1112,11/03/2012,UL-Monroe,24,20,74,38,23,333,2,0,UL-Lafayette,40,49,234,32,23,373,1,1,H,9.5,-16,-29,-160,6,0,-40,1,-1
1113,11/03/2012,Utah,49,43,205,26,22,248,1,0,Washington State,6,13,-4,54,27,259,1,1,H,12,43,30,209,-28,-5,-11,0,-1
1114,11/03/2012,Utah State,38,47,268,28,21,325,2,1,Texas State,7,31,82,23,10,76,1,0,H,26.5,31,16,186,5,11,249,1,1
1115,11/03/2012,Vanderbilt,40,50,227,30,18,220,1,1,Kentucky,0,31,101,35,13,159,0,0,V,7,40,19,126,-5,5,61,1,1
1116,11/03/2012,Virginia,33,48,248,35,20,198,0,1,No Carolina State,6,24,19,46,23,197,3,2,V,-10.5,27,24,229,-11,-3,1,-3,-1
1117,11/03/2012,Wake Forest,28,32,116,57,39,293,1,0,Boston College,14,21,12,51,30,369,3,1,H,3.5,14,11,104,6,9,-76,-2,-1
1118,11/03/2012,Washington State,6,14,-6,53,26,261,1,1,Utah,49,43,205,26,22,248,1,0,V,-12,-43,-29,-211,27,4,13,0,1
1119,11/03/2012,West Virginia,38,35,78,55,32,260,1,1,Texas Christian,39,45,126,30,13,279,1,2,H,4,-1,-10,-48,25,19,-19,0,-1
1120,11/03/2012,Western Michigan,42,30,151,33,23,362,1,0,Central Michigan,31,27,123,41,26,383,0,1,V,1,11,3,28,-8,-3,-21,1,-1
1121,11/03/2012,Wyoming,45,57,228,34,20,240,0,0,Colorado State,31,26,125,32,16,387,2,1,H,7,14,31,103,2,4,-147,-2,-1
1122,11/06/2012,Ball State,34,33,166,42,29,280,3,0,Toledo,27,51,311,27,14,215,0,1,V,-6.5,7,-18,-145,15,15,65,3,-1
1123,11/06/2012,Toledo,27,51,311,27,14,215,0,1,Ball State,34,33,166,42,29,280,3,0,H,6.5,-7,18,145,-15,-15,-65,-3,1
1124,11/07/2012,Bowling Green,26,36,197,17,7,91,0,0,Ohio,14,44,99,34,21,145,0,0,V,-2.5,12,-8,98,-17,-14,-54,0,0
1125,11/07/2012,Ohio,14,44,99,34,21,145,0,0,Bowling Green,26,36,197,17,7,91,0,0,H,2.5,-12,8,-98,17,14,54,0,0
1126,11/08/2012,Arkansas State,45,34,200,34,26,334,1,0,UL-Monroe,23,27,76,53,37,357,1,1,H,7.5,22,7,124,-19,-11,-23,0,-1
1127,11/08/2012,Florida State,28,25,-15,42,25,326,1,1,Virginia Tech,22,36,87,34,19,298,2,1,V,13,6,-11,-102,8,6,28,-1,0
1128,11/08/2012,UL-Monroe,23,27,76,53,37,357,1,1,Arkansas State,45,34,200,34,26,334,1,0,V,-7.5,-22,-7,-124,19,11,23,0,1
1129,11/08/2012,Virginia Tech,22,36,87,34,19,298,2,1,Florida State,28,25,-15,42,25,326,1,1,H,-13,-6,11,102,-8,-6,-28,1,0
1130,11/09/2012,Connecticut,24,42,132,25,19,213,1,0,Pittsburgh,17,25,48,34,19,302,0,0,H,-4,7,17,84,-9,0,-89,1,0
1131,11/09/2012,Pittsburgh,17,25,48,34,19,302,0,0,Connecticut,24,42,132,25,19,213,1,0,V,4,-7,-17,-84,9,0,89,-1,0
1132,11/10/2012,Air Force,9,68,320,19,9,73,2,2,San Diego State,28,41,178,18,11,90,1,1,V,-7,-19,27,142,1,-2,-17,1,1
1133,11/10/2012,Akron,14,27,95,51,34,332,4,1,Massachusetts,22,33,61,39,23,266,1,1,H,14.5,-8,-6,34,12,11,66,3,0
1134,11/10/2012,Alabama,24,31,122,34,21,309,2,1,Texas A+M,29,46,165,31,24,253,0,0,H,13.5,-5,-15,-43,3,-3,56,2,1
1135,11/10/2012,Arizona,56,38,438,14,12,136,0,1,Colorado,31,56,224,20,16,213,1,0,H,29,25,-18,214,-6,-4,-77,-1,1
1136,11/10/2012,Arizona State,17,35,71,33,20,179,3,1,Southern Cal,38,43,225,33,20,222,3,2,V,-10,-21,-8,-154,0,0,-43,0,-1
1137,11/10/2012,Arkansas,20,27,83,41,26,277,2,1,South Carolina,38,41,104,25,15,279,1,0,V,-14,-18,-14,-21,16,11,-2,1,1
1138,11/10/2012,Army,7,68,282,17,7,55,0,3,Rutgers,28,34,113,18,15,139,1,0,V,-17.5,-21,34,169,-1,-8,-84,-1,3
1139,11/10/2012,Auburn,0,27,57,22,15,181,1,1,Georgia,38,42,289,25,18,208,0,0,H,-15,-38,-15,-232,-3,-3,-27,1,1
1140,11/10/2012,Baylor,34,51,252,33,12,172,0,0,Oklahoma,42,40,183,36,25,277,1,1,V,-21.5,-8,11,69,-3,-13,-105,-1,-1
1141,11/10/2012,Boise State,49,42,155,33,20,256,0,0,Hawaii,14,33,-14,36,21,254,2,3,V,28,35,9,169,-3,-1,2,-2,-3
1142,11/10/2012,Boston College,6,23,53,43,27,247,1,1,Notre Dame,21,40,184,25,17,209,0,2,H,-20,-15,-17,-131,18,10,38,1,-1
1143,11/10/2012,Brigham Young,52,45,252,42,25,285,0,2,Idaho,13,23,61,38,20,212,2,3,H,40.5,39,22,191,4,5,73,-2,-1
1144,11/10/2012,Buffalo,29,49,168,33,21,285,0,1,Western Michigan,24,32,101,38,19,275,4,1,H,-2.5,5,17,67,-5,2,10,-4,0
1145,11/10/2012,California,17,40,236,21,9,113,2,1,Oregon,59,48,180,37,28,395,0,0,H,-29.5,-42,-8,56,-16,-19,-282,2,1
1146,11/10/2012,Central Michigan,34,28,119,34,20,284,0,1,Eastern Michigan,31,42,294,26,14,120,2,0,V,2.5,3,-14,-175,8,6,164,-2,1
1147,11/10/2012,Cincinnati,34,40,228,21,13,244,0,0,Temple,10,35,125,32,12,142,1,0,V,8,24,5,103,-11,1,102,-1,0
1148,11/10/2012,Clemson,45,42,130,34,23,306,0,3,Maryland,10,43,139,12,6,41,0,3,H,32,35,-1,-9,22,17,265,0,0
1149,11/10/2012,Colorado,31,56,204,20,15,194,2,-1,Arizona,56,38,438,14,12,136,0,1,V,-29,-25,18,-234,6,3,58,2,-2
1150,11/10/2012,Colorado State,33,40,231,27,16,109,1,0,Nevada-Las Vegas,11,29,98,34,14,121,2,2,H,0,22,11,133,-7,2,-12,-1,-2
1151,11/10/2012,Eastern Michigan,31,42,294,26,14,120,2,0,Central Michigan,34,28,119,34,20,284,0,1,H,-2.5,-3,14,175,-8,-6,-164,2,-1
1152,11/10/2012,Florida,27,34,149,26,19,162,0,0,UL-Lafayette,20,30,96,23,16,171,0,1,H,27.5,7,4,53,3,3,-9,0,-1
1153,11/10/2012,Florida Atlantic,37,39,98,36,23,257,0,1,Western Kentucky,28,34,119,26,14,169,3,1,V,-16.5,9,5,-21,10,9,88,-3,0
1154,11/10/2012,Fresno State,52,44,280,35,17,220,0,1,Nevada-Reno,36,50,190,39,21,214,2,2,V,3,16,-6,90,-4,-4,6,-2,-1
1155,11/10/2012,Georgia,38,42,289,25,18,208,0,0,Auburn,0,27,57,22,15,181,1,1,V,15,38,15,232,3,3,27,-1,-1
1156,11/10/2012,Georgia Tech,68,67,380,12,7,208,1,0,North Carolina,50,34,147,35,24,350,1,1,V,-8.5,18,33,233,-23,-17,-142,0,-1
1157,11/10/2012,Hawaii,14,33,-14,36,21,254,2,3,Boise State,49,42,155,33,20,256,0,0,H,-28,-35,-9,-169,3,1,-2,2,3
1158,11/10/2012,Houston,7,32,78,40,18,184,3,1,Tulsa,41,60,350,32,18,155,1,1,H,-3.5,-34,-28,-272,8,0,29,2,0
1159,11/10/2012,Idaho,13,23,61,38,20,212,2,3,Brigham Young,52,45,252,42,25,285,0,2,V,-40.5,-39,-22,-191,-4,-5,-73,2,1
1160,11/10/2012,Illinois,3,35,101,25,15,175,0,2,Minnesota,17,50,231,15,9,78,0,0,H,-2.5,-14,-15,-130,10,6,97,0,2
1161,11/10/2012,Indiana,14,23,61,47,25,233,2,1,Wisconsin,62,64,564,7,4,41,0,0,H,-7.5,-48,-41,-503,40,21,192,2,1
1162,11/10/2012,Iowa,24,31,74,36,19,190,0,0,Purdue,27,44,211,35,26,279,0,3,H,5,-3,-13,-137,1,-7,-89,0,-3
1163,11/10/2012,Iowa State,7,31,144,29,15,133,2,0,Texas,33,45,222,32,26,387,0,0,V,-10.5,-26,-14,-78,-3,-11,-254,2,0
1164,11/10/2012,Kansas,34,57,390,15,6,29,0,0,Texas Tech,41,22,63,61,47,508,1,0,V,-24.5,-7,35,327,-46,-41,-479,-1,0
1165,11/10/2012,Kansas State,23,34,115,21,12,145,1,1,Texas Christian,10,33,96,33,18,178,1,1,V,7,13,1,19,-12,-6,-33,0,0
1166,11/10/2012,Kent State,48,48,399,16,10,147,2,0,Miami-Ohio,32,16,26,50,37,455,2,0,V,7,16,32,373,-34,-27,-308,0,0
1167,11/10/2012,Louisiana State,37,38,119,30,19,273,0,1,Mississippi State,17,24,47,39,27,304,1,1,H,15,20,14,72,-9,-8,-31,-1,0
1168,11/10/2012,Louisiana Tech,62,55,283,46,32,344,0,0,Texas State,55,39,296,38,22,281,0,0,V,19.5,7,16,-13,8,10,63,0,0
1169,11/10/2012,Louisville,26,17,48,50,36,424,1,1,Syracuse,45,52,278,23,15,246,0,0,V,1.5,-19,-35,-230,27,21,178,1,1
1170,11/10/2012,Marshall,31,41,121,34,25,216,1,0,U-A-B,38,42,209,34,20,197,3,1,V,3,-7,-1,-88,0,5,19,-2,-1
1171,11/10/2012,Maryland,10,43,139,12,6,41,0,3,Clemson,45,42,135,34,23,301,0,3,V,-32,-35,1,4,-22,-17,-260,0,0
1172,11/10/2012,Massachusetts,22,33,61,39,23,266,1,1,Akron,14,27,95,51,34,332,4,1,V,-14.5,8,6,-34,-12,-11,-66,-3,0
1173,11/10/2012,Memphis,37,44,110,20,15,276,1,2,Tulane,23,29,80,44,25,211,4,1,H,1,14,15,30,-24,-10,65,-3,1
1174,11/10/2012,Miami-Florida,40,33,233,26,18,187,0,1,Virginia,41,33,94,52,40,388,1,0,V,-1.5,-1,0,139,-26,-22,-201,-1,1
1175,11/10/2012,Miami-Ohio,32,16,26,50,37,455,2,0,Kent State,48,48,399,16,10,147,2,0,H,-7,-16,-32,-373,34,27,308,0,0
1176,11/10/2012,Michigan,38,32,133,30,16,286,1,1,Northwestern,31,58,248,21,14,183,0,1,H,8,7,-26,-115,9,2,103,1,0
1177,11/10/2012,Minnesota,17,50,231,15,9,78,0,0,Illinois,3,35,101,25,15,175,0,2,V,2.5,14,15,130,-10,-6,-97,0,-2
1178,11/10/2012,Mississippi,26,40,55,50,31,403,0,0,Vanderbilt,27,36,104,35,20,267,0,1,H,2.5,-1,4,-49,15,11,136,0,-1
1179,11/10/2012,Mississippi State,17,24,47,39,27,304,1,1,Louisiana State,37,38,119,30,19,273,0,1,V,-15,-20,-14,-72,9,8,31,1,0
1180,11/10/2012,Missouri,51,49,228,33,19,226,1,1,Tennessee,48,36,153,55,38,432,0,1,V,-3.5,3,13,75,-22,-19,-206,1,0
1181,11/10/2012,Navy,31,54,328,15,8,159,0,2,Troy,41,36,182,40,34,415,1,1,V,3,-10,18,146,-25,-26,-256,-1,1
1182,11/10/2012,Nebraska,32,57,267,20,12,171,0,2,Penn State,23,34,151,37,18,240,1,2,H,8.5,9,23,116,-17,-6,-69,-1,0
1183,11/10/2012,Nevada-Las Vegas,11,29,98,34,14,121,2,2,Colorado State,33,40,231,27,16,109,1,0,V,0,-22,-11,-133,7,-2,12,1,2
1184,11/10/2012,Nevada-Reno,36,50,190,39,21,214,2,2,Fresno State,52,44,280,35,17,220,0,1,H,-3,-16,6,-90,4,4,-6,2,1
1185,11/10/2012,New Mexico,23,63,396,15,8,155,0,1,Wyoming,28,28,55,32,20,374,0,0,H,-2.5,-5,35,341,-17,-12,-219,0,1
1186,11/10/2012,New Mexico State,7,38,120,29,12,100,2,2,San Jose State,47,35,203,26,15,301,1,0,H,-20.5,-40,3,-83,3,-3,-201,1,2
1187,11/10/2012,No Carolina State,37,51,170,43,25,258,1,1,Wake Forest,6,23,16,40,22,169,1,1,H,8,31,28,154,3,3,89,0,0
1188,11/10/2012,North Carolina,50,34,147,35,24,350,1,1,Georgia Tech,68,67,380,12,7,208,1,0,H,8.5,-18,-33,-233,23,17,142,0,1
1189,11/10/2012,North Texas,24,32,197,28,12,106,1,0,South Alabama,14,40,133,45,23,233,0,2,H,7,10,-8,64,-17,-11,-127,1,-2
1190,11/10/2012,Northwestern,31,58,248,21,14,183,0,1,Michigan,38,32,133,30,16,286,1,1,V,-8,-7,26,115,-9,-2,-103,-1,0
1191,11/10/2012,Notre Dame,21,40,184,25,17,209,0,2,Boston College,6,23,53,43,27,247,1,1,V,20,15,17,131,-18,-10,-38,-1,1
1192,11/10/2012,Oklahoma,42,40,183,36,25,277,1,1,Baylor,34,51,252,33,12,172,0,0,H,21.5,8,-11,-69,3,13,105,1,1
1193,11/10/2012,Oklahoma State,55,35,151,31,22,292,1,0,West Virginia,34,35,78,56,37,401,0,2,H,10,21,0,73,-25,-15,-109,1,-2
1194,11/10/2012,Oregon,59,48,180,37,28,395,0,0,California,17,40,236,21,8,114,3,0,V,29.5,42,8,-56,16,20,281,-3,0
1195,11/10/2012,Oregon State,23,28,86,39,23,226,0,1,Stanford,27,39,163,29,22,254,2,2,V,-4,-4,-11,-77,10,1,-28,-2,-1
1196,11/10/2012,Penn State,23,34,151,37,18,240,1,2,Nebraska,32,57,267,20,12,171,0,2,V,-8.5,-9,-23,-116,17,6,69,1,0
1197,11/10/2012,Purdue,27,44,211,35,26,279,0,3,Iowa,24,31,74,36,19,190,0,0,V,-5,3,13,137,-1,7,89,0,3
1198,11/10/2012,Rutgers,28,34,113,18,15,139,1,0,Army,7,68,282,17,7,55,0,3,H,17.5,21,-34,-169,1,8,84,1,-3
1199,11/10/2012,S-M-U,34,30,186,44,27,249,0,0,Southern Miss,6,22,51,31,14,127,2,0,H,14,28,8,135,13,13,122,-2,0
1200,11/10/2012,San Diego State,28,41,178,18,11,90,1,1,Air Force,9,68,320,19,9,73,2,2,H,7,19,-27,-142,-1,2,17,-1,-1
1201,11/10/2012,San Jose State,47,35,203,26,15,301,1,0,New Mexico State,7,38,120,29,12,100,2,2,V,20.5,40,-3,83,-3,3,201,-1,-2
1202,11/10/2012,South Alabama,14,40,133,45,23,233,0,2,North Texas,24,32,197,28,12,106,1,0,V,-7,-10,8,-64,17,11,127,-1,2
1203,11/10/2012,South Carolina,38,41,104,25,15,279,1,0,Arkansas,20,27,83,41,26,277,2,1,H,14,18,14,21,-16,-11,2,-1,-1
1204,11/10/2012,Southern Cal,38,43,225,33,20,222,3,2,Arizona State,17,35,71,33,20,179,3,1,H,10,21,8,154,0,0,43,0,1
1205,11/10/2012,Southern Miss,6,22,51,31,14,127,2,0,S-M-U,34,30,186,44,27,249,0,0,V,-14,-28,-8,-135,-13,-13,-122,2,0
1206,11/10/2012,Stanford,27,39,163,29,22,254,2,2,Oregon State,23,28,66,39,23,206,0,1,H,4,4,11,97,-10,-1,48,2,1
1207,11/10/2012,Syracuse,45,52,278,23,15,246,0,0,Louisville,26,17,48,50,36,424,1,1,H,-1.5,19,35,230,-27,-21,-178,-1,-1
1208,11/10/2012,Temple,10,35,125,32,12,142,1,0,Cincinnati,34,40,228,21,13,244,0,0,H,-8,-24,-5,-103,11,-1,-102,1,0
1209,11/10/2012,Tennessee,48,36,153,55,38,432,0,1,Missouri,51,49,228,33,19,226,1,1,H,3.5,-3,-13,-75,22,19,206,-1,0
1210,11/10/2012,Texas,33,45,222,32,26,387,0,0,Iowa State,7,31,144,29,15,133,2,0,H,10.5,26,14,78,3,11,254,-2,0
1211,11/10/2012,Texas A+M,29,46,165,31,24,253,0,0,Alabama,24,31,122,34,21,309,2,1,V,-13.5,5,15,43,-3,3,-56,-2,-1
1212,11/10/2012,Texas Christian,10,33,96,33,18,178,1,1,Kansas State,23,34,115,21,12,145,1,1,H,-7,-13,-1,-19,12,6,33,0,0
1213,11/10/2012,Texas State,55,39,296,38,22,281,0,0,Louisiana Tech,62,55,283,46,32,344,0,0,H,-19.5,-7,-16,13,-8,-10,-63,0,0
1214,11/10/2012,Texas Tech,41,22,63,61,47,508,1,0,Kansas,34,57,390,15,6,29,0,0,H,24.5,7,-35,-327,46,41,479,1,0
1215,11/10/2012,Texas-San Antonio,31,32,96,37,24,262,0,0,McNeese State,24,26,93,46,34,346,1,1,H, ,7,6,3,-9,-10,-84,-1,-1
1216,11/10/2012,Troy,41,36,182,40,34,415,1,1,Navy,31,54,328,15,8,159,0,2,H,-3,10,-18,-146,25,26,256,1,-1
1217,11/10/2012,Tulane,23,29,80,44,25,211,4,1,Memphis,37,44,110,20,15,276,1,2,V,-1,-14,-15,-30,24,10,-65,3,-1
1218,11/10/2012,Tulsa,41,60,350,32,18,155,1,1,Houston,7,32,78,40,18,184,3,1,V,3.5,34,28,272,-8,0,-29,-2,0
1219,11/10/2012,U-A-B,38,42,209,34,20,197,3,1,Marshall,31,41,121,34,25,216,1,0,H,-3,7,1,88,0,-5,-19,2,1
1220,11/10/2012,U-C-F,31,41,188,28,16,214,0,1,UTEP,24,53,267,11,5,79,1,3,V,13.5,7,-12,-79,17,11,135,-1,-2
1221,11/10/2012,U.C.L.A.,44,38,73,21,18,261,1,2,Washington State,36,30,67,57,37,457,1,2,V,16.5,8,8,6,-36,-19,-196,0,0
1222,11/10/2012,UL-Lafayette,20,30,96,23,16,171,0,1,Florida,27,34,149,26,19,162,0,0,V,-27.5,-7,-4,-53,-3,-3,9,0,1
1223,11/10/2012,UTEP,24,53,267,11,5,79,1,3,U-C-F,31,41,188,28,16,214,0,1,H,-13.5,-7,12,79,-17,-11,-135,1,2
1224,11/10/2012,Utah,15,30,133,23,8,55,1,1,Washington,34,42,160,33,24,277,0,1,V,0,-19,-12,-27,-10,-16,-222,1,0
1225,11/10/2012,Vanderbilt,27,36,104,35,20,267,0,1,Mississippi,26,40,55,50,31,403,0,0,V,-2.5,1,-4,49,-15,-11,-136,0,1
1226,11/10/2012,Virginia,41,33,94,52,40,388,1,0,Miami-Florida,40,33,233,26,18,187,0,1,H,1.5,1,0,-139,26,22,201,1,-1
1227,11/10/2012,Wake Forest,6,23,16,40,22,169,1,1,No Carolina State,37,51,170,43,25,258,1,1,V,-8,-31,-28,-154,-3,-3,-89,0,0
1228,11/10/2012,Washington,34,42,160,33,24,277,0,1,Utah,15,30,133,23,8,55,1,1,H,0,19,12,27,10,16,222,-1,0
1229,11/10/2012,Washington State,36,30,67,57,37,457,1,2,U.C.L.A.,44,38,73,21,18,261,1,2,H,-16.5,-8,-8,-6,36,19,196,0,0
1230,11/10/2012,West Virginia,34,35,78,56,37,401,0,2,Oklahoma State,55,35,151,31,22,292,1,0,V,-10,-21,0,-73,25,15,109,-1,2
1231,11/10/2012,Western Kentucky,28,34,119,26,14,169,3,1,Florida Atlantic,37,39,98,36,23,257,0,1,H,16.5,-9,-5,21,-10,-9,-88,3,0
1232,11/10/2012,Western Michigan,24,32,101,38,19,275,4,1,Buffalo,29,49,168,33,21,285,0,1,V,2.5,-5,-17,-67,5,-2,-10,4,0
1233,11/10/2012,Wisconsin,62,64,564,7,4,41,0,0,Indiana,14,23,61,47,25,233,2,1,V,7.5,48,41,503,-40,-21,-192,-2,-1
1234,11/10/2012,Wyoming,28,28,55,32,20,374,0,0,New Mexico,23,63,396,15,8,155,0,1,V,2.5,5,-35,-341,17,12,219,0,-1
1235,11/14/2012,Ball State,52,39,357,28,22,231,0,0,Ohio,27,40,231,34,24,252,1,0,H,6,25,-1,126,-6,-2,-21,-1,0
1236,11/14/2012,Northern Illinois,31,42,189,36,25,407,1,2,Toledo,24,38,131,33,22,265,3,1,H,10,7,4,58,3,3,142,-2,1
1237,11/14/2012,Ohio,27,40,231,34,24,252,1,0,Ball State,52,39,352,28,22,231,0,0,V,-6,-25,1,-121,6,2,21,1,0
1238,11/14/2012,Toledo,24,38,131,33,22,265,3,1,Northern Illinois,31,42,189,36,25,407,1,2,V,-10,-7,-4,-58,-3,-3,-142,2,-1
1239,11/15/2012,North Carolina,37,33,127,38,30,319,0,1,Virginia,13,42,145,33,19,205,1,1,V,3.5,24,-9,-18,5,11,114,-1,0
1240,11/15/2012,Virginia,13,42,145,33,19,205,1,1,North Carolina,37,33,127,38,30,319,0,1,H,-3.5,-24,9,18,-5,-11,-114,1,0
1241,11/16/2012,Air Force,21,68,338,0,0,0,0,2,Hawaii,7,31,37,29,14,125,0,1,H,23.5,14,37,301,-29,-14,-125,0,1
1242,11/16/2012,Florida Atlantic,24,19,-12,51,28,403,1,0,Florida Intl,34,39,167,28,17,264,0,1,H,1,-10,-20,-179,23,11,139,1,-1
1243,11/16/2012,Florida Intl,34,39,167,28,17,264,0,1,Florida Atlantic,24,19,-12,51,28,403,1,0,V,-1,10,20,179,-23,-11,-139,-1,1
1244,11/16/2012,Hawaii,7,31,37,29,14,125,0,1,Air Force,21,68,338,0,0,0,0,2,V,-23.5,-14,-37,-301,29,14,125,0,-1
1245,11/17/2012,Alabama,49,40,300,12,8,160,0,1,Western Carolina,0,28,70,20,8,93,0,1,H, ,49,12,230,-8,0,67,0,0
1246,11/17/2012,Arizona,34,46,320,27,12,160,0,2,Utah,24,36,136,41,29,313,0,1,V,-3,10,10,184,-14,-17,-153,0,1
1247,11/17/2012,Arizona State,46,61,260,32,27,301,1,1,Washington State,7,19,1,49,21,240,2,0,H,22.5,39,42,259,-17,6,61,-1,1
1248,11/17/2012,Arkansas,14,33,126,30,24,233,2,3,Mississippi State,45,36,203,34,21,302,0,1,V,-5,-31,-3,-77,-4,3,-69,2,2
1249,11/17/2012,Arkansas State,41,41,226,42,28,369,1,0,Troy,34,33,71,38,28,447,0,1,V,4,7,8,155,4,0,-78,1,-1
1250,11/17/2012,Army,32,62,407,9,4,88,0,2,Temple,63,57,534,4,2,31,0,0,H,3.5,-31,5,-127,5,2,57,0,2
1251,11/17/2012,Auburn,51,46,341,18,10,171,0,0,Alabama A+M,7,25,22,29,17,186,1,0,H, ,44,21,319,-11,-7,-15,-1,0
1252,11/17/2012,Baylor,52,49,342,32,20,238,2,0,Kansas State,24,31,76,51,27,286,3,0,H,-12.5,28,18,266,-19,-7,-48,-1,0
1253,11/17/2012,Boise State,42,41,269,22,19,234,0,2,Colorado State,14,35,157,20,8,72,2,1,H,30,28,6,112,2,11,162,-2,1
1254,11/17/2012,Boston College,23,45,167,30,13,134,1,0,Virginia Tech,30,48,154,33,16,247,0,0,H,-10,-7,-3,13,-3,-3,-113,1,0
1255,11/17/2012,Bowling Green,24,31,83,44,22,355,3,0,Kent State,31,42,334,17,9,91,1,2,H,2.5,-7,-11,-251,27,13,264,2,-2
1256,11/17/2012,Brigham Young,14,33,87,51,28,335,1,2,San Jose State,20,32,59,34,25,305,1,0,V,3,-6,1,28,17,3,30,0,2
1257,11/17/2012,Buffalo,29,41,168,31,19,237,1,1,Massachusetts,19,35,49,40,20,215,2,0,V,12,10,6,119,-9,-1,22,-1,1
1258,11/17/2012,California,14,40,190,31,18,132,1,3,Oregon State,62,35,200,39,28,359,1,0,V,-16,-48,5,-10,-8,-10,-227,0,3
1259,11/17/2012,Central Michigan,30,36,189,23,13,207,1,0,Miami-Ohio,16,36,89,44,27,365,1,1,H,5.5,14,0,100,-21,-14,-158,0,-1
1260,11/17/2012,Cincinnati,3,28,90,31,17,251,2,0,Rutgers,10,47,234,20,11,186,2,0,H,6.5,-7,-19,-144,11,6,65,0,0
1261,11/17/2012,Clemson,62,58,328,44,30,426,2,0,No Carolina State,48,35,104,53,29,493,1,1,H,15.5,14,23,224,-9,1,-67,1,-1
1262,11/17/2012,Colorado,3,31,90,23,10,51,2,3,Washington,38,38,228,29,22,248,0,1,H,-20.5,-35,-7,-138,-6,-12,-197,2,2
1263,11/17/2012,Colorado State,14,35,157,20,8,72,2,1,Boise State,42,41,269,22,19,234,0,2,V,-30,-28,-6,-112,-2,-11,-162,2,-1
1264,11/17/2012,Duke,24,22,77,36,24,198,1,0,Georgia Tech,42,72,330,14,8,119,0,0,V,-12,-18,-50,-253,22,16,79,1,0
1265,11/17/2012,East Carolina,28,37,172,33,19,215,2,0,Tulane,23,22,9,57,36,293,0,0,V,10,5,15,163,-24,-17,-78,2,0
1266,11/17/2012,Eastern Michigan,29,49,210,22,14,179,0,0,Western Michigan,23,20,120,50,29,333,1,1,V,-14,6,29,90,-28,-15,-154,-1,-1
1267,11/17/2012,Florida,23,36,202,22,14,154,0,0,Jacksonville St,0,29,48,28,16,194,1,0,H, ,23,7,154,-6,-2,-40,-1,0
1268,11/17/2012,Florida State,41,41,237,26,19,160,1,1,Maryland,14,34,34,19,8,136,0,2,V,31.5,27,7,203,7,11,24,1,-1
1269,11/17/2012,Georgia,45,36,120,31,20,354,0,1,Georgia Southern,14,58,302,4,1,16,0,2,H, ,31,-22,-182,27,19,338,0,-1
1270,11/17/2012,Georgia Tech,42,72,330,14,8,119,0,0,Duke,24,22,77,36,24,198,1,0,H,12,18,50,253,-22,-16,-79,-1,0
1271,11/17/2012,Houston,41,32,105,46,32,325,0,1,Marshall,44,56,288,50,32,377,2,0,V,-3.5,-3,-24,-183,-4,0,-52,-2,1
1272,11/17/2012,Idaho,27,27,127,40,25,342,1,2,Texas-San Antonio,34,37,192,36,23,232,0,1,H,-5,-7,-10,-65,4,2,110,1,1
1273,11/17/2012,Illinois,17,39,173,38,22,160,0,3,Purdue,20,37,207,28,19,191,0,0,H,-6.5,-3,2,-34,10,3,-31,0,3
1274,11/17/2012,Indiana,22,26,24,59,33,454,2,0,Penn State,45,44,151,32,22,395,1,1,V,-16.5,-23,-18,-127,27,11,59,1,-1
1275,11/17/2012,Iowa,17,34,128,26,19,181,0,0,Michigan,42,39,199,23,18,314,1,0,V,-17,-25,-5,-71,3,1,-133,-1,0
1276,11/17/2012,Iowa State,51,42,241,34,27,307,0,1,Kansas,23,48,252,25,11,189,1,3,V,3.5,28,-6,-11,9,16,118,-1,-2
1277,11/17/2012,Kansas,23,48,252,25,11,189,1,3,Iowa State,51,42,241,34,27,307,0,1,H,-3.5,-28,6,11,-9,-16,-118,1,2
1278,11/17/2012,Kansas State,24,31,76,51,27,286,3,0,Baylor,52,49,342,32,20,238,2,0,V,12.5,-28,-18,-266,19,7,48,1,0
1279,11/17/2012,Kent State,31,42,334,17,9,91,1,2,Bowling Green,24,31,83,44,22,355,3,0,V,-2.5,7,11,251,-27,-13,-264,-2,2
1280,11/17/2012,Kentucky,34,60,342,19,14,113,1,1,Samford,3,27,-2,26,18,104,0,1,H, ,31,33,344,-7,-4,9,1,0
1281,11/17/2012,Louisiana State,41,38,145,38,22,282,2,1,Mississippi,35,41,147,37,16,316,3,1,H,18.5,6,-3,-2,1,6,-34,-1,0
1282,11/17/2012,Louisiana Tech,41,47,233,61,35,396,2,1,Utah State,48,45,306,34,20,340,0,0,H,-3,-7,2,-73,27,15,56,2,1
1283,11/17/2012,Marshall,44,56,288,50,32,377,2,0,Houston,41,32,105,46,32,325,0,1,H,3.5,3,24,183,4,0,52,2,-1
1284,11/17/2012,Maryland,14,34,34,19,8,136,0,2,Florida State,41,41,237,26,19,160,1,1,H,-31.5,-27,-7,-203,-7,-11,-24,-1,1
1285,11/17/2012,Massachusetts,19,35,49,40,20,215,2,0,Buffalo,29,41,168,31,19,237,1,1,H,-12,-10,-6,-119,9,1,-22,1,-1
1286,11/17/2012,Memphis,46,42,173,17,15,160,0,2,U-A-B,9,28,26,42,23,187,1,1,V,-8.5,37,14,147,-25,-8,-27,-1,1
1287,11/17/2012,Miami-Florida,40,30,85,37,25,463,0,1,South Florida,9,29,154,43,23,204,2,1,H,6.5,31,1,-69,-6,2,259,-2,0
1288,11/17/2012,Miami-Ohio,16,36,74,44,27,360,1,1,Central Michigan,30,36,184,23,13,202,1,0,V,-5.5,-14,0,-110,21,14,158,0,1
1289,11/17/2012,Michigan,42,39,199,23,18,314,1,0,Iowa,17,34,128,26,19,181,0,0,H,17,25,5,71,-3,-1,133,1,0
1290,11/17/2012,Michigan State,20,39,122,47,22,297,2,2,Northwestern,23,27,57,43,26,246,0,0,H,7,-3,12,65,4,-4,51,2,2
1291,11/17/2012,Middle Tennessee,20,41,212,29,16,233,0,0,South Alabama,12,40,149,30,17,189,3,1,V,7,8,1,63,-1,-1,44,-3,-1
1292,11/17/2012,Minnesota,14,29,87,28,10,90,2,0,Nebraska,38,47,133,33,22,311,0,2,V,-21.5,-24,-18,-46,-5,-12,-221,2,-2
1293,11/17/2012,Mississippi,35,41,147,37,16,316,3,1,Louisiana State,41,37,133,39,23,294,2,1,V,-18.5,-6,4,14,-2,-7,22,1,0
1294,11/17/2012,Mississippi State,45,36,203,34,21,302,0,1,Arkansas,14,33,126,30,24,233,2,3,H,5,31,3,77,4,-3,69,-2,-2
1295,11/17/2012,Missouri,27,41,120,31,21,364,1,0,Syracuse,31,36,123,40,26,385,1,0,H,6,-4,5,-3,-9,-5,-21,0,0
1296,11/17/2012,Navy,21,62,397,8,3,25,0,1,Texas State,10,32,115,42,25,290,0,1,H,13,11,30,282,-34,-22,-265,0,0
1297,11/17/2012,Nebraska,38,47,133,33,22,311,0,2,Minnesota,14,29,87,28,10,90,2,0,H,21.5,24,18,46,5,12,221,-2,2
1298,11/17/2012,Nevada-Las Vegas,23,40,158,36,22,268,0,1,Wyoming,28,32,95,33,25,412,0,0,H,-1.5,-5,8,63,3,-3,-144,0,1
1299,11/17/2012,Nevada-Reno,31,50,358,27,18,133,1,0,New Mexico,24,50,352,2,0,0,0,1,V,11,7,0,6,25,18,133,1,-1
1300,11/17/2012,New Mexico,24,50,352,2,0,0,0,1,Nevada-Reno,31,50,358,27,18,133,1,0,H,-11,-7,0,-6,-25,-18,-133,-1,1
1301,11/17/2012,No Carolina State,48,35,104,53,29,493,1,1,Clemson,62,58,328,44,30,426,2,0,V,-15.5,-14,-23,-224,9,-1,67,-1,1
1302,11/17/2012,North Texas,16,36,144,46,28,323,2,0,UL-Monroe,42,31,161,40,30,357,1,0,V,-10,-26,5,-17,6,-2,-34,1,0
1303,11/17/2012,Northwestern,23,27,47,43,26,241,0,0,Michigan State,20,39,122,47,22,297,2,2,V,-7,3,-12,-75,-4,4,-56,-2,-2
1304,11/17/2012,Notre Dame,38,30,221,36,22,363,1,0,Wake Forest,0,25,55,35,23,159,0,1,H,23.5,38,5,166,1,-1,204,1,-1
1305,11/17/2012,Ohio State,21,41,139,18,10,97,0,0,Wisconsin,14,56,206,27,14,154,0,1,V,0,7,-15,-67,-9,-4,-57,0,-1
1306,11/17/2012,Oklahoma,50,31,108,51,38,554,1,1,West Virginia,49,47,458,35,20,320,2,0,V,11,1,-16,-350,16,18,234,-1,1
1307,11/17/2012,Oklahoma State,59,42,256,22,12,231,0,0,Texas Tech,21,34,99,42,29,284,2,1,H,10,38,8,157,-20,-17,-53,-2,-1
1308,11/17/2012,Oregon,14,40,198,37,21,207,1,0,Stanford,17,46,200,36,25,211,1,2,H,19,-3,-6,-2,1,-4,-4,0,-2
1309,11/17/2012,Oregon State,62,35,200,39,28,359,1,0,California,14,40,190,31,18,132,1,3,H,16,48,-5,10,8,10,227,0,-3
1310,11/17/2012,Penn State,45,44,151,32,22,395,1,1,Indiana,22,26,4,59,33,439,2,0,H,16.5,23,18,147,-27,-11,-44,-1,1
1311,11/17/2012,Purdue,20,37,207,28,19,191,0,0,Illinois,17,39,173,38,22,160,0,3,V,6.5,3,-2,34,-10,-3,31,0,-3
1312,11/17/2012,Rice,36,40,126,37,24,297,0,0,S-M-U,14,28,103,27,15,214,0,2,H,-3.5,22,12,23,10,9,83,0,-2
1313,11/17/2012,Rutgers,10,47,234,20,11,186,2,0,Cincinnati,3,28,90,31,17,251,2,0,V,-6.5,7,19,144,-11,-6,-65,0,0
1314,11/17/2012,S-M-U,14,28,103,27,15,214,0,2,Rice,36,40,126,37,24,297,0,0,V,3.5,-22,-12,-23,-10,-9,-83,0,2
1315,11/17/2012,San Jose State,20,32,58,34,25,305,1,0,Brigham Young,14,33,87,51,28,335,1,2,H,-3,6,-1,-29,-17,-3,-30,0,-2
1316,11/17/2012,South Alabama,12,40,149,30,17,189,3,1,Middle Tennessee,20,41,212,29,16,233,0,0,H,-7,-8,-1,-63,1,1,-44,3,1
1317,11/17/2012,South Carolina,24,41,171,21,16,122,1,1,Wofford,7,60,259,3,1,71,0,3,H, ,17,-19,-88,18,15,51,1,-2
1318,11/17/2012,South Florida,9,29,154,43,23,204,2,1,Miami-Florida,40,30,85,37,25,463,0,1,V,-6.5,-31,-1,69,6,-2,-259,2,0
1319,11/17/2012,Southern Cal,28,30,172,43,23,341,2,1,U.C.L.A.,38,50,172,30,22,234,0,1,V,5,-10,-20,0,13,1,107,2,0
1320,11/17/2012,Southern Miss,33,38,158,22,16,374,1,0,UTEP,34,42,170,18,10,189,0,0,H,-3,-1,-4,-12,4,6,185,1,0
1321,11/17/2012,Stanford,17,46,200,36,25,211,1,2,Oregon,14,40,197,37,21,207,1,0,V,-19,3,6,3,-1,4,4,0,2
1322,11/17/2012,Syracuse,31,36,123,40,26,385,1,0,Missouri,27,41,120,31,21,364,1,0,V,-6,4,-5,3,9,5,21,0,0
1323,11/17/2012,Temple,63,57,534,4,2,31,0,0,Army,32,62,412,9,4,88,0,2,V,-3.5,31,-5,122,-5,-2,-57,0,-2
1324,11/17/2012,Tennessee,18,33,149,41,19,154,3,0,Vanderbilt,41,40,194,28,14,248,1,0,V,-2.5,-23,-7,-45,13,5,-94,2,0
1325,11/17/2012,Texas A+M,47,29,157,29,18,370,1,3,Sam Houston State,28,55,191,32,16,191,1,1,H, ,19,-26,-34,-3,2,179,0,2
1326,11/17/2012,Texas State,10,32,115,42,25,290,0,1,Navy,21,62,407,8,3,35,0,1,V,-13,-11,-30,-292,34,22,255,0,0
1327,11/17/2012,Texas Tech,21,34,99,42,29,284,2,1,Oklahoma State,59,42,256,22,12,231,0,0,V,-10,-38,-8,-157,20,17,53,2,1
1328,11/17/2012,Texas-San Antonio,34,37,192,36,23,232,0,1,Idaho,27,27,127,40,25,342,1,2,V,5,7,10,65,-4,-2,-110,-1,-1
1329,11/17/2012,Troy,34,33,71,38,28,447,0,1,Arkansas State,41,41,226,42,28,369,1,0,H,-4,-7,-8,-155,-4,0,78,-1,1
1330,11/17/2012,Tulane,23,22,9,57,36,293,0,0,East Carolina,28,37,172,33,19,215,2,0,H,-10,-5,-15,-163,24,17,78,-2,0
1331,11/17/2012,Tulsa,23,53,209,34,21,252,1,1,U-C-F,21,34,66,31,13,169,0,0,H,1,2,19,143,3,8,83,1,1
1332,11/17/2012,U-A-B,9,28,26,42,23,187,1,1,Memphis,46,42,173,17,15,160,0,2,H,8.5,-37,-14,-147,25,8,27,1,-1
1333,11/17/2012,U-C-F,21,34,66,31,13,169,0,0,Tulsa,23,53,209,34,21,252,1,1,V,-1,-2,-19,-143,-3,-8,-83,-1,-1
1334,11/17/2012,U.C.L.A.,38,50,172,30,22,234,0,1,Southern Cal,28,30,172,43,23,341,2,1,H,-5,10,20,0,-13,-1,-107,-2,0
1335,11/17/2012,UL-Lafayette,31,34,324,33,23,258,2,2,Western Kentucky,27,51,266,19,10,149,1,0,H,4.5,4,-17,58,14,13,109,1,2
1336,11/17/2012,UL-Monroe,42,31,161,40,30,357,1,0,North Texas,16,36,144,46,28,323,2,0,H,10,26,-5,17,-6,2,34,-1,0
1337,11/17/2012,UTEP,34,42,170,18,10,189,0,0,Southern Miss,33,38,158,22,16,374,1,0,V,3,1,4,12,-4,-6,-185,-1,0
1338,11/17/2012,Utah,24,36,136,41,29,313,0,1,Arizona,34,46,320,27,12,160,0,2,H,3,-10,-10,-184,14,17,153,0,-1
1339,11/17/2012,Utah State,48,45,306,34,20,340,0,0,Louisiana Tech,41,47,233,61,35,396,2,1,V,3,7,-2,73,-27,-15,-56,-2,-1
1340,11/17/2012,Vanderbilt,41,39,182,29,15,260,1,0,Tennessee,18,33,149,41,19,154,3,0,H,2.5,23,6,33,-12,-4,106,-2,0
1341,11/17/2012,Virginia Tech,30,48,154,33,16,247,0,0,Boston College,23,45,167,30,13,129,1,0,V,10,7,3,-13,3,3,118,-1,0
1342,11/17/2012,Wake Forest,0,25,55,35,23,154,0,1,Notre Dame,38,30,221,36,22,363,1,0,V,-23.5,-38,-5,-166,-1,1,-209,-1,1
1343,11/17/2012,Washington,38,38,228,29,22,248,0,1,Colorado,3,31,90,23,10,51,2,3,V,20.5,35,7,138,6,12,197,-2,-2
1344,11/17/2012,Washington State,7,19,1,49,21,240,2,0,Arizona State,46,61,260,32,27,301,1,1,V,-22.5,-39,-42,-259,17,-6,-61,1,-1
1345,11/17/2012,West Virginia,49,47,458,35,20,320,2,0,Oklahoma,50,31,108,51,38,554,1,1,H,-11,-1,16,350,-16,-18,-234,1,-1
1346,11/17/2012,Western Kentucky,27,51,266,19,10,149,1,0,UL-Lafayette,31,34,324,33,23,258,2,2,V,-4.5,-4,17,-58,-14,-13,-109,-1,-2
1347,11/17/2012,Western Michigan,23,20,115,50,29,328,1,1,Eastern Michigan,29,49,195,22,14,174,0,0,H,14,-6,-29,-80,28,15,154,1,1
1348,11/17/2012,Wisconsin,14,56,206,27,14,154,0,1,Ohio State,21,41,139,18,10,97,0,0,H,0,-7,15,67,9,4,57,0,1
1349,11/17/2012,Wyoming,28,32,95,33,25,412,0,0,Nevada-Las Vegas,23,40,158,36,22,268,0,1,V,1.5,5,-8,-63,-3,3,144,0,-1
1350,11/20/2012,Akron,23,30,67,46,30,265,1,0,Toledo,35,34,132,35,29,327,1,1,V,-17.5,-12,-4,-65,11,1,-62,0,-1
1351,11/20/2012,Toledo,35,34,132,35,29,327,1,1,Akron,23,30,67,46,30,265,1,0,H,17.5,12,4,65,-11,-1,62,0,1
1352,11/22/2012,Texas,13,33,86,38,21,214,3,1,Texas Christian,20,48,217,10,7,82,1,0,H,7.5,-7,-15,-131,28,14,132,2,1
1353,11/22/2012,Texas Christian,20,48,217,10,7,82,1,0,Texas,13,33,86,38,21,214,3,1,V,-7.5,7,15,131,-28,-14,-132,-2,-1
1354,11/23/2012,Arizona,34,57,292,39,19,230,3,1,Arizona State,41,55,269,29,16,191,0,2,H,3,-7,2,23,10,3,39,3,-1
1355,11/23/2012,Arizona State,41,55,269,29,16,191,0,2,Arizona,34,57,292,39,19,230,3,1,V,-3,7,-2,-23,-10,-3,-39,-3,1
1356,11/23/2012,Arkansas,13,24,103,53,31,359,1,1,Louisiana State,20,38,89,29,16,217,0,0,H,-12,-7,-14,14,24,15,142,1,1
1357,11/23/2012,Ball State,31,58,226,22,11,137,0,0,Miami-Ohio,24,25,103,40,26,218,0,1,V,8,7,33,123,-18,-15,-81,0,-1
1358,11/23/2012,Bowling Green,21,42,82,30,18,228,3,0,Buffalo,7,29,29,31,13,168,0,1,N,9,14,13,53,-1,5,60,3,-1
1359,11/23/2012,Buffalo,7,29,29,31,13,168,0,1,Bowling Green,21,42,82,30,18,228,3,0,N,-9,-14,-13,-53,1,-5,-60,-3,1
1360,11/23/2012,Central Michigan,42,42,262,19,10,82,1,0,Massachusetts,21,26,64,46,30,253,4,0,V,11,21,16,198,-27,-20,-171,-3,0
1361,11/23/2012,Cincinnati,27,40,194,27,17,178,0,0,South Florida,10,38,130,39,21,176,0,2,H,14,17,2,64,-12,-4,2,0,-2
1362,11/23/2012,Colorado,35,35,112,52,30,306,4,1,Utah,42,36,208,25,13,128,0,1,H,-23.5,-7,-1,-96,27,17,178,4,0
1363,11/23/2012,East Carolina,65,38,116,48,38,439,0,0,Marshall,59,45,214,55,43,419,2,1,H,6.5,6,-7,-98,-7,-5,20,-2,-1
1364,11/23/2012,Eastern Michigan,7,37,94,24,12,133,1,0,Northern Illinois,49,39,242,27,17,173,0,0,H,-21,-42,-2,-148,-3,-5,-40,1,0
1365,11/23/2012,Iowa,7,39,108,24,11,92,2,0,Nebraska,13,53,200,14,8,63,0,2,H,-15,-6,-14,-92,10,3,29,2,-2
1366,11/23/2012,Iowa State,24,46,234,31,13,162,0,1,West Virginia,31,41,239,31,22,236,0,0,H,-3,-7,5,-5,0,-9,-74,0,1
1367,11/23/2012,Kent State,28,38,207,20,9,170,1,1,Ohio,6,50,107,37,21,232,1,1,H,9.5,22,-12,100,-17,-12,-62,0,0
1368,11/23/2012,Louisiana State,20,38,89,29,16,217,0,0,Arkansas,13,24,103,53,31,359,1,1,V,12,7,14,-14,-24,-15,-142,-1,-1
1369,11/23/2012,Marshall,59,45,214,55,43,419,2,1,East Carolina,65,38,116,48,38,439,0,0,V,-6.5,-6,7,98,7,5,-20,2,1
1370,11/23/2012,Massachusetts,21,26,64,46,30,253,4,0,Central Michigan,42,42,262,19,10,82,1,0,H,-11,-21,-16,-198,27,20,171,3,0
1371,11/23/2012,Miami-Ohio,24,25,103,40,26,218,0,1,Ball State,31,58,226,22,11,137,0,0,H,-8,-7,-33,-123,18,15,81,0,1
1372,11/23/2012,Nebraska,13,53,200,14,8,63,0,2,Iowa,7,39,108,24,11,92,2,0,V,15,6,14,92,-10,-3,-29,-2,2
1373,11/23/2012,Northern Illinois,49,39,242,27,17,173,0,0,Eastern Michigan,7,37,94,24,12,133,1,0,V,21,42,2,148,3,5,40,-1,0
1374,11/23/2012,Ohio,6,50,107,37,21,232,1,1,Kent State,28,38,207,20,9,170,1,1,V,-9.5,-22,12,-100,17,12,62,0,0
1375,11/23/2012,South Florida,10,38,130,39,21,176,0,2,Cincinnati,27,40,194,27,17,178,0,0,V,-14,-17,-2,-64,12,4,-2,0,2
1376,11/23/2012,Syracuse,38,49,260,28,16,215,0,2,Temple,20,37,167,23,16,173,2,2,V,7.5,18,12,93,5,0,42,-2,0
1377,11/23/2012,Temple,20,37,167,23,16,173,2,2,Syracuse,38,49,260,28,16,215,0,2,H,-7.5,-18,-12,-93,-5,0,-42,2,0
1378,11/23/2012,Utah,42,36,208,25,13,128,0,1,Colorado,35,35,112,52,30,306,4,1,V,23.5,7,1,96,-27,-17,-178,-4,0
1379,11/23/2012,Washington,28,33,75,34,20,194,1,1,Washington State,31,24,19,53,33,350,2,2,V,14,-3,9,56,-19,-13,-156,-1,-1
1380,11/23/2012,Washington State,31,24,19,53,33,350,2,2,Washington,28,33,75,34,20,194,1,1,H,-14,3,-9,-56,19,13,156,1,1
1381,11/23/2012,West Virginia,31,41,239,31,22,236,0,0,Iowa State,24,46,234,31,13,162,0,1,V,3,7,-5,5,0,9,74,0,-1
1382,11/24/2012,Air Force,15,68,254,10,4,63,1,2,Fresno State,48,43,124,34,30,479,0,1,V,-16.5,-33,25,130,-24,-26,-416,1,1
1383,11/24/2012,Alabama,49,47,267,22,15,216,0,1,Auburn,0,32,92,15,5,71,2,1,H,34,49,15,175,7,10,145,-2,0
1384,11/24/2012,Auburn,0,32,92,15,5,71,2,1,Alabama,49,47,267,22,15,216,0,1,V,-34,-49,-15,-175,-7,-10,-145,2,0
1385,11/24/2012,Baylor,52,57,278,37,22,396,0,0,Texas Tech,45,32,208,41,30,359,3,1,N,3.5,7,25,70,-4,-8,37,-3,-1
1386,11/24/2012,Boston College,10,29,199,45,16,123,3,0,No Carolina State,27,39,131,41,27,245,0,1,V,-14,-17,-10,68,4,-11,-122,3,-1
1387,11/24/2012,Brigham Young,50,35,136,50,34,384,0,0,New Mexico State,14,27,29,24,13,158,0,0,V,27,36,8,107,26,21,226,0,0
1388,11/24/2012,Clemson,17,35,145,24,11,183,2,0,South Carolina,27,45,134,41,23,310,1,0,H,4,-10,-10,11,-17,-12,-127,1,0
1389,11/24/2012,Colorado State,24,36,159,26,19,254,1,0,New Mexico,20,37,137,21,12,205,0,0,H,3.5,4,-1,22,5,7,49,1,0
1390,11/24/2012,Connecticut,23,39,149,28,9,92,1,0,Louisville,20,28,27,65,35,374,1,0,V,-10.5,3,11,122,-37,-26,-282,0,0
1391,11/24/2012,Duke,45,32,151,62,36,432,0,0,Miami-Florida,52,40,248,27,16,398,0,0,H,-6,-7,-8,-97,35,20,34,0,0
1392,11/24/2012,Florida,37,47,244,25,16,150,0,1,Florida State,26,25,112,36,19,188,3,2,V,-6.5,11,22,132,-11,-3,-38,-3,-1
1393,11/24/2012,Florida Intl,17,45,136,31,22,226,0,2,UL-Monroe,23,27,9,42,32,226,0,1,H,-4,-6,18,127,-11,-10,0,0,1
1394,11/24/2012,Florida State,26,25,112,36,19,188,3,2,Florida,37,47,244,25,16,150,0,1,H,6.5,-11,-22,-132,11,3,38,3,1
1395,11/24/2012,Fresno State,48,43,124,34,30,479,0,1,Air Force,15,68,254,10,4,63,1,2,H,16.5,33,-25,-130,24,26,416,-1,-1
1396,11/24/2012,Georgia,42,31,164,18,14,215,0,0,Georgia Tech,10,67,306,21,10,120,1,1,H,15,32,-36,-142,-3,4,95,-1,-1
1397,11/24/2012,Georgia Tech,10,67,306,21,10,120,1,1,Georgia,42,31,164,18,14,215,0,0,V,-15,-32,36,142,3,-4,-95,1,1
1398,11/24/2012,Hawaii,48,49,139,27,13,201,0,0,Nevada-Las Vegas,10,24,37,43,17,166,3,0,H,-3,38,25,102,-16,-4,35,-3,0
1399,11/24/2012,Houston,40,39,221,47,26,370,3,0,Tulane,17,21,43,66,36,346,4,2,H,12.5,23,18,178,-19,-10,24,-1,-2
1400,11/24/2012,Idaho,9,47,158,26,12,52,3,1,Utah State,45,31,133,26,18,117,2,0,V,-37.5,-36,16,25,0,-6,-65,1,1
1401,11/24/2012,Illinois,14,27,126,18,12,116,3,1,Northwestern,50,67,338,16,11,112,1,1,V,-19.5,-36,-40,-212,2,1,4,2,0
1402,11/24/2012,Indiana,35,35,164,53,31,348,3,1,Purdue,56,38,185,32,21,373,1,0,V,-5.5,-21,-3,-21,21,10,-25,2,1
1403,11/24/2012,Kentucky,17,37,167,47,30,245,0,0,Tennessee,37,32,164,34,20,293,0,0,V,-14,-20,5,3,13,10,-48,0,0
1404,11/24/2012,Louisiana Tech,43,22,58,60,39,483,3,0,San Jose State,52,41,243,37,25,367,1,1,V,-3.5,-9,-19,-185,23,14,116,2,-1
1405,11/24/2012,Louisville,20,28,27,65,35,374,1,0,Connecticut,23,39,149,28,9,92,1,0,H,10.5,-3,-11,-122,37,26,282,0,0
1406,11/24/2012,Maryland,38,37,188,36,17,216,1,0,North Carolina,45,37,189,40,28,305,0,1,V,-25,-7,0,-1,-4,-11,-89,1,-1
1407,11/24/2012,Memphis,42,44,275,18,12,162,0,1,Southern Miss,24,32,95,27,13,193,0,1,H,3,18,12,180,-9,-1,-31,0,0
1408,11/24/2012,Miami-Florida,52,40,248,27,16,398,0,0,Duke,45,32,151,62,36,432,0,0,V,6,7,8,97,-35,-20,-34,0,0
1409,11/24/2012,Michigan,21,27,108,20,11,171,1,3,Ohio State,26,52,207,18,14,189,0,2,V,-4,-5,-25,-99,2,-3,-18,1,1
1410,11/24/2012,Michigan State,26,44,278,29,13,143,2,0,Minnesota,10,19,4,30,13,92,4,0,V,8.5,16,25,274,-1,0,51,-2,0
1411,11/24/2012,Middle Tennessee,24,27,152,37,18,176,1,1,Troy,21,39,191,48,31,281,2,3,H,3,3,-12,-39,-11,-13,-105,-1,-2
1412,11/24/2012,Minnesota,10,19,4,30,13,92,4,0,Michigan State,26,44,278,29,13,143,2,0,H,-8.5,-16,-25,-274,1,0,-51,2,0
1413,11/24/2012,Mississippi,41,56,233,22,15,294,2,1,Mississippi State,24,25,30,39,21,303,2,0,H,0,17,31,203,-17,-6,-9,0,1
1414,11/24/2012,Mississippi State,24,25,30,39,21,303,2,0,Mississippi,41,56,233,22,15,294,2,1,V,0,-17,-31,-203,17,6,9,0,-1
1415,11/24/2012,Missouri,29,36,189,38,20,276,1,1,Texas A+M,59,42,237,50,35,410,1,0,V,-21.5,-30,-6,-48,-12,-15,-134,0,1
1416,11/24/2012,Nevada-Las Vegas,10,24,37,43,17,166,3,0,Hawaii,48,49,139,27,13,201,0,0,V,3,-38,-25,-102,16,4,-35,3,0
1417,11/24/2012,New Mexico,20,37,137,21,12,205,0,0,Colorado State,24,36,159,26,19,254,1,0,V,-3.5,-4,1,-22,-5,-7,-49,-1,0
1418,11/24/2012,New Mexico State,14,27,29,24,13,158,0,0,Brigham Young,50,35,136,50,34,384,0,0,H,-27,-36,-8,-107,-26,-21,-226,0,0
1419,11/24/2012,No Carolina State,27,39,131,41,27,245,0,1,Boston College,10,29,199,45,16,123,3,0,H,14,17,10,-68,-4,11,122,-3,1
1420,11/24/2012,North Carolina,45,37,189,40,28,305,0,1,Maryland,38,37,188,36,17,216,1,0,H,25,7,0,1,4,11,89,-1,1
1421,11/24/2012,North Texas,24,40,153,25,18,146,2,0,Western Kentucky,25,31,215,29,14,173,1,2,V,-11.5,-1,9,-62,-4,4,-27,1,-2
1422,11/24/2012,Northwestern,50,67,338,16,11,112,1,1,Illinois,14,27,126,18,12,116,3,1,H,19.5,36,40,212,-2,-1,-4,-2,0
1423,11/24/2012,Notre Dame,22,42,222,27,15,217,0,0,Southern Cal,13,27,95,24,14,186,2,0,V,5,9,15,127,3,1,31,-2,0
1424,11/24/2012,Ohio State,26,52,207,18,14,189,0,2,Michigan,21,27,108,20,11,171,1,3,H,4,5,25,99,-2,3,18,-1,-1
1425,11/24/2012,Oklahoma,51,30,106,73,47,512,1,1,Oklahoma State,48,41,201,38,20,289,1,0,H,6,3,-11,-95,35,27,223,0,1
1426,11/24/2012,Oklahoma State,48,41,201,38,20,289,1,0,Oklahoma,51,30,106,73,47,512,1,1,V,-6,-3,11,95,-35,-27,-223,0,-1
1427,11/24/2012,Oregon,48,64,430,24,17,140,0,0,Oregon State,24,25,82,49,31,311,4,2,V,11.5,24,39,348,-25,-14,-171,-4,-2
1428,11/24/2012,Oregon State,24,25,82,48,31,311,4,2,Oregon,48,64,430,24,17,140,0,0,H,-11.5,-24,-39,-348,24,14,171,4,2
1429,11/24/2012,Penn State,24,45,163,37,19,200,0,0,Wisconsin,21,43,158,25,12,191,1,0,H,2,3,2,5,12,7,9,-1,0
1430,11/24/2012,Pittsburgh,27,37,138,39,21,227,0,1,Rutgers,6,24,50,38,19,157,1,0,H,1,21,13,88,1,2,70,-1,1
1431,11/24/2012,Purdue,56,38,185,32,21,373,1,0,Indiana,35,35,164,53,31,348,3,1,H,5.5,21,3,21,-21,-10,25,-2,-1
1432,11/24/2012,Rice,33,55,246,30,21,207,0,2,UTEP,24,32,148,27,10,295,0,0,V,0,9,23,98,3,11,-88,0,2
1433,11/24/2012,Rutgers,6,24,50,38,19,157,1,0,Pittsburgh,27,37,138,39,21,227,0,1,V,-1,-21,-13,-88,-1,-2,-70,1,-1
1434,11/24/2012,S-M-U,35,35,192,27,10,113,0,0,Tulsa,27,38,178,65,36,413,1,2,H,-6,8,-3,14,-38,-26,-300,-1,-2
1435,11/24/2012,San Diego State,42,48,400,24,19,164,1,2,Wyoming,28,36,122,36,19,260,0,1,V,7,14,12,278,-12,0,-96,1,1
1436,11/24/2012,San Jose State,52,41,243,37,25,367,1,1,Louisiana Tech,43,22,58,60,39,483,3,0,H,3.5,9,19,185,-23,-14,-116,-2,1
1437,11/24/2012,South Alabama,30,28,54,44,27,360,0,1,UL-Lafayette,52,42,176,24,14,362,0,1,V,-18.5,-22,-14,-122,20,13,-2,0,0
1438,11/24/2012,South Carolina,27,45,134,41,23,310,1,0,Clemson,17,35,145,24,11,183,2,0,V,-4,10,10,-11,17,12,127,-1,0
1439,11/24/2012,Southern Cal,13,27,95,24,14,186,2,0,Notre Dame,22,42,222,27,15,217,0,0,H,-5,-9,-15,-127,-3,-1,-31,2,0
1440,11/24/2012,Southern Miss,24,32,95,27,13,193,0,1,Memphis,42,44,275,18,12,162,0,1,V,-3,-18,-12,-180,9,1,31,0,0
1441,11/24/2012,Stanford,35,49,221,22,15,160,0,1,U.C.L.A.,17,33,73,38,20,261,1,1,V,3,18,16,148,-16,-5,-101,-1,0
1442,11/24/2012,Tennessee,37,32,164,34,20,293,0,0,Kentucky,17,37,167,47,30,245,0,0,H,14,20,-5,-3,-13,-10,48,0,0
1443,11/24/2012,Texas A+M,59,42,237,50,35,410,1,0,Missouri,29,36,189,38,20,276,1,1,H,21.5,30,6,48,12,15,134,0,-1
1444,11/24/2012,Texas State,31,32,68,43,31,324,0,2,Texas-San Antonio,38,40,299,31,15,200,3,0,V,1,-7,-8,-231,12,16,124,-3,2
1445,11/24/2012,Texas Tech,45,32,208,41,30,359,3,1,Baylor,52,57,278,37,22,396,0,0,N,-3.5,-7,-25,-70,4,8,-37,3,1
1446,11/24/2012,Texas-San Antonio,38,40,299,31,15,200,3,0,Texas State,31,32,68,43,31,324,0,2,H,-1,7,8,231,-12,-16,-124,3,-2
1447,11/24/2012,Troy,21,39,191,48,31,281,2,3,Middle Tennessee,24,27,152,37,18,176,1,1,V,-3,-3,12,39,11,13,105,1,2
1448,11/24/2012,Tulane,17,21,43,66,36,346,4,2,Houston,40,39,221,47,26,370,3,0,V,-12.5,-23,-18,-178,19,10,-24,1,2
1449,11/24/2012,Tulsa,27,38,178,65,36,413,1,2,S-M-U,35,35,192,27,10,113,0,0,V,6,-8,3,-14,38,26,300,1,2
1450,11/24/2012,U-A-B,24,27,89,56,37,510,1,1,U-C-F,49,39,229,24,18,244,0,0,V,-21.5,-25,-12,-140,32,19,266,1,1
1451,11/24/2012,U-C-F,49,39,229,24,18,244,0,0,U-A-B,24,27,89,56,37,510,1,1,H,21.5,25,12,140,-32,-19,-266,-1,-1
1452,11/24/2012,U.C.L.A.,17,33,73,38,20,261,1,1,Stanford,35,49,221,22,15,160,0,1,H,-3,-18,-16,-148,16,5,101,1,0
1453,11/24/2012,UL-Lafayette,52,42,176,24,14,362,0,1,South Alabama,30,28,54,44,27,360,0,1,H,18.5,22,14,122,-20,-13,2,0,0
1454,11/24/2012,UL-Monroe,23,27,9,42,32,226,0,1,Florida Intl,17,45,136,31,22,226,0,2,V,4,6,-18,-127,11,10,0,0,-1
1455,11/24/2012,UTEP,24,32,148,27,10,295,0,0,Rice,33,55,246,30,21,207,0,2,H,0,-9,-23,-98,-3,-11,88,0,-2
1456,11/24/2012,Utah State,45,31,133,26,18,117,2,0,Idaho,9,47,158,26,12,52,3,1,H,37.5,36,-16,-25,0,6,65,-1,-1
1457,11/24/2012,Vanderbilt,55,34,203,23,17,229,1,2,Wake Forest,21,44,124,38,18,186,1,1,V,13.5,34,-10,79,-15,-1,43,0,1
1458,11/24/2012,Virginia,14,20,30,36,17,187,1,1,Virginia Tech,17,57,174,38,18,129,0,1,V,-10,-3,-37,-144,-2,-1,58,1,0
1459,11/24/2012,Virginia Tech,17,57,174,38,18,129,0,1,Virginia,14,20,30,36,17,187,1,1,H,10,3,37,144,2,1,-58,-1,0
1460,11/24/2012,Wake Forest,21,44,124,38,18,186,1,1,Vanderbilt,55,34,203,23,17,229,1,2,H,-13.5,-34,10,-79,15,1,-43,0,-1
1461,11/24/2012,Western Kentucky,25,31,215,29,14,173,1,2,North Texas,24,40,153,25,18,146,2,0,H,11.5,1,-9,62,4,-4,27,-1,2
1462,11/24/2012,Wisconsin,21,43,158,25,12,191,1,0,Penn State,24,45,163,37,19,200,0,0,V,-2,-3,-2,-5,-12,-7,-9,1,0
1463,11/24/2012,Wyoming,28,36,122,36,19,260,0,1,San Diego State,42,48,400,24,19,164,1,2,H,-7,-14,-12,-278,12,0,96,-1,-1
1464,11/29/2012,Louisville,20,41,42,39,28,322,1,0,Rutgers,17,17,54,28,13,284,2,1,V,-3,3,24,-12,11,15,38,-1,-1
1465,11/29/2012,Rutgers,17,17,54,28,13,284,2,1,Louisville,20,41,42,39,28,322,1,0,H,3,-3,-24,12,-11,-15,-38,1,1
1466,11/30/2012,Kent State,37,42,70,37,15,190,2,0,Northern Illinois,44,56,312,34,19,212,1,2,N,-7,-7,-14,-242,3,-4,-22,1,-2
1467,11/30/2012,Northern Illinois,44,56,312,34,19,212,1,2,Kent State,37,42,70,37,15,190,2,0,N,7,7,14,242,-3,4,22,-1,2
1468,11/30/2012,Stanford,27,43,170,23,16,155,0,0,U.C.L.A.,24,38,284,32,23,177,1,0,N,9.5,3,5,-114,-9,-7,-22,-1,0
1469,11/30/2012,U.C.L.A.,24,38,284,32,23,177,1,0,Stanford,27,43,170,23,16,155,0,0,N,-9.5,-3,-5,114,9,7,22,1,0
1470,12/01/2012,Alabama,32,51,350,21,13,162,1,1,Georgia,28,29,113,34,19,281,1,0,N,8,4,22,237,-13,-6,-119,0,1
1471,12/01/2012,Arkansas State,45,47,274,21,19,238,0,0,Middle Tennessee,0,29,89,26,15,114,2,0,H,13,45,18,185,-5,4,124,-2,0
1472,12/01/2012,Baylor,41,55,319,39,23,296,0,1,Oklahoma State,34,37,218,53,31,342,2,0,H,-4,7,18,101,-14,-8,-46,-2,1
1473,12/01/2012,Boise State,27,41,215,28,20,219,0,0,Nevada-Reno,21,46,227,20,14,203,0,1,V,7.5,6,-5,-12,8,6,16,0,-1
1474,12/01/2012,Cincinnati,34,32,72,30,20,284,0,1,Connecticut,17,29,36,47,23,337,3,0,V,4,17,3,36,-17,-3,-53,-3,1
1475,12/01/2012,Connecticut,17,29,36,47,23,337,3,0,Cincinnati,34,32,72,30,20,284,0,1,H,-4,-17,-3,-36,17,3,53,3,-1
1476,12/01/2012,Florida Atlantic,21,28,149,38,25,379,2,1,UL-Lafayette,35,50,284,20,13,168,0,0,H,-8.5,-14,-22,-135,18,12,211,2,1
1477,12/01/2012,Florida State,21,37,199,21,16,139,1,2,Georgia Tech,15,52,188,16,5,118,2,0,N,14,6,-15,11,5,11,21,-1,2
1478,12/01/2012,Georgia,28,29,113,34,19,281,1,0,Alabama,32,51,350,21,13,162,1,1,N,-8,-4,-22,-237,13,6,119,0,-1
1479,12/01/2012,Georgia Tech,15,52,183,16,5,118,2,0,Florida State,21,37,194,21,16,134,1,2,N,-14,-6,15,-11,-5,-11,-16,1,-2
1480,12/01/2012,Hawaii,23,47,229,23,11,181,2,2,South Alabama,7,34,19,31,14,148,2,1,H,7,16,13,210,-8,-3,33,0,1
1481,12/01/2012,Kansas,10,45,157,16,7,117,1,0,West Virginia,59,46,240,25,23,407,1,0,V,-21,-49,-1,-83,-9,-16,-290,0,0
1482,12/01/2012,Kansas State,42,45,168,14,8,184,1,0,Texas,24,30,99,35,26,314,2,1,H,10,18,15,69,-21,-18,-130,-1,-1
1483,12/01/2012,Middle Tennessee,0,29,89,26,15,114,2,0,Arkansas State,45,47,274,21,19,238,0,0,V,-13,-45,-18,-185,5,-4,-124,2,0
1484,12/01/2012,Nebraska,31,44,282,34,18,195,2,1,Wisconsin,70,50,539,10,8,101,0,0,N,3,-39,-6,-257,24,10,94,2,1
1485,12/01/2012,Nevada-Reno,21,46,227,20,14,203,0,1,Boise State,27,41,215,28,20,219,0,0,H,-7.5,-6,5,12,-8,-6,-16,0,1
1486,12/01/2012,New Mexico State,28,42,171,29,16,248,1,3,Texas State,66,40,446,19,9,82,0,0,V,-13.5,-38,2,-275,10,7,166,1,3
1487,12/01/2012,Oklahoma,24,32,177,40,22,244,1,1,Texas Christian,17,31,119,31,17,231,0,1,V,6.5,7,1,58,9,5,13,1,0
1488,12/01/2012,Oklahoma State,34,37,218,53,31,342,2,0,Baylor,41,55,319,39,23,296,0,1,V,4,-7,-18,-101,14,8,46,2,-1
1489,12/01/2012,Oregon State,77,40,230,44,36,453,0,0,Nicholls State,3,17,49,33,20,174,2,2,H, ,74,23,181,11,16,279,-2,-2
1490,12/01/2012,Pittsburgh,27,47,116,25,19,211,0,0,South Florida,3,20,8,28,13,109,3,1,V,7,24,27,108,-3,6,102,-3,-1
1491,12/01/2012,South Alabama,7,34,18,31,14,148,2,1,Hawaii,23,47,229,23,11,181,2,2,V,-7,-16,-13,-211,8,3,-33,0,-1
1492,12/01/2012,South Florida,3,20,8,28,13,109,3,1,Pittsburgh,27,47,116,25,19,211,0,0,H,-7,-24,-27,-108,3,-6,-102,3,1
1493,12/01/2012,Texas,24,30,99,35,26,314,2,1,Kansas State,42,45,168,14,8,184,1,0,V,-10,-18,-15,-69,21,18,130,1,1
1494,12/01/2012,Texas Christian,17,31,119,31,17,231,0,1,Oklahoma,24,32,177,40,22,244,1,1,H,-6.5,-7,-1,-58,-9,-5,-13,-1,0
1495,12/01/2012,Texas State,66,40,446,19,9,82,0,0,New Mexico State,28,42,171,29,16,248,1,3,H,13.5,38,-2,275,-10,-7,-166,-1,-3
1496,12/01/2012,Tulsa,33,69,290,25,14,153,1,1,U-C-F,27,36,136,33,14,194,0,1,H,3,6,33,154,-8,0,-41,1,0
1497,12/01/2012,U-C-F,27,36,136,33,14,194,0,1,Tulsa,33,69,290,25,14,153,1,1,V,-3,-6,-33,-154,8,0,41,-1,0
1498,12/01/2012,UL-Lafayette,35,50,284,20,13,168,0,0,Florida Atlantic,21,28,149,38,25,379,2,1,V,8.5,14,22,135,-18,-12,-211,-2,-1
1499,12/01/2012,West Virginia,59,46,240,25,23,407,1,0,Kansas,10,45,157,16,7,117,1,0,H,21,49,1,83,9,16,290,0,0
1500,12/01/2012,Wisconsin,70,50,539,10,8,101,0,0,Nebraska,31,44,282,34,18,195,2,1,N,-3,39,6,257,-24,-10,-94,-2,-1
1501,12/08/2012,Army,13,67,370,5,4,48,0,3,Navy,17,47,167,17,10,130,0,1,N,-7.5,-4,20,203,-12,-6,-82,0,2
1502,12/08/2012,Navy,17,47,167,17,10,130,0,1,Army,13,67,370,5,4,48,0,3,N,7.5,4,-20,-203,12,6,82,0,-2
