,Date,TeamName,ScoreOff,RushAttOff,RushYdsOff,PassAttOff,PassCompOff,PassYdsOff,PassIntOff,FumblesOff,Opponent,ScoreDef,RushAttDef,RushYdsDef,PassAttDef,PassCompDef,PassYdsDef,PassIntDef,FumblesDef,Site,Line,ScoreDiff,RushAttDiff,RushYdsDiff,PassAttDiff,PassCompDiff,PassYdsDiff,PassIntDiff,FumblesDiff
0,08/22/2002,Colorado State,35,41,187,27,17,229,0,2,Virginia,29,49,221,27,18,193,1,4,V,0,6,-8,-34,0,-1,36,-1,-2
1,08/22/2002,Virginia,29,49,221,27,18,193,1,4,Colorado State,35,41,187,27,17,229,0,2,H,0,-6,8,34,0,1,-36,1,2
2,08/23/2002,Fresno State,21,19,34,43,22,275,2,2,Wisconsin,23,57,198,25,11,160,0,2,V,-10,-2,-38,-164,18,11,115,2,0
3,08/23/2002,Wisconsin,23,57,198,25,11,160,0,2,Fresno State,21,19,34,43,22,275,2,2,H,10,2,38,164,-18,-11,-115,-2,0
4,08/24/2002,Arizona State,10,26,83,41,16,175,1,1,Nebraska,48,53,270,13,5,34,0,0,V,-22,-38,-27,-187,28,11,141,1,1
5,08/24/2002,Florida State,38,43,239,25,17,210,1,0,Iowa State,31,38,130,33,22,313,1,1,N,22.5,7,5,109,-8,-5,-103,0,-1
6,08/24/2002,Iowa State,31,38,130,33,22,313,1,1,Florida State,38,43,239,25,17,210,1,0,N,-22.5,-7,-5,-109,8,5,103,0,1
7,08/24/2002,Nebraska,48,53,270,13,5,34,0,0,Arizona State,10,26,83,41,16,175,1,1,H,22,38,27,187,-28,-11,-141,-1,-1
8,08/24/2002,New Mexico,14,24,85,35,19,157,2,1,No Carolina State,34,46,134,27,15,276,1,1,V,-13.5,-20,-22,-49,8,4,-119,1,0
9,08/24/2002,No Carolina State,34,46,134,27,15,276,1,1,New Mexico,14,24,85,35,19,157,2,1,H,13.5,20,22,49,-8,-4,119,-1,0
10,08/24/2002,Ohio State,45,57,317,17,13,160,0,0,Texas Tech,21,20,31,44,26,341,1,0,H,6,24,37,286,-27,-13,-181,-1,0
11,08/24/2002,Texas Tech,21,20,31,44,26,341,1,0,Ohio State,45,57,317,17,13,160,0,0,V,-6,-24,-37,-286,27,13,181,1,0
12,08/25/2002,Arkansas State,7,33,24,27,14,203,1,4,Virginia Tech,63,41,288,18,11,99,0,1,V,-37,-56,-8,-264,9,3,104,1,3
13,08/25/2002,Virginia Tech,63,41,288,18,11,99,0,1,Arkansas State,7,33,24,27,14,203,1,4,H,37,56,8,264,-9,-3,-104,-1,-3
14,08/29/2002,Bowling Green,41,34,144,32,20,184,0,0,Tennessee Tech,7,25,38,35,24,294,1,2,H, ,34,9,106,-3,-4,-110,-1,-2
15,08/29/2002,Brigham Young,42,39,218,55,36,397,1,2,Syracuse,21,42,198,24,8,128,2,1,H,3,21,-3,20,31,28,269,-1,1
16,08/29/2002,Buffalo,26,30,111,31,12,154,1,0,Lehigh,37,45,174,42,23,334,2,1,H, ,-11,-15,-63,-11,-11,-180,-1,-1
17,08/29/2002,Central Michigan,34,50,224,28,17,208,1,2,Sam Houston State,10,32,32,36,17,218,2,2,H, ,24,18,192,-8,0,-10,-1,0
18,08/29/2002,Fresno State,16,38,66,35,21,196,0,1,San Diego State,14,24,38,37,25,240,1,1,H,17,2,14,28,-2,-4,-44,-1,0
19,08/29/2002,Kent State,34,55,399,12,6,78,0,0,New Hampshire,7,41,161,33,21,177,0,1,H, ,27,14,238,-21,-15,-99,0,-1
20,08/29/2002,Northern Illinois,42,54,206,26,14,214,2,2,Wake Forest,41,50,344,17,9,107,0,0,H,0,1,4,-138,9,5,107,2,2
21,08/29/2002,Oregon State,49,45,241,28,17,359,0,3,Eastern Kentucky,10,47,102,23,11,100,4,3,H, ,39,-2,139,5,6,259,-4,0
22,08/29/2002,San Diego State,14,24,38,37,25,240,1,1,Fresno State,16,38,66,35,21,196,0,1,V,-17,-2,-14,-28,2,4,44,1,0
23,08/29/2002,South Florida,51,38,105,41,27,263,1,1,Florida Atlantic,10,43,-36,24,11,178,1,2,H, ,41,-5,141,17,16,85,0,-1
24,08/29/2002,Syracuse,21,42,198,24,8,128,2,1,Brigham Young,42,39,218,55,36,397,1,2,V,-3,-21,3,-20,-31,-28,-269,1,-1
25,08/29/2002,Temple,34,45,166,31,18,213,3,1,Richmond,7,42,71,17,8,133,2,3,H, ,27,3,95,14,10,80,1,-2
26,08/29/2002,Toledo,44,51,262,23,18,284,0,1,Cal-San Luis Obispo,16,31,64,21,14,109,1,0,H, ,28,20,198,2,4,175,-1,1
27,08/29/2002,Wake Forest,41,50,344,17,9,107,0,0,Northern Illinois,42,54,206,26,14,214,2,2,V,0,-1,-4,138,-9,-5,-107,-2,-2
28,08/29/2002,Western Michigan,48,30,73,42,25,330,1,1,Indiana State,17,44,155,16,8,42,2,2,H, ,31,-14,-82,26,17,288,-1,-1
29,08/30/2002,Oklahoma,37,42,378,28,16,131,2,1,Tulsa,0,38,102,22,12,111,0,2,V,37.5,37,4,276,6,4,20,2,-1
30,08/30/2002,Tulsa,0,38,102,22,12,111,0,2,Oklahoma,37,42,378,28,16,131,2,1,H,-37.5,-37,-4,-276,-6,-4,-20,-2,1
31,08/31/2002,Air Force,52,74,476,8,5,47,0,0,Northwestern,3,27,41,36,19,180,0,1,H,2,49,47,435,-28,-14,-133,0,-1
32,08/31/2002,Akron,21,36,67,38,28,296,1,2,Iowa,57,45,376,20,12,217,0,1,V,-21,-36,-9,-309,18,16,79,1,1
33,08/31/2002,Alabama,39,43,194,22,16,236,0,0,Mid Tennessee St,34,38,183,25,17,202,1,0,N,17,5,5,11,-3,-1,34,-1,0
34,08/31/2002,Alabama-Birmingham,3,37,150,31,11,90,0,1,Florida,51,38,233,32,20,410,1,0,V,-31.5,-48,-1,-83,-1,-9,-320,-1,1
35,08/31/2002,Arizona,37,41,103,41,23,407,0,0,Northern Arizona,3,28,115,25,11,87,1,1,H, ,34,13,-12,16,12,320,-1,-1
36,08/31/2002,Arizona State,38,53,242,25,16,187,0,1,Eastern Washington,2,26,0,38,19,215,1,0,H, ,36,27,242,-13,-3,-28,-1,1
37,08/31/2002,Arkansas State,14,30,103,36,17,185,3,2,San Jose State,33,41,159,34,17,174,1,3,N,-1.5,-19,-11,-56,2,0,11,2,-1
38,08/31/2002,Baylor,22,40,79,39,23,323,4,1,California,70,31,105,30,22,355,0,0,V,-5.5,-48,9,-26,9,1,-32,4,1
39,08/31/2002,Boise State,38,37,233,25,20,270,0,0,Idaho,21,32,93,41,26,272,2,0,H,23,17,5,140,-16,-6,-2,-2,0
40,08/31/2002,Boston College,24,34,114,33,19,239,2,1,Connecticut,16,34,40,38,24,203,2,0,H,32,8,0,74,-5,-5,36,0,1
41,08/31/2002,California,70,31,105,30,22,355,0,0,Baylor,22,40,79,39,23,323,4,1,H,5.5,48,-9,26,-9,-1,32,-4,-1
42,08/31/2002,Clemson,28,34,68,37,17,165,1,0,Georgia,31,39,86,25,15,117,1,2,V,-7.5,-3,-5,-18,12,2,48,0,-2
43,08/31/2002,Colorado,14,48,170,27,14,199,1,2,Colorado State,19,38,152,24,11,168,1,0,N,9.5,-5,10,18,3,3,31,0,2
44,08/31/2002,Colorado State,19,38,152,24,11,168,1,2,Colorado,14,48,170,27,14,199,1,0,N,-9.5,5,-10,-18,-3,-3,-31,0,2
45,08/31/2002,Connecticut,16,34,40,38,24,203,2,0,Boston College,24,34,114,33,19,239,2,1,V,-32,-8,0,-74,5,5,-36,0,-1
46,08/31/2002,Duke,23,49,155,20,10,86,0,0,East Carolina,16,27,25,34,13,130,3,1,H,-14,7,22,130,-14,-3,-44,-3,-1
47,08/31/2002,East Carolina,16,27,25,34,13,130,3,1,Duke,23,49,155,20,10,86,0,0,V,14,-7,-22,-130,14,3,44,3,1
48,08/31/2002,Eastern Michigan,7,20,54,49,23,187,0,0,Michigan State,56,48,369,25,15,256,1,0,V,-37,-49,-28,-315,24,8,-69,-1,0
49,08/31/2002,Florida,51,38,233,32,20,410,1,0,Alabama-Birmingham,3,37,150,31,11,90,0,1,H,31.5,48,1,83,1,9,320,1,-1
50,08/31/2002,Florida State,40,60,397,23,14,157,2,2,Virginia,19,33,62,32,20,251,0,3,H,30,21,27,335,-9,-6,-94,2,-1
51,08/31/2002,Georgia,31,39,86,25,15,117,1,2,Clemson,28,34,68,37,17,165,1,0,H,7.5,3,5,18,-12,-2,-48,0,2
52,08/31/2002,Georgia Tech,45,51,279,24,15,182,0,0,Vanderbilt,3,31,109,28,13,116,2,0,H,20.5,42,20,170,-4,2,66,-2,0
53,08/31/2002,Hawaii,61,23,125,40,24,453,1,1,Eastern Illinois,36,39,156,55,30,319,2,1,H, ,25,-16,-31,-15,-6,134,-1,0
54,08/31/2002,Houston,24,60,305,15,11,161,0,3,Rice,10,37,188,27,8,84,0,2,V,-6.5,14,23,117,-12,3,77,0,1
55,08/31/2002,Idaho,21,32,93,41,26,272,2,0,Boise State,38,37,233,25,20,270,0,0,V,-23,-17,-5,-140,16,6,2,2,0
56,08/31/2002,Illinois,20,34,67,42,18,246,1,2,Missouri,33,54,285,26,15,152,0,2,N,7.5,-13,-20,-218,16,3,94,1,0
57,08/31/2002,Indiana,25,42,103,32,16,165,3,1,William & Mary,17,29,-32,41,20,259,2,2,H, ,8,13,135,-9,-4,-94,1,-1
58,08/31/2002,Iowa,57,45,376,20,12,217,0,1,Akron,21,36,67,38,28,296,1,2,H,21,36,9,309,-18,-16,-79,-1,-1
59,08/31/2002,Iowa State,45,53,277,25,16,234,1,0,Kansas,3,33,69,32,10,81,3,0,H,22,42,20,208,-7,6,153,-2,0
60,08/31/2002,Kansas,3,33,69,32,10,81,3,0,Iowa State,45,53,277,25,16,234,1,0,V,-22,-42,-20,-208,7,-6,-153,2,0
61,08/31/2002,Kansas State,48,51,240,14,9,172,0,0,Western Kentucky,3,47,110,12,7,73,2,0,H, ,45,4,130,2,2,99,-2,0
62,08/31/2002,Louisiana Tech,39,23,38,66,38,448,0,1,Oklahoma State,36,30,158,41,22,204,0,0,H,0,3,-7,-120,25,16,244,0,1
63,08/31/2002,Marshall,50,39,136,43,28,498,0,2,Appalachian State,17,36,76,24,9,64,0,1,H, ,33,3,60,19,19,434,0,1
64,08/31/2002,Maryland,0,21,16,32,12,117,3,0,Notre Dame,22,45,130,27,17,226,0,0,N,-1,-22,-24,-114,5,-5,-109,3,0
65,08/31/2002,Memphis,52,34,267,33,24,255,0,4,Murray State,6,42,210,25,13,75,2,2,H, ,46,-8,57,8,11,180,-2,2
66,08/31/2002,Miami-Florida,63,33,312,26,12,204,1,3,Florida A & M,17,44,61,36,16,94,1,1,H, ,46,-11,251,-10,-4,110,0,2
67,08/31/2002,Miami-Ohio,27,56,175,33,16,204,0,2,North Carolina,21,28,94,46,28,353,3,6,V,-6,6,28,81,-13,-12,-149,-3,-4
68,08/31/2002,Michigan,31,36,150,39,22,268,1,1,Washington,29,34,81,45,28,318,1,1,H,6.5,2,2,69,-6,-6,-50,0,0
69,08/31/2002,Michigan State,56,48,369,25,15,256,1,0,Eastern Michigan,7,20,54,49,23,187,0,0,H,37,49,28,315,-24,-8,69,1,0
70,08/31/2002,Mid Tennessee St,34,38,183,25,17,202,1,0,Alabama,39,43,194,22,16,236,0,0,N,-17,-5,-5,-11,3,1,-34,1,0
71,08/31/2002,Minnesota,42,40,202,11,8,193,0,2,S W Texas State,0,44,75,16,8,54,1,1,H, ,42,-4,127,-5,0,139,-1,1
72,08/31/2002,Mississippi,31,35,180,33,18,198,1,1,UL-Monroe,3,43,118,23,9,110,2,0,H,30,28,-8,62,10,9,88,-1,1
73,08/31/2002,Mississippi State,13,24,31,37,18,192,2,2,Oregon,36,53,205,28,14,166,0,1,V,-12,-23,-29,-174,9,4,26,2,1
74,08/31/2002,Missouri,33,54,285,26,15,152,0,2,Illinois,20,34,67,42,18,246,1,2,N,-7.5,13,20,218,-16,-3,-94,-1,0
75,08/31/2002,Navy,38,54,293,9,4,106,0,0,Southern Methodist,7,45,182,31,12,144,2,3,V,-10.5,31,9,111,-22,-8,-38,-2,-3
76,08/31/2002,Nebraska,31,60,212,16,8,113,1,1,Troy State,16,45,155,29,12,192,2,0,H,32,15,15,57,-13,-4,-79,-1,1
77,08/31/2002,Nevada-Las Vegas,7,31,167,26,12,138,2,3,Wisconsin,27,37,158,26,14,191,0,0,H,-5,-20,-6,9,0,-2,-53,2,3
78,08/31/2002,Nevada-Reno,7,46,108,35,20,174,3,0,Washington State,31,27,108,33,19,261,0,2,N,-25.5,-24,19,0,2,1,-87,3,-2
79,08/31/2002,New Mexico,38,34,256,16,12,93,0,0,Weber State,24,35,62,52,33,345,0,2,H, ,14,-1,194,-36,-21,-252,0,-2
80,08/31/2002,New Mexico State,24,40,212,28,17,207,0,1,South Carolina,34,46,229,19,10,172,0,1,V,-23.5,-10,-6,-17,9,7,35,0,0
81,08/31/2002,No Carolina State,34,38,181,21,14,189,1,2,East Tennessee St,0,49,70,14,1,11,2,1,H, ,34,-11,111,7,13,178,-1,1
82,08/31/2002,North Carolina,21,28,94,46,28,353,3,6,Miami-Ohio,27,56,175,33,16,204,0,2,H,6,-6,-28,-81,13,12,149,3,4
83,08/31/2002,North Texas,0,38,90,20,6,55,0,2,Texas,27,35,28,28,16,186,0,0,V,-34,-27,3,62,-8,-10,-131,0,2
84,08/31/2002,Northwestern,3,27,41,36,19,180,0,1,Air Force,52,74,476,8,5,47,0,0,V,-2,-49,-47,-435,28,14,133,0,1
85,08/31/2002,Notre Dame,22,45,130,27,17,226,0,0,Maryland,0,21,16,32,12,117,3,0,N,1,22,24,114,-5,5,109,-3,0
86,08/31/2002,Ohio,14,48,204,23,9,79,5,1,Pittsburgh,27,44,96,23,9,97,3,0,V,-21.5,-13,4,108,0,0,-18,2,1
87,08/31/2002,Oklahoma State,36,30,158,41,22,204,0,0,Louisiana Tech,39,23,38,66,38,448,0,1,V,0,-3,7,120,-25,-16,-244,0,-1
88,08/31/2002,Oregon,36,53,205,28,14,166,0,1,Mississippi State,13,24,31,37,18,192,2,2,H,12,23,29,174,-9,-4,-26,-2,-1
89,08/31/2002,Penn State,27,39,153,20,13,194,0,2,U-C-F,24,31,65,46,32,345,1,1,H,14,3,8,88,-26,-19,-151,-1,1
90,08/31/2002,Pittsburgh,27,44,96,23,9,97,3,0,Ohio,14,48,204,23,9,79,5,1,H,21.5,13,-4,-108,0,0,18,-2,-1
91,08/31/2002,Purdue,51,49,273,34,17,283,0,1,Illinois State,10,30,68,32,12,153,2,1,H, ,41,19,205,2,5,130,-2,0
92,08/31/2002,Rice,10,37,188,27,8,84,0,2,Houston,24,60,305,15,11,161,0,3,H,6.5,-14,-23,-117,12,-3,-77,0,-1
93,08/31/2002,Rutgers,19,34,85,38,17,184,1,0,Villanova,37,38,155,39,24,321,2,1,H, ,-18,-4,-70,-1,-7,-137,-1,-1
94,08/31/2002,San Jose State,33,41,159,34,17,174,1,3,Arkansas State,14,30,103,36,17,185,3,2,N,1.5,19,11,56,-2,0,-11,-2,1
95,08/31/2002,South Carolina,34,46,229,19,10,172,0,1,New Mexico State,24,40,212,28,17,207,0,1,H,23.5,10,6,17,-9,-7,-35,0,0
96,08/31/2002,Southern Methodist,7,45,182,31,12,144,2,3,Navy,38,54,293,9,4,106,0,0,H,10.5,-31,-9,-111,22,8,38,2,3
97,08/31/2002,Southern Miss,55,38,138,31,17,340,0,2,Jackson State,7,44,72,36,18,201,2,0,H, ,48,-6,66,-5,-1,139,-2,2
98,08/31/2002,Tennessee,47,42,188,42,26,279,1,0,Wyoming,7,22,43,31,11,144,3,2,N,31.5,40,20,145,11,15,135,-2,-2
99,08/31/2002,Texas,27,35,28,28,16,186,0,0,North Texas,0,38,90,20,6,55,0,2,H,34,27,-3,-62,8,10,131,0,-2
100,08/31/2002,Texas A & M,31,47,179,47,18,244,2,0,UL-Lafayette,7,23,11,42,16,194,6,4,H,29.5,24,24,168,5,2,50,-4,-4
101,08/31/2002,Texas-El Paso,42,52,300,34,15,143,1,0,Sacramento State,12,30,87,28,13,141,1,1,H, ,30,22,213,6,2,2,0,-1
102,08/31/2002,Troy State,16,41,155,29,11,192,2,1,Nebraska,31,54,199,16,8,114,1,1,V,-32,-15,-13,-44,13,3,78,1,0
103,08/31/2002,Tulane,37,46,231,28,15,191,0,1,Southern Univ,19,36,148,50,30,279,2,1,N, ,18,10,83,-22,-15,-88,-2,0
104,08/31/2002,U-C-F,24,31,65,46,32,345,1,1,Penn State,27,39,153,20,13,194,0,2,V,-14,-3,-8,-88,26,19,151,1,-1
105,08/31/2002,UL-Lafayette,7,23,11,42,16,194,6,4,Texas A & M,31,47,179,47,18,244,2,0,V,-29.5,-24,-24,-168,-5,-2,-50,4,4
106,08/31/2002,UL-Monroe,3,43,118,23,9,110,2,0,Mississippi,31,35,180,33,18,198,1,1,V,-30,-28,8,-62,-10,-9,-88,1,-1
107,08/31/2002,Utah,23,53,282,30,16,165,0,0,Utah State,3,16,-9,42,19,171,1,1,V,12.5,20,37,291,-12,-3,-6,-1,-1
108,08/31/2002,Utah State,3,16,-9,42,19,171,1,1,Utah,23,53,282,30,16,165,0,0,H,-12.5,-20,-37,-291,12,3,6,1,1
109,08/31/2002,Vanderbilt,3,31,109,28,13,116,2,0,Georgia Tech,45,51,279,24,15,182,0,0,V,-20.5,-42,-20,-170,4,-2,-66,2,0
110,08/31/2002,Virginia,19,33,62,32,20,251,0,1,Florida State,40,60,397,23,14,157,2,4,V,-30,-21,-27,-335,9,6,94,-2,-3
111,08/31/2002,Washington,29,34,81,45,28,318,1,1,Michigan,31,36,150,39,22,268,1,1,V,-6.5,-2,-2,-69,6,6,50,0,0
112,08/31/2002,Washington State,31,27,108,33,19,261,0,2,Nevada-Reno,7,46,108,35,20,174,3,0,N,25.5,24,-19,0,-2,-1,87,-3,2
113,08/31/2002,West Virginia,56,56,332,29,17,228,1,1,Chattanooga,6,26,52,29,18,98,3,0,H, ,50,30,280,0,-1,130,-2,1
114,08/31/2002,Wisconsin,27,37,158,26,14,191,0,0,Nevada-Las Vegas,7,31,167,26,12,138,2,3,V,5,20,6,-9,0,2,53,-2,-3
115,08/31/2002,Wyoming,7,22,43,31,11,144,3,2,Tennessee,47,42,188,42,26,279,1,0,N,-31.5,-40,-20,-145,-11,-15,-135,2,2
116,09/01/2002,Kentucky,22,42,78,27,13,195,0,0,Louisville,17,24,55,39,14,193,1,2,V,-13,5,18,23,-12,-1,2,-1,-2
117,09/01/2002,Louisiana State,8,28,80,35,15,134,1,4,Virginia Tech,26,51,166,14,7,65,0,1,V,-6.5,-18,-23,-86,21,8,69,1,3
118,09/01/2002,Louisville,17,24,55,39,14,193,1,2,Kentucky,22,42,78,27,13,195,0,0,H,13,-5,-18,-23,12,1,-2,1,2
119,09/01/2002,Virginia Tech,26,51,166,14,7,65,0,1,Louisiana State,8,28,80,35,15,134,1,4,H,6.5,18,23,86,-21,-8,-69,-1,-3
120,09/02/2002,Auburn,17,38,140,22,11,141,1,1,Southern Cal,24,37,84,32,23,302,2,1,V,-7.5,-7,1,56,-10,-12,-161,-1,0
121,09/02/2002,Cincinnati,36,37,122,38,18,287,4,1,Texas Christian,29,35,97,31,20,253,2,1,H,3,7,2,25,7,-2,34,2,0
122,09/02/2002,Southern Cal,24,37,84,32,23,302,1,1,Auburn,17,38,140,22,11,141,2,1,H,7.5,7,-1,-56,10,12,161,-1,0
123,09/02/2002,Texas Christian,29,35,97,31,20,253,2,1,Cincinnati,36,37,122,38,18,287,4,1,V,-3,-7,-2,-25,-7,2,-34,-2,0
124,09/05/2002,Oregon State,35,32,142,51,33,286,0,0,Temple,3,34,113,35,14,109,3,1,V,11,32,-2,29,16,19,177,-3,-1
125,09/05/2002,Temple,3,34,113,35,14,109,3,1,Oregon State,35,32,142,51,33,286,0,0,H,-11,-32,2,-29,-16,-19,-177,3,1
126,09/06/2002,Brigham Young,35,48,168,48,21,226,0,0,Hawaii,32,30,171,55,22,284,4,0,H,11.5,3,18,-3,-7,-1,-58,-4,0
127,09/06/2002,Hawaii,32,30,171,55,22,284,4,0,Brigham Young,35,48,168,48,21,226,0,0,V,-11.5,-3,-18,3,7,1,58,4,0
128,09/07/2002,Air Force,38,59,261,13,5,99,1,1,New Mexico,31,40,149,31,19,213,1,0,H,5.5,7,19,112,-18,-14,-114,0,1
129,09/07/2002,Akron,14,34,82,35,20,237,3,1,Maryland,44,50,209,19,10,118,0,0,V,-21,-30,-16,-127,16,10,119,3,1
130,09/07/2002,Alabama,27,45,96,35,17,192,1,2,Oklahoma,37,23,-23,38,21,306,0,1,V,-12.5,-10,22,119,-3,-4,-114,1,1
131,09/07/2002,Alabama-Birmingham,27,30,84,22,13,137,0,3,Troy State,26,51,223,37,19,204,1,3,H,1.5,1,-21,-139,-15,-6,-67,-1,0
132,09/07/2002,Arizona State,46,53,141,17,9,120,0,3,U-C-F,13,23,33,28,8,157,3,2,H,4,33,30,108,-11,1,-37,-3,1
133,09/07/2002,Arkansas,41,48,217,24,11,128,1,1,Boise State,14,26,27,39,25,331,3,4,H,8,27,22,190,-15,-14,-203,-2,-3
134,09/07/2002,Arkansas State,21,51,295,15,7,51,0,3,Tulsa,19,41,51,27,14,168,0,2,H,-5.5,2,10,244,-12,-7,-117,0,1
135,09/07/2002,Army,21,39,258,41,24,206,0,5,Holy Cross,30,33,178,25,13,131,0,0,H, ,-9,6,80,16,11,75,0,5
136,09/07/2002,Auburn,56,49,345,30,21,276,0,1,Western Carolina,0,25,86,45,26,175,1,1,H, ,56,24,259,-15,-5,101,-1,0
137,09/07/2002,Ball State,6,45,164,25,18,150,1,4,Missouri,41,37,221,32,16,216,0,0,V,-16.5,-35,8,-57,-7,2,-66,1,4
138,09/07/2002,Baylor,50,44,280,25,14,266,0,1,Samford,12,29,57,28,17,211,1,1,H, ,38,15,223,-3,-3,55,-1,0
139,09/07/2002,Boise State,14,26,27,39,25,331,3,4,Arkansas,41,48,217,24,11,128,1,1,V,-8,-27,-22,-190,15,14,203,2,3
140,09/07/2002,Boston College,34,39,139,36,22,260,3,1,Stanford,27,36,55,27,17,244,1,2,H,11,7,3,84,9,5,16,2,-1
141,09/07/2002,Buffalo,34,44,173,34,18,201,0,1,Rutgers,11,34,55,38,16,166,3,0,V,-8,23,10,118,-4,2,35,-3,1
142,09/07/2002,California,34,31,120,32,19,180,0,1,New Mexico State,13,51,169,26,16,161,0,2,H,13.5,21,-20,-49,6,3,19,0,-1
143,09/07/2002,Central Michigan,32,54,168,39,28,361,0,0,Wyoming,20,24,64,36,20,290,0,1,H,3.5,12,30,104,3,8,71,0,-1
144,09/07/2002,Clemson,33,35,87,44,26,249,0,1,Louisiana Tech,13,26,80,44,26,213,3,1,H,10,20,9,7,0,0,36,-3,0
145,09/07/2002,Colorado,34,46,265,22,9,136,1,0,San Diego State,14,23,42,59,39,359,0,2,H,22,20,23,223,-37,-30,-223,1,-2
146,09/07/2002,Colorado State,19,43,179,31,14,98,1,1,U.C.L.A.,30,37,215,26,14,166,1,0,V,-7,-11,6,-36,5,0,-68,0,1
147,09/07/2002,Connecticut,14,34,64,32,15,185,1,1,Georgia Tech,31,43,226,21,14,189,0,1,H,-23,-17,-9,-162,11,1,-4,1,0
148,09/07/2002,Duke,3,26,22,34,15,153,0,0,Louisville,40,40,192,35,24,260,2,2,H,-18.5,-37,-14,-170,-1,-9,-107,-2,-2
149,09/07/2002,East Carolina,22,32,122,41,21,273,4,1,Wake Forest,27,52,181,29,16,216,0,1,V,-5,-5,-20,-59,12,5,57,4,0
150,09/07/2002,Eastern Michigan,13,37,169,31,15,182,5,1,Toledo,65,56,303,17,11,207,0,0,H,-21.5,-52,-19,-134,14,4,-25,5,1
151,09/07/2002,Florida,16,36,163,45,19,191,2,0,Miami-Florida,41,46,306,33,16,202,3,0,H,2.5,-25,-10,-143,12,3,-11,-1,0
152,09/07/2002,Fresno State,24,29,109,37,16,201,2,0,Oregon,28,48,104,34,19,303,1,1,V,-18,-4,-19,5,3,-3,-102,1,-1
153,09/07/2002,Georgia Tech,31,43,226,21,14,189,0,1,Connecticut,14,34,64,32,15,185,1,1,V,23,17,9,162,-11,-1,4,-1,0
154,09/07/2002,Houston,13,47,206,39,19,181,3,4,Tulane,34,29,80,25,14,208,1,4,H,3,-21,18,126,14,5,-27,2,0
155,09/07/2002,Idaho,14,34,51,49,33,267,1,1,Washington State,49,33,240,22,16,277,1,1,V,-27,-35,1,-189,27,17,-10,0,0
156,09/07/2002,Illinois,20,42,171,33,13,163,2,0,Southern Miss,23,45,201,26,14,171,0,1,V,-6.5,-3,-3,-30,7,-1,-8,2,-1
157,09/07/2002,Indiana,13,19,79,47,21,276,3,1,Utah,40,57,386,28,15,104,0,2,V,-15.5,-27,-38,-307,19,6,172,3,-1
158,09/07/2002,Iowa,29,40,188,27,18,256,0,1,Miami-Ohio,24,17,14,51,33,343,1,0,V,6,5,23,174,-24,-15,-87,-1,1
159,09/07/2002,Iowa State,58,43,223,22,14,253,1,0,Tennessee Tech,6,33,51,34,17,154,1,2,H, ,52,10,172,-12,-3,99,0,-2
160,09/07/2002,Kansas,20,34,69,42,22,225,0,0,Nevada-Las Vegas,31,47,291,24,12,144,0,0,V,-14.5,-11,-13,-222,18,10,81,0,0
161,09/07/2002,Kansas State,68,49,258,18,13,222,0,0,UL-Monroe,0,27,33,31,9,127,1,1,H,39,68,22,225,-13,4,95,-1,-1
162,09/07/2002,Kent State,17,45,171,35,17,187,2,0,Ohio State,51,22,144,25,19,268,0,2,V,-28.5,-34,23,27,10,-2,-81,2,-2
163,09/07/2002,Kentucky,77,44,364,19,12,227,0,1,Texas-El Paso,17,41,220,26,12,151,0,2,H,19.5,60,3,144,-7,0,76,0,-1
164,09/07/2002,Louisiana State,35,40,293,22,10,107,1,-1,The Citadel,10,35,132,31,12,104,1,1,H, ,25,5,161,-9,-2,3,0,-2
165,09/07/2002,Louisiana Tech,13,26,80,44,26,213,3,1,Clemson,33,35,87,44,26,249,0,1,V,-10,-20,-9,-7,0,0,-36,3,0
166,09/07/2002,Louisville,40,40,192,35,24,260,2,2,Duke,3,26,22,34,15,153,0,0,V,18.5,37,14,170,1,9,107,2,2
167,09/07/2002,Maryland,44,50,209,19,10,118,0,0,Akron,14,34,82,35,20,237,3,1,H,21,30,16,127,-16,-10,-119,-3,-1
168,09/07/2002,Memphis,16,20,18,38,20,271,1,1,Mississippi,38,42,214,30,14,174,0,0,V,-10,-22,-22,-196,8,6,97,1,1
169,09/07/2002,Miami-Florida,41,46,306,33,16,202,3,0,Florida,16,36,163,45,19,191,2,0,V,-2.5,25,10,143,-12,-3,11,1,0
170,09/07/2002,Miami-Ohio,24,17,14,51,33,343,1,0,Iowa,29,40,188,27,18,256,0,1,H,-6,-5,-23,-174,24,15,87,1,-1
171,09/07/2002,Michigan,35,49,220,31,18,226,1,0,Western Michigan,12,26,76,37,21,249,2,1,H,22.5,23,23,144,-6,-3,-23,-1,-1
172,09/07/2002,Michigan State,27,32,58,27,16,213,0,0,Rice,10,53,216,11,4,27,2,2,H,32,17,-21,-158,16,12,186,-2,-2
173,09/07/2002,Mid Tennessee St,3,38,100,23,13,109,0,3,Tennessee,26,31,137,29,24,263,1,2,V,-23,-23,7,-37,-6,-11,-154,-1,1
174,09/07/2002,Minnesota,35,44,212,27,18,246,0,1,UL-Lafayette,11,25,35,27,12,98,2,1,V,16,24,19,177,0,6,148,-2,0
175,09/07/2002,Mississippi,38,42,214,30,14,174,0,0,Memphis,16,20,18,38,20,271,1,1,H,10,22,22,196,-8,-6,-97,-1,-1
176,09/07/2002,Missouri,41,37,221,32,16,216,0,0,Ball State,6,45,164,25,18,150,1,4,H,16.5,35,-8,57,7,-2,66,-1,-4
177,09/07/2002,Navy,19,54,243,9,2,33,0,3,No Carolina State,65,40,171,18,11,328,0,0,H,-16.5,-46,14,72,-9,-9,-295,0,3
178,09/07/2002,Nebraska,44,54,288,15,8,130,0,2,Utah State,13,30,70,44,19,251,3,0,H,32.5,31,24,218,-29,-11,-121,-3,2
179,09/07/2002,Nevada-Las Vegas,31,47,291,24,12,144,0,0,Kansas,20,34,69,42,22,225,0,0,H,14.5,11,13,222,-18,-10,-81,0,0
180,09/07/2002,New Mexico,31,40,149,31,19,213,1,0,Air Force,38,59,261,13,5,99,1,1,V,-5.5,-7,-19,-112,18,14,114,0,-1
181,09/07/2002,New Mexico State,13,51,169,26,16,161,0,2,California,34,31,120,32,19,180,0,1,V,-13.5,-21,20,49,-6,-3,-19,0,1
182,09/07/2002,No Carolina State,65,40,171,18,11,328,0,0,Navy,19,54,243,9,2,33,0,3,V,16.5,46,-14,-72,9,9,295,0,-3
183,09/07/2002,North Carolina,30,42,152,36,19,284,0,1,Syracuse,22,43,183,11,4,71,1,1,V,-5,8,-1,-31,25,15,213,-1,0
184,09/07/2002,North Texas,23,27,144,7,3,43,0,0,Nicholls State,0,40,149,7,2,7,1,1,H, ,23,-13,-5,0,1,36,-1,-1
185,09/07/2002,Northern Illinois,6,42,73,30,12,196,1,2,South Florida,37,29,116,34,22,273,0,1,V,-7.5,-31,13,-43,-4,-10,-77,1,1
186,09/07/2002,Northwestern,24,44,106,35,16,169,1,6,Texas Christian,48,49,174,25,14,267,0,1,H,-5,-24,-5,-68,10,2,-98,1,5
187,09/07/2002,Notre Dame,24,45,153,22,7,50,0,1,Purdue,17,38,147,30,14,171,1,3,H,4.5,7,7,6,-8,-7,-121,-1,-2
188,09/07/2002,Ohio,0,38,60,17,9,81,2,3,Northeastern,31,50,217,19,7,82,0,2,H, ,-31,-12,-157,-2,2,-1,2,1
189,09/07/2002,Ohio State,51,22,144,25,19,268,0,2,Kent State,17,45,171,35,17,187,2,0,H,28.5,34,-23,-27,-10,2,81,-2,2
190,09/07/2002,Oklahoma,37,23,-23,38,21,306,0,1,Alabama,27,45,96,35,17,192,1,2,H,12.5,10,-22,-119,3,4,114,-1,-1
191,09/07/2002,Oklahoma State,45,36,130,42,24,275,2,0,Northern Iowa,10,41,104,38,15,109,4,1,H, ,35,-5,26,4,9,166,-2,-1
192,09/07/2002,Oregon,28,48,104,34,19,303,1,1,Fresno State,24,29,109,37,16,201,2,0,H,18,4,19,-5,-3,3,102,-1,1
193,09/07/2002,Pittsburgh,12,39,56,33,21,176,1,1,Texas A & M,14,32,82,31,14,199,0,1,H,-3.5,-2,7,-26,2,7,-23,1,0
194,09/07/2002,Purdue,17,38,147,30,14,171,1,3,Notre Dame,24,45,153,22,7,50,0,1,V,-4.5,-7,-7,-6,8,7,121,1,2
195,09/07/2002,Rice,10,53,216,11,4,27,2,2,Michigan State,27,32,58,27,16,213,0,0,V,-32,-17,21,158,-16,-12,-186,2,2
196,09/07/2002,Rutgers,11,34,55,38,16,166,3,0,Buffalo,34,44,173,34,18,201,0,1,H,8,-23,-10,-118,4,-2,-35,3,-1
197,09/07/2002,San Diego State,14,23,42,59,39,359,0,2,Colorado,34,46,265,22,9,136,1,0,V,-22,-20,-23,-223,37,30,223,-1,2
198,09/07/2002,San Jose State,10,33,35,36,21,236,2,1,Washington,34,37,152,35,22,347,1,2,V,-29.5,-24,-4,-117,1,-1,-111,1,-1
199,09/07/2002,South Carolina,21,38,143,21,12,119,1,6,Virginia,34,40,143,32,22,196,2,1,V,4.5,-13,-2,0,-11,-10,-77,-1,5
200,09/07/2002,South Florida,37,29,116,34,22,273,0,1,Northern Illinois,6,42,73,30,12,196,1,2,H,7.5,31,-13,43,4,10,77,-1,-1
201,09/07/2002,Southern Methodist,14,49,227,23,10,144,2,0,Texas Tech,24,26,114,52,33,374,2,0,H,-22,-10,23,113,-29,-23,-230,0,0
202,09/07/2002,Southern Miss,23,45,201,26,14,171,0,1,Illinois,20,42,171,33,13,163,2,0,H,6.5,3,3,30,-7,1,8,-2,1
203,09/07/2002,Stanford,27,36,55,27,17,244,1,2,Boston College,34,39,139,36,22,260,3,1,V,-11,-7,-3,-84,-9,-5,-16,-2,1
204,09/07/2002,Syracuse,22,43,183,11,4,71,1,1,North Carolina,30,42,152,36,19,284,0,1,H,5,-8,1,31,-25,-15,-213,1,0
205,09/07/2002,Tennessee,26,31,137,29,24,263,1,2,Mid Tennessee St,3,38,100,23,13,109,0,3,H,23,23,-7,37,6,11,154,1,-1
206,09/07/2002,Texas A & M,14,32,82,31,14,199,0,1,Pittsburgh,12,39,56,33,21,176,1,1,V,3.5,2,-7,26,-2,-7,23,-1,0
207,09/07/2002,Texas Christian,48,49,174,25,14,267,0,1,Northwestern,24,44,106,35,16,169,1,6,V,5,24,5,68,-10,-2,98,-1,-5
208,09/07/2002,Texas Tech,24,26,114,52,33,374,2,0,Southern Methodist,14,49,227,23,10,144,2,0,V,22,10,-23,-113,29,23,230,0,0
209,09/07/2002,Texas-El Paso,17,41,220,26,12,151,0,2,Kentucky,77,44,364,19,12,227,0,1,V,-19.5,-60,-3,-144,7,0,-76,0,1
210,09/07/2002,Toledo,65,56,303,17,11,207,0,0,Eastern Michigan,13,37,169,31,15,182,5,1,V,21.5,52,19,134,-14,-4,25,-5,-1
211,09/07/2002,Troy State,26,51,223,37,19,204,1,3,Alabama-Birmingham,27,30,84,22,13,137,0,3,V,-1.5,-1,21,139,15,6,67,1,0
212,09/07/2002,Tulane,34,29,80,25,14,208,1,4,Houston,13,47,206,39,19,181,3,4,V,-3,21,-18,-126,-14,-5,27,-2,0
213,09/07/2002,Tulsa,19,41,51,27,14,168,0,2,Arkansas State,21,51,295,15,7,51,0,3,V,5.5,-2,-10,-244,12,7,117,0,-1
214,09/07/2002,U-C-F,13,23,33,28,8,157,3,2,Arizona State,46,53,141,17,9,120,0,3,V,-4,-33,-30,-108,11,-1,37,3,-1
215,09/07/2002,U.C.L.A.,30,37,215,26,14,166,1,0,Colorado State,19,43,179,31,14,98,1,1,H,7,11,-6,36,-5,0,68,0,-1
216,09/07/2002,UL-Lafayette,11,25,35,27,12,98,2,1,Minnesota,35,44,212,27,18,246,0,1,H,-16,-24,-19,-177,0,-6,-148,2,0
217,09/07/2002,UL-Monroe,0,27,33,31,9,127,1,1,Kansas State,68,49,263,18,13,222,0,0,V,-39,-68,-22,-230,13,-4,-95,1,1
218,09/07/2002,Utah,40,57,386,28,15,104,0,2,Indiana,13,19,79,47,21,276,3,1,H,15.5,27,38,307,-19,-6,-172,-3,1
219,09/07/2002,Utah State,13,30,70,44,19,251,3,0,Nebraska,44,54,288,15,8,130,0,2,V,-32.5,-31,-24,-218,29,11,121,3,-2
220,09/07/2002,Vanderbilt,49,42,344,16,12,213,1,1,Furman,12,37,100,32,22,253,0,3,H, ,37,5,244,-16,-10,-40,1,-2
221,09/07/2002,Virginia,34,40,143,32,22,196,2,1,South Carolina,21,38,143,21,12,119,1,6,H,-4.5,13,2,0,11,10,77,1,-5
222,09/07/2002,Wake Forest,27,52,181,29,16,216,0,1,East Carolina,22,32,122,41,21,273,4,1,H,5,5,20,59,-12,-5,-57,-4,0
223,09/07/2002,Washington,34,37,152,35,22,347,1,2,San Jose State,10,33,35,36,21,236,2,1,H,29.5,24,4,117,-1,1,111,-1,1
224,09/07/2002,Washington State,49,33,240,22,16,277,1,1,Idaho,14,34,51,49,33,267,1,1,H,27,35,-1,189,-27,-17,10,0,0
225,09/07/2002,West Virginia,17,39,180,36,17,219,0,1,Wisconsin,34,45,156,28,18,291,0,0,V,-13,-17,-6,24,8,-1,-72,0,1
226,09/07/2002,Western Michigan,12,26,76,37,21,249,2,1,Michigan,35,49,220,31,18,226,1,0,V,-22.5,-23,-23,-144,6,3,23,1,1
227,09/07/2002,Wisconsin,34,45,156,28,18,291,0,0,West Virginia,17,39,180,36,17,219,0,1,H,13,17,6,-24,-8,1,72,0,-1
228,09/07/2002,Wyoming,20,24,64,36,20,290,0,1,Central Michigan,32,54,168,39,28,361,0,0,V,-3.5,-12,-30,-104,-3,-8,-71,0,1
229,09/12/2002,Marshall,21,16,34,56,36,442,1,2,Virginia Tech,47,66,395,12,5,101,0,0,V,-12,-26,-50,-361,44,31,341,1,2
230,09/12/2002,Virginia Tech,47,66,395,12,5,101,0,0,Marshall,21,16,34,56,36,442,1,2,H,12,26,50,361,-44,-31,-341,-1,-2
231,09/14/2002,Akron,17,30,87,33,23,287,1,0,Central Michigan,24,59,242,33,21,227,1,2,H,0,-7,-29,-155,0,2,60,0,-2
232,09/14/2002,Alabama,33,58,336,19,14,198,2,1,North Texas,7,37,50,19,10,91,0,2,H,20,26,21,286,0,4,107,2,-1
233,09/14/2002,Alabama-Birmingham,20,26,138,23,10,94,1,1,Pittsburgh,26,54,189,25,13,235,1,0,H,-8.5,-6,-28,-51,-2,-3,-141,0,1
234,09/14/2002,Arizona,23,44,43,35,24,416,1,2,Utah,17,22,32,38,18,172,0,1,H,-3,6,22,11,-3,6,244,1,1
235,09/14/2002,Arizona State,39,30,107,32,14,258,0,2,San Diego State,28,34,58,61,32,516,1,4,V,6,11,-4,49,-29,-18,-258,-1,-2
236,09/14/2002,Arkansas,42,65,307,25,18,240,2,0,South Florida,3,15,48,36,14,102,1,1,H,14,39,50,259,-11,4,138,1,-1
237,09/14/2002,Arkansas State,7,36,118,32,14,195,0,0,Illinois,59,48,301,23,19,299,0,0,V,-32.5,-52,-12,-183,9,-5,-104,0,0
238,09/14/2002,Army,0,34,116,30,13,125,3,1,Rutgers,44,54,169,23,16,230,1,0,V,4,-44,-20,-53,7,-3,-105,2,1
239,09/14/2002,Auburn,31,37,224,20,14,154,0,1,Vanderbilt,6,42,163,24,13,127,2,2,H,21.5,25,-5,61,-4,1,27,-2,-1
240,09/14/2002,Ball State,23,45,185,27,20,150,0,0,Indiana State,21,31,147,18,12,258,1,1,H, ,2,14,38,9,8,-108,-1,-1
241,09/14/2002,Baylor,0,29,45,28,12,62,0,3,New Mexico,23,47,198,31,15,116,0,2,V,-9,-23,-18,-153,-3,-3,-54,0,1
242,09/14/2002,Boise State,35,46,227,29,20,204,0,2,Wyoming,13,32,125,42,21,211,2,0,V,6,22,14,102,-13,-1,-7,-2,2
243,09/14/2002,Bowling Green,51,50,202,33,18,375,1,0,Missouri,28,30,55,50,28,334,1,0,H,-4,23,20,147,-17,-10,41,0,0
244,09/14/2002,Brigham Young,28,30,164,36,19,192,1,0,Nevada-Reno,31,38,119,37,28,408,1,2,V,13,-3,-8,45,-1,-9,-216,0,-2
245,09/14/2002,Buffalo,3,25,45,31,11,123,1,0,Connecticut,24,47,187,30,18,242,0,0,H,-2,-21,-22,-142,1,-7,-119,1,0
246,09/14/2002,California,46,36,135,35,20,246,1,0,Michigan State,22,30,87,38,20,265,2,3,V,-13.5,24,6,48,-3,0,-19,-1,-3
247,09/14/2002,Central Michigan,24,59,242,33,21,227,1,2,Akron,17,30,87,33,23,287,1,0,V,0,7,29,155,0,-2,-60,0,2
248,09/14/2002,Cincinnati,32,37,137,32,20,275,0,2,West Virginia,35,55,334,24,16,189,0,1,H,4.5,-3,-18,-197,8,4,86,0,1
249,09/14/2002,Clemson,24,41,195,31,18,176,1,3,Georgia Tech,19,32,102,31,17,201,1,1,H,-1.5,5,9,93,0,1,-25,0,2
250,09/14/2002,Colorado,3,35,37,13,2,24,1,1,Southern Cal,40,41,200,31,22,244,0,1,H,3.5,-37,-6,-163,-18,-20,-220,1,0
251,09/14/2002,Colorado State,36,45,205,31,16,264,2,0,Louisville,33,32,72,41,22,294,1,3,H,2.5,3,13,133,-10,-6,-30,1,-3
252,09/14/2002,Connecticut,24,47,187,30,18,242,0,0,Buffalo,3,25,45,31,11,123,1,0,V,2,21,22,142,-1,7,119,-1,0
253,09/14/2002,Duke,21,47,240,28,13,188,2,2,Northwestern,26,39,185,35,21,245,2,0,V,-6.5,-5,8,55,-7,-8,-57,0,2
254,09/14/2002,East Carolina,24,47,226,18,8,92,0,0,Tulane,20,40,107,49,31,236,1,0,H,9,4,7,119,-31,-23,-144,-1,0
255,09/14/2002,Eastern Michigan,35,29,153,38,25,254,0,0,S E Missouri St,32,37,166,36,26,309,0,0,H, ,3,-8,-13,2,-1,-55,0,0
256,09/14/2002,Florida,34,34,163,31,18,202,1,1,Ohio,6,62,178,4,2,12,0,0,H,41.5,28,-28,-15,27,16,190,1,1
257,09/14/2002,Florida State,37,43,169,27,14,266,0,2,Maryland,10,28,57,37,20,241,4,2,V,18.5,27,15,112,-10,-6,25,-4,0
258,09/14/2002,Georgia,13,38,128,22,11,169,0,2,South Carolina,7,42,158,27,16,213,1,3,V,6,6,-4,-30,-5,-5,-44,-1,-1
259,09/14/2002,Georgia Tech,19,32,102,31,17,201,1,1,Clemson,24,41,195,31,18,176,1,3,V,1.5,-5,-9,-93,0,-1,25,0,-2
260,09/14/2002,Houston,36,43,199,27,11,182,0,2,UL-Lafayette,17,25,78,44,23,284,1,2,H,9,19,18,121,-17,-12,-102,-1,0
261,09/14/2002,Idaho,21,44,124,45,30,280,1,2,Oregon,58,35,165,25,11,238,0,0,V,-32.5,-37,9,-41,20,19,42,1,2
262,09/14/2002,Illinois,59,48,301,23,19,299,0,0,Arkansas State,7,36,118,32,14,195,0,0,H,32.5,52,12,183,-9,5,104,0,0
263,09/14/2002,Indiana,17,43,160,38,13,234,2,1,Kentucky,27,35,144,32,19,183,1,0,V,-19,-10,8,16,6,-6,51,1,1
264,09/14/2002,Iowa,31,42,222,21,12,178,0,3,Iowa State,36,39,85,37,23,361,1,0,H,2,-5,3,137,-16,-11,-183,-1,3
265,09/14/2002,Iowa State,36,39,85,37,23,361,1,0,Iowa,31,42,222,21,12,178,0,3,V,-2,5,-3,-137,16,11,183,1,-3
266,09/14/2002,Kansas,44,49,202,18,10,112,2,1,S W Missouri St,24,41,168,28,12,127,1,1,H, ,20,8,34,-10,-2,-15,1,0
267,09/14/2002,Kansas State,63,40,230,10,6,122,0,3,Eastern Illinois,13,36,137,42,26,187,3,0,H, ,50,4,93,-32,-20,-65,-3,3
268,09/14/2002,Kent State,37,41,372,23,11,193,1,1,Cal-San Luis Obispo,34,42,92,38,21,312,2,0,H, ,3,-1,280,-15,-10,-119,-1,1
269,09/14/2002,Kentucky,27,35,144,32,19,183,1,0,Indiana,17,43,160,38,13,234,2,1,H,19,10,-8,-16,-6,6,-51,-1,-1
270,09/14/2002,Louisiana State,33,45,207,26,15,215,0,1,Miami-Ohio,7,17,29,34,22,195,1,0,H,12,26,28,178,-8,-7,20,-1,1
271,09/14/2002,Louisiana Tech,53,41,290,24,14,223,1,1,Tulsa,9,31,50,33,17,175,0,2,H,23,44,10,240,-9,-3,48,1,-1
272,09/14/2002,Louisville,33,32,72,41,22,294,1,1,Colorado State,36,45,205,31,16,264,2,2,V,-2.5,-3,-13,-133,10,6,30,-1,-1
273,09/14/2002,Maryland,10,28,57,37,20,241,4,2,Florida State,37,43,169,27,14,266,0,2,H,-18.5,-27,-15,-112,10,6,-25,4,0
274,09/14/2002,Memphis,14,34,130,19,9,153,1,1,Southern Miss,33,56,356,25,17,168,1,0,V,-12,-19,-22,-226,-6,-8,-15,0,1
275,09/14/2002,Miami-Florida,44,37,112,39,24,365,0,2,Temple,21,37,121,18,12,101,0,2,V,37.5,23,0,-9,21,12,264,0,0
276,09/14/2002,Miami-Ohio,7,17,29,34,22,195,1,0,Louisiana State,33,45,207,26,15,215,0,1,V,-12,-26,-28,-178,8,7,-20,1,-1
277,09/14/2002,Michigan,23,26,91,42,19,230,1,3,Notre Dame,25,50,157,17,8,154,1,3,V,5.5,-2,-24,-66,25,11,76,0,0
278,09/14/2002,Michigan State,22,30,87,38,20,265,2,3,California,46,36,135,35,20,246,1,0,H,13.5,-24,-6,-48,3,0,19,1,3
279,09/14/2002,Minnesota,31,43,263,16,10,110,1,0,Toledo,21,39,233,31,23,195,0,2,H,8,10,4,30,-15,-13,-85,1,-2
280,09/14/2002,Mississippi,28,30,76,57,34,374,1,0,Texas Tech,42,27,39,39,25,270,0,1,V,-3,-14,3,37,18,9,104,1,-1
281,09/14/2002,Mississippi State,51,45,175,29,17,372,0,0,Jacksonville St,13,35,120,24,12,128,0,1,H, ,38,10,55,5,5,244,0,-1
282,09/14/2002,Missouri,28,30,55,50,28,334,1,0,Bowling Green,51,50,202,33,18,375,1,0,V,4,-23,-20,-147,17,10,-41,0,0
283,09/14/2002,Nebraska,7,45,252,16,8,76,3,0,Penn State,40,43,217,31,19,259,0,0,V,4.5,-33,2,35,-15,-11,-183,3,0
284,09/14/2002,Nevada-Las Vegas,17,43,160,16,7,76,1,0,Oregon State,47,42,65,30,23,396,0,0,V,-16.5,-30,1,95,-14,-16,-320,1,0
285,09/14/2002,Nevada-Reno,31,38,119,37,28,408,1,2,Brigham Young,28,30,164,36,19,192,1,0,H,-13,3,8,-45,1,9,216,0,2
286,09/14/2002,New Mexico,23,47,198,31,15,116,0,2,Baylor,0,29,45,28,12,62,0,3,H,9,23,18,153,3,3,54,0,-1
287,09/14/2002,No Carolina State,32,37,98,27,17,223,0,2,Wake Forest,13,44,149,29,13,152,1,1,H,13.5,19,-7,-51,-2,4,71,-1,1
288,09/14/2002,North Carolina,21,41,173,29,13,170,2,1,Texas,52,41,271,30,14,298,0,0,H,-13,-31,0,-98,-1,-1,-128,2,1
289,09/14/2002,North Texas,7,52,138,19,10,91,0,2,Alabama,33,66,335,23,16,219,3,1,V,-20,-26,-14,-197,-4,-6,-128,-3,1
290,09/14/2002,Northern Illinois,21,48,182,33,18,273,2,2,Wisconsin,24,41,68,23,15,207,1,0,V,-22.5,-3,7,114,10,3,66,1,2
291,09/14/2002,Northwestern,26,39,185,35,21,245,2,0,Duke,21,47,240,28,13,188,2,2,H,6.5,5,-8,-55,7,8,57,0,-2
292,09/14/2002,Notre Dame,25,50,157,17,8,154,1,3,Michigan,23,26,91,42,19,230,1,3,H,-5.5,2,24,66,-25,-11,-76,0,0
293,09/14/2002,Ohio,6,62,178,4,2,12,0,0,Florida,34,34,163,31,18,202,1,1,V,-41.5,-28,28,15,-27,-16,-190,-1,-1
294,09/14/2002,Ohio State,25,54,292,10,4,71,0,0,Washington State,7,22,17,45,26,263,2,0,H,7,18,32,275,-35,-22,-192,-2,0
295,09/14/2002,Oklahoma,68,39,215,32,19,334,0,0,Texas-El Paso,0,41,93,32,10,126,3,2,H,44,68,-2,122,0,9,208,-3,-2
296,09/14/2002,Oklahoma State,24,34,94,43,22,350,4,1,U.C.L.A.,38,44,189,29,13,277,1,0,H,-6.5,-14,-10,-95,14,9,73,3,1
297,09/14/2002,Oregon,58,35,165,25,11,238,0,0,Idaho,21,44,124,45,30,280,1,2,H,32.5,37,-9,41,-20,-19,-42,-1,-2
298,09/14/2002,Oregon State,47,42,65,30,23,396,0,0,Nevada-Las Vegas,17,43,160,16,7,76,1,0,H,16.5,30,-1,-95,14,16,320,-1,0
299,09/14/2002,Penn State,40,43,217,31,19,259,0,0,Nebraska,7,45,252,16,8,76,3,0,H,-4.5,33,-2,-35,15,11,183,-3,0
300,09/14/2002,Pittsburgh,26,53,189,25,13,235,1,0,Alabama-Birmingham,20,26,138,23,10,94,1,1,V,8.5,6,27,51,2,3,141,0,-1
301,09/14/2002,Purdue,28,41,141,30,16,216,0,2,Western Michigan,24,29,84,46,23,316,2,1,H,18,4,12,57,-16,-7,-100,-2,1
302,09/14/2002,Rutgers,44,54,169,23,16,230,1,0,Army,0,34,116,30,13,125,3,1,H,-4,44,20,53,-7,3,105,-2,-1
303,09/14/2002,San Diego State,28,34,58,61,32,516,1,4,Arizona State,39,30,107,32,14,258,0,2,H,-6,-11,4,-49,29,18,258,1,2
304,09/14/2002,San Jose State,26,23,34,34,18,177,4,2,Stanford,63,47,258,32,19,305,4,1,V,-17.5,-37,-24,-224,2,-1,-128,0,1
305,09/14/2002,South Carolina,7,42,157,27,16,213,1,3,Georgia,13,38,128,22,11,169,0,2,H,-6,-6,4,29,5,5,44,1,1
306,09/14/2002,South Florida,3,15,48,36,14,102,1,1,Arkansas,42,65,307,25,18,240,2,0,V,-14,-39,-50,-259,11,-4,-138,-1,1
307,09/14/2002,Southern Cal,40,41,200,31,22,244,0,1,Colorado,3,35,37,13,2,24,1,1,V,-3.5,37,6,163,18,20,220,-1,0
308,09/14/2002,Southern Methodist,6,43,124,21,9,101,1,1,Texas Christian,17,37,94,29,17,265,1,1,V,-17.5,-11,6,30,-8,-8,-164,0,0
309,09/14/2002,Southern Miss,33,56,356,25,17,168,1,0,Memphis,14,34,130,19,9,153,1,1,H,12,19,22,226,6,8,15,0,-1
310,09/14/2002,Stanford,63,47,258,32,19,305,4,1,San Jose State,26,23,34,34,18,177,4,2,H,17.5,37,24,224,-2,1,128,0,-1
311,09/14/2002,Syracuse,63,48,280,25,16,349,2,0,Rhode Island,17,55,273,16,9,172,1,2,H, ,46,-7,7,9,7,177,1,-2
312,09/14/2002,Temple,21,37,121,18,12,101,0,2,Miami-Florida,44,37,112,39,24,365,0,2,H,-37.5,-23,0,9,-21,-12,-264,0,0
313,09/14/2002,Texas,52,41,271,30,14,298,0,0,North Carolina,21,41,173,29,13,170,2,1,V,13,31,0,98,1,1,128,-2,-1
314,09/14/2002,Texas Christian,17,37,94,29,17,265,1,1,Southern Methodist,6,43,124,21,9,101,1,1,H,17.5,11,-6,-30,8,8,164,0,0
315,09/14/2002,Texas Tech,42,27,39,39,25,270,0,1,Mississippi,28,30,76,57,34,374,1,0,H,3,14,-3,-37,-18,-9,-104,-1,1
316,09/14/2002,Texas-El Paso,0,41,93,32,10,126,3,2,Oklahoma,68,39,215,32,19,334,0,0,V,-44,-68,2,-122,0,-9,-208,3,2
317,09/14/2002,Toledo,21,39,233,31,23,195,0,2,Minnesota,31,43,263,16,10,110,1,0,V,-8,-10,-4,-30,15,13,85,-1,2
318,09/14/2002,Troy State,40,53,464,14,8,58,1,4,Southern Utah,15,47,132,14,5,37,0,1,H, ,25,6,332,0,3,21,1,3
319,09/14/2002,Tulane,20,40,107,49,31,236,1,0,East Carolina,24,47,226,18,8,92,0,0,V,-9,-4,-7,-119,31,23,144,1,0
320,09/14/2002,Tulsa,9,31,50,33,17,175,0,2,Louisiana Tech,53,41,290,24,14,223,1,1,V,-23,-44,-10,-240,9,3,-48,-1,1
321,09/14/2002,U.C.L.A.,38,44,189,29,13,277,1,0,Oklahoma State,24,34,94,43,22,350,4,1,V,6.5,14,10,95,-14,-9,-73,-3,-1
322,09/14/2002,UL-Lafayette,17,25,78,44,23,284,1,2,Houston,36,43,199,27,11,182,0,2,V,-9,-19,-18,-121,17,12,102,1,0
323,09/14/2002,UL-Monroe,19,23,35,31,13,252,1,0,McNeese State,24,58,329,17,9,114,1,2,H, ,-5,-35,-294,14,4,138,0,-2
324,09/14/2002,Utah,17,22,32,38,18,172,0,1,Arizona,23,44,43,35,24,416,1,2,V,3,-6,-22,-11,3,-6,-244,-1,-1
325,09/14/2002,Utah State,38,31,161,41,26,330,1,0,Idaho State,33,33,154,50,20,268,4,1,H, ,5,-2,7,-9,6,62,-3,-1
326,09/14/2002,Vanderbilt,6,42,163,24,13,127,2,2,Auburn,31,37,224,20,14,154,0,1,V,-21.5,-25,5,-61,4,-1,-27,2,1
327,09/14/2002,Wake Forest,13,44,149,29,13,152,1,1,No Carolina State,32,37,98,27,17,223,0,2,V,-13.5,-19,7,51,2,-4,-71,1,-1
328,09/14/2002,Washington State,7,22,17,45,26,263,2,0,Ohio State,25,54,292,10,4,71,0,0,V,-7,-18,-32,-275,35,22,192,2,0
329,09/14/2002,West Virginia,35,55,334,24,16,189,0,1,Cincinnati,32,37,137,32,20,275,0,2,V,-4.5,3,18,197,-8,-4,-86,0,-1
330,09/14/2002,Western Michigan,24,29,84,46,23,316,2,1,Purdue,28,41,141,30,16,216,0,2,V,-18,-4,-12,-57,16,7,100,2,-1
331,09/14/2002,Wisconsin,24,41,68,23,15,207,1,0,Northern Illinois,21,48,182,33,18,273,2,2,H,22.5,3,-7,-114,-10,-3,-66,-1,-2
332,09/14/2002,Wyoming,13,32,125,42,21,211,2,0,Boise State,35,46,227,29,20,204,0,2,H,-6,-22,-14,-102,13,1,7,2,-2
333,09/19/2002,Auburn,42,48,207,21,10,183,0,0,Mississippi State,14,31,91,34,20,232,2,4,V,2.5,28,17,116,-13,-10,-49,-2,-4
334,09/19/2002,Mississippi State,14,31,91,34,20,232,2,4,Auburn,42,48,207,21,10,183,0,0,H,-2.5,-28,-17,-116,13,10,49,2,4
335,09/20/2002,Marshall,26,42,171,49,28,340,2,0,U-C-F,21,31,138,34,17,260,2,1,H,11,5,11,33,15,11,80,0,-1
336,09/20/2002,U-C-F,21,31,138,34,17,260,2,1,Marshall,26,42,171,49,28,340,2,0,V,-11,-5,-11,-33,-15,-11,-80,0,1
337,09/21/2002,Air Force,23,56,295,8,3,22,0,2,California,21,31,119,38,13,216,1,0,V,-9.5,2,25,176,-30,-10,-194,-1,2
338,09/21/2002,Akron,29,48,154,50,28,341,3,0,Virginia,48,30,212,27,19,202,0,0,V,-23.5,-19,18,-58,23,9,139,3,0
339,09/21/2002,Alabama,20,64,351,17,5,21,2,1,Southern Miss,7,26,35,27,8,110,1,4,H,7,13,38,316,-10,-3,-89,1,-3
340,09/21/2002,Alabama-Birmingham,0,28,122,20,6,94,2,2,UL-Lafayette,34,53,123,23,16,242,0,0,V,6.5,-34,-25,-1,-3,-10,-148,2,2
341,09/21/2002,Arizona,10,30,154,32,14,138,2,0,Wisconsin,31,47,260,22,15,165,0,0,V,-6,-21,-17,-106,10,-1,-27,2,0
342,09/21/2002,Arkansas State,33,49,231,23,14,226,0,3,UL-Monroe,21,30,59,39,19,235,2,1,V,-2.5,12,19,172,-16,-5,-9,-2,2
343,09/21/2002,Army,14,30,26,28,11,114,0,0,Louisville,45,43,171,33,18,275,0,1,H,-29,-31,-13,-145,-5,-7,-161,0,-1
344,09/21/2002,Ball State,7,38,82,23,16,138,2,2,Clemson,30,39,203,29,21,209,1,1,V,-28,-23,-1,-121,-6,-5,-71,1,1
345,09/21/2002,Baylor,37,45,215,30,18,235,3,2,Tulsa,25,25,70,42,24,251,1,1,H,11.5,12,20,145,-12,-6,-16,2,1
346,09/21/2002,Boston College,6,48,147,24,14,138,1,2,Miami-Florida,38,32,192,27,14,211,0,0,V,-26.5,-32,16,-45,-3,0,-73,1,2
347,09/21/2002,Bowling Green,39,47,350,21,8,153,1,1,Kansas,16,34,89,41,18,188,0,3,V,10,23,13,261,-20,-10,-35,1,-2
348,09/21/2002,Brigham Young,19,27,79,58,28,274,3,1,Georgia Tech,28,50,210,26,11,119,3,0,V,-11.5,-9,-23,-131,32,17,155,0,1
349,09/21/2002,Buffalo,17,28,49,35,20,190,0,0,Minnesota,41,54,299,26,16,189,0,0,V,-30.5,-24,-26,-250,9,4,1,0,0
350,09/21/2002,California,21,31,119,38,13,216,1,0,Air Force,23,56,295,8,3,22,0,2,H,9.5,-2,-25,-176,30,10,194,1,-2
351,09/21/2002,Central Michigan,29,48,263,36,18,198,0,1,Indiana,39,51,215,24,15,316,1,1,V,-5.5,-10,-3,48,12,3,-118,-1,0
352,09/21/2002,Cincinnati,19,23,91,52,26,324,2,1,Ohio State,23,38,163,29,14,129,2,1,H,-20,-4,-15,-72,23,12,195,0,0
353,09/21/2002,Clemson,30,39,203,29,21,209,1,1,Ball State,7,38,82,23,16,138,2,2,H,28,23,1,121,6,5,71,-1,-1
354,09/21/2002,Colorado,31,51,325,23,12,146,0,0,U.C.L.A.,17,28,43,36,22,222,1,0,V,-12,14,23,282,-13,-10,-76,-1,0
355,09/21/2002,Connecticut,37,40,126,30,15,224,1,0,Ohio,19,49,218,20,11,95,2,0,H,6,18,-9,-92,10,4,129,-1,0
356,09/21/2002,Duke,17,35,147,32,16,239,1,1,Florida State,48,32,113,44,29,404,0,1,V,-45,-31,3,34,-12,-13,-165,1,0
357,09/21/2002,Eastern Michigan,3,31,105,32,16,173,2,0,Maryland,45,46,238,23,17,329,0,2,V,-35,-42,-15,-133,9,-1,-156,2,-2
358,09/21/2002,Florida,30,34,94,35,20,324,2,1,Tennessee,13,33,99,44,30,285,0,3,V,-5,17,1,-5,-9,-10,39,2,-2
359,09/21/2002,Florida State,48,32,113,44,29,404,0,1,Duke,17,35,147,32,16,239,1,1,H,45,31,-3,-34,12,13,165,-1,0
360,09/21/2002,Fresno State,19,30,64,53,25,307,3,1,Oregon State,59,52,286,24,11,224,1,3,V,-13.5,-40,-22,-222,29,14,83,2,-2
361,09/21/2002,Georgia,45,28,142,47,29,394,1,2,Northwestern St(LA),7,39,55,34,21,211,2,1,H, ,38,-11,87,13,8,183,-1,1
362,09/21/2002,Georgia Tech,28,50,210,26,11,117,3,0,Brigham Young,19,27,79,57,28,274,3,1,H,11.5,9,23,131,-31,-17,-157,0,-1
363,09/21/2002,Hawaii,31,25,125,38,15,244,1,1,Texas-El Paso,6,50,114,37,12,151,4,0,V,19,25,-25,11,1,3,93,-3,1
364,09/21/2002,Houston,11,23,31,27,14,121,2,0,Texas,41,52,233,33,22,244,1,2,V,-35.5,-30,-29,-202,-6,-8,-123,1,-2
365,09/21/2002,Idaho,48,44,149,46,29,382,0,1,San Diego State,38,22,79,49,29,506,0,1,H,-7.5,10,22,70,-3,0,-124,0,0
366,09/21/2002,Illinois,35,29,176,38,28,426,2,1,San Jose State,38,44,109,45,27,408,0,0,H,23.5,-3,-15,67,-7,1,18,2,1
367,09/21/2002,Indiana,39,51,215,24,15,316,1,1,Central Michigan,29,48,263,36,18,198,0,1,H,5.5,10,3,-48,-12,-3,118,1,0
368,09/21/2002,Iowa,48,49,300,33,17,218,0,0,Utah State,7,20,21,41,24,223,0,1,H,21.5,41,29,279,-8,-7,-5,0,-1
369,09/21/2002,Iowa State,42,35,68,25,17,295,0,0,Troy State,12,38,118,36,17,195,0,0,H,16.5,30,-3,-50,-11,0,100,0,0
370,09/21/2002,Kansas,16,34,89,41,18,188,0,3,Bowling Green,39,47,350,21,8,153,1,1,H,-10,-23,-13,-261,20,10,35,-1,2
371,09/21/2002,Kansas State,27,48,188,22,13,159,0,5,Southern Cal,20,29,110,47,18,186,0,1,H,2,7,19,78,-25,-5,-27,0,4
372,09/21/2002,Kent State,20,29,152,32,19,189,1,0,Miami-Ohio,27,49,176,31,18,198,2,1,V,-11.5,-7,-20,-24,1,1,-9,-1,-1
373,09/21/2002,Kentucky,44,39,205,31,22,305,1,0,Mid Tennessee St,22,39,220,19,10,202,0,2,H,5.5,22,0,-15,12,12,103,1,-2
374,09/21/2002,Louisiana Tech,17,23,41,62,39,414,3,1,Penn State,49,44,298,22,15,169,0,1,V,-13.5,-32,-21,-257,40,24,245,3,0
375,09/21/2002,Louisville,45,43,171,33,18,275,0,1,Army,14,30,26,28,11,114,0,0,V,29,31,13,145,5,7,161,0,1
376,09/21/2002,Maryland,45,46,238,23,17,329,0,2,Eastern Michigan,3,31,105,32,16,173,2,0,H,35,42,15,133,-9,1,156,-2,2
377,09/21/2002,Memphis,38,47,242,25,11,153,2,0,Tulane,10,40,106,34,22,190,1,2,H,6,28,7,136,-9,-11,-37,1,-2
378,09/21/2002,Miami-Florida,38,31,182,27,14,211,0,0,Boston College,6,48,147,24,14,138,1,2,H,26.5,32,-17,35,3,0,73,-1,-2
379,09/21/2002,Miami-Ohio,27,49,176,31,18,198,2,1,Kent State,20,29,152,32,19,189,1,0,H,11.5,7,20,24,-1,-1,9,1,1
380,09/21/2002,Michigan,10,48,175,36,19,186,0,1,Utah,7,20,13,39,23,208,2,0,H,11,3,28,162,-3,-4,-22,-2,1
381,09/21/2002,Michigan State,17,34,53,34,19,281,2,0,Notre Dame,21,39,127,24,9,198,1,0,H,3,-4,-5,-74,10,10,83,1,0
382,09/21/2002,Mid Tennessee St,22,39,220,19,10,202,0,2,Kentucky,44,39,205,31,22,305,1,0,V,-5.5,-22,0,15,-12,-12,-103,-1,2
383,09/21/2002,Minnesota,41,54,299,26,16,189,0,0,Buffalo,17,28,49,35,20,190,0,0,H,30.5,24,26,250,-9,-4,-1,0,0
384,09/21/2002,Mississippi,45,31,107,41,24,386,0,0,Vanderbilt,38,49,257,21,11,207,0,3,H,23.5,7,-18,-150,20,13,179,0,-3
385,09/21/2002,Navy,40,65,378,25,15,300,1,4,Northwestern,49,51,285,26,20,260,0,0,H,3,-9,14,93,-1,-5,40,1,4
386,09/21/2002,Nevada-Las Vegas,21,43,202,38,19,270,1,1,Toledo,38,36,135,22,12,122,0,0,V,-8,-17,7,67,16,7,148,1,1
387,09/21/2002,Nevada-Reno,31,45,126,36,30,410,0,1,Rice,21,40,248,15,6,118,1,1,H,7,10,5,-122,21,24,292,-1,0
388,09/21/2002,New Mexico,13,31,108,33,19,223,1,0,New Mexico State,24,49,262,11,5,54,0,0,V,6,-11,-18,-154,22,14,169,1,0
389,09/21/2002,New Mexico State,24,49,262,11,5,54,0,0,New Mexico,13,31,108,33,19,223,1,0,H,-6,11,18,154,-22,-14,-169,-1,0
390,09/21/2002,No Carolina State,51,44,179,32,20,301,1,1,Texas Tech,48,39,207,51,28,292,0,3,V,-1,3,5,-28,-19,-8,9,1,-2
391,09/21/2002,North Texas,10,33,34,34,12,185,0,1,Texas Christian,16,39,102,22,11,76,1,1,V,-12.5,-6,-6,-68,12,1,109,-1,0
392,09/21/2002,Northern Illinois,26,42,284,17,6,74,0,1,Western Illinois,29,45,35,35,19,382,1,0,H, ,-3,-3,249,-18,-13,-308,-1,1
393,09/21/2002,Northwestern,49,51,285,26,20,260,0,0,Navy,40,65,378,25,15,300,1,4,V,-3,9,-14,-93,1,5,-40,-1,-4
394,09/21/2002,Notre Dame,21,39,127,24,9,198,1,0,Michigan State,17,34,53,34,19,281,2,0,V,-3,4,5,74,-10,-10,-83,-1,0
395,09/21/2002,Ohio,19,49,218,20,11,95,2,0,Connecticut,37,40,126,30,15,224,1,0,V,-6,-18,9,92,-10,-4,-129,1,0
396,09/21/2002,Ohio State,23,38,163,29,14,129,2,1,Cincinnati,19,23,91,52,26,324,2,1,V,20,4,15,72,-23,-12,-195,0,0
397,09/21/2002,Oklahoma State,52,41,183,34,21,288,0,0,Southern Methodist,16,38,152,28,17,146,1,1,H,17,36,3,31,6,4,142,-1,-1
398,09/21/2002,Oregon,41,39,180,24,17,219,0,1,Portland State,0,39,103,29,15,130,2,1,H, ,41,0,77,-5,2,89,-2,0
399,09/21/2002,Oregon State,59,52,286,24,11,224,1,3,Fresno State,19,30,64,53,25,307,3,1,H,13.5,40,22,222,-29,-14,-83,-2,2
400,09/21/2002,Penn State,49,44,298,22,15,169,0,1,Louisiana Tech,17,23,41,62,39,414,3,1,H,13.5,32,21,257,-40,-24,-245,-3,0
401,09/21/2002,Pittsburgh,23,44,110,26,13,261,0,2,Rutgers,3,28,-3,47,19,167,2,3,H,23.5,20,16,113,-21,-6,94,-2,-1
402,09/21/2002,Purdue,21,28,146,43,24,331,1,4,Wake Forest,24,69,248,12,9,120,0,1,H,10,-3,-41,-102,31,15,211,1,3
403,09/21/2002,Rice,21,40,248,14,6,118,1,1,Nevada-Reno,31,45,126,36,30,408,0,1,V,-7,-10,-5,122,-22,-24,-290,1,0
404,09/21/2002,Rutgers,3,28,-3,47,19,167,2,3,Pittsburgh,23,44,110,26,13,261,0,2,V,-23.5,-20,-16,-113,21,6,-94,2,1
405,09/21/2002,San Diego State,38,22,79,49,29,506,0,1,Idaho,48,44,149,46,29,382,0,1,V,7.5,-10,-22,-70,3,0,124,0,0
406,09/21/2002,San Jose State,38,44,109,45,27,408,0,0,Illinois,35,29,176,38,28,426,2,1,V,-23.5,3,15,-67,7,-1,-18,-2,-1
407,09/21/2002,South Carolina,42,28,99,24,19,199,1,0,Temple,21,47,196,34,15,145,2,0,H,17.5,21,-19,-97,-10,4,54,-1,0
408,09/21/2002,Southern Cal,20,29,91,47,18,186,0,1,Kansas State,27,48,188,22,13,159,0,5,V,-2,-7,-19,-97,25,5,27,0,-4
409,09/21/2002,Southern Methodist,16,38,152,28,17,146,1,1,Oklahoma State,52,41,183,34,21,288,0,0,V,-17,-36,-3,-31,-6,-4,-142,1,1
410,09/21/2002,Southern Miss,7,26,35,27,8,110,1,4,Alabama,20,64,351,17,5,21,2,1,V,-7,-13,-38,-316,10,3,89,-1,3
411,09/21/2002,Temple,21,47,196,34,15,145,2,0,South Carolina,42,28,99,24,19,199,1,0,V,-17.5,-21,19,97,10,-4,-54,1,0
412,09/21/2002,Tennessee,13,33,99,44,30,285,0,3,Florida,30,34,94,35,20,324,2,1,H,5,-17,-1,5,9,10,-39,-2,2
413,09/21/2002,Texas,41,52,233,33,22,244,1,2,Houston,11,23,31,27,14,121,2,0,H,35.5,30,29,202,6,8,123,-1,2
414,09/21/2002,Texas A & M,3,28,38,35,14,118,2,1,Virginia Tech,13,48,129,11,10,119,0,1,H,-1.5,-10,-20,-91,24,4,-1,2,0
415,09/21/2002,Texas Christian,16,39,102,22,11,76,1,1,North Texas,10,33,34,34,12,185,0,1,H,12.5,6,6,68,-12,-1,-109,1,0
416,09/21/2002,Texas Tech,48,39,207,51,28,292,0,3,No Carolina State,51,44,179,32,20,301,1,1,H,1,-3,-5,28,19,8,-9,-1,2
417,09/21/2002,Texas-El Paso,6,50,114,37,12,151,4,0,Hawaii,31,25,125,38,15,244,1,1,H,-19,-25,25,-11,-1,-3,-93,3,-1
418,09/21/2002,Toledo,38,36,135,22,12,122,0,0,Nevada-Las Vegas,21,43,202,38,19,270,1,1,H,8,17,-7,-67,-16,-7,-148,-1,-1
419,09/21/2002,Troy State,12,38,118,36,17,195,0,0,Iowa State,42,35,68,25,17,295,0,0,V,-16.5,-30,3,50,11,0,-100,0,0
420,09/21/2002,Tulane,10,40,106,34,22,190,1,2,Memphis,38,47,242,25,11,153,2,0,V,-6,-28,-7,-136,9,11,37,-1,2
421,09/21/2002,Tulsa,25,25,70,42,24,251,1,1,Baylor,37,45,215,30,18,235,3,2,V,-11.5,-12,-20,-145,12,6,16,-2,-1
422,09/21/2002,U.C.L.A.,17,28,62,36,22,222,1,0,Colorado,31,51,325,23,12,146,0,0,H,12,-14,-23,-263,13,10,76,1,0
423,09/21/2002,UL-Lafayette,34,53,123,23,16,242,0,0,Alabama-Birmingham,0,28,122,20,6,94,2,2,H,-6.5,34,25,1,3,10,148,-2,-2
424,09/21/2002,UL-Monroe,21,30,59,39,19,235,2,1,Arkansas State,33,49,231,23,14,226,0,3,H,2.5,-12,-19,-172,16,5,9,2,-2
425,09/21/2002,Utah,7,20,13,39,23,208,2,0,Michigan,10,48,175,36,19,186,0,1,V,-11,-3,-28,-162,3,4,22,2,-1
426,09/21/2002,Utah State,7,20,21,41,24,223,0,1,Iowa,48,49,300,33,17,218,0,0,V,-21.5,-41,-29,-279,8,7,5,0,1
427,09/21/2002,Vanderbilt,38,49,257,21,11,207,0,3,Mississippi,45,31,107,41,24,386,0,0,V,-23.5,-7,18,150,-20,-13,-179,0,3
428,09/21/2002,Virginia,48,30,212,27,19,202,0,0,Akron,29,48,154,50,28,341,3,0,H,23.5,19,-18,58,-23,-9,-139,-3,0
429,09/21/2002,Virginia Tech,13,48,129,11,10,119,0,1,Texas A & M,3,28,38,35,14,118,2,1,V,1.5,10,20,91,-24,-4,1,-2,0
430,09/21/2002,Wake Forest,24,69,248,12,9,120,0,1,Purdue,21,28,146,43,24,331,1,4,V,-10,3,41,102,-31,-15,-211,-1,-3
431,09/21/2002,Washington,38,37,113,48,37,436,0,4,Wyoming,7,31,86,31,20,169,1,0,H,30.5,31,6,27,17,17,267,-1,4
432,09/21/2002,Washington State,45,39,138,33,24,267,0,0,Montana State,28,19,62,47,26,290,1,1,H, ,17,20,76,-14,-2,-23,-1,-1
433,09/21/2002,Wisconsin,31,47,260,22,15,165,0,0,Arizona,10,30,154,32,14,138,2,0,H,6,21,17,106,-10,1,27,-2,0
434,09/21/2002,Wyoming,7,30,86,32,21,169,1,0,Washington,38,37,113,48,37,436,0,4,V,-30.5,-31,-7,-27,-16,-16,-267,1,-4
435,09/26/2002,Florida State,20,32,129,34,15,206,1,0,Louisville,26,39,121,27,15,182,1,0,V,14.5,-6,-7,8,7,0,24,0,0
436,09/26/2002,Louisville,26,39,121,27,15,182,1,0,Florida State,20,32,129,34,15,206,1,0,H,-14.5,6,7,-8,-7,0,-24,0,0
437,09/27/2002,New Mexico,0,30,85,33,12,114,1,1,Texas Tech,49,34,121,68,47,469,1,0,H,-8,-49,-4,-36,-35,-35,-355,0,1
438,09/27/2002,Texas Tech,49,34,121,68,47,469,1,0,New Mexico,0,30,85,33,12,114,1,1,V,8,49,4,36,35,35,355,0,-1
439,09/28/2002,Air Force,30,48,188,16,6,99,1,2,Utah,26,46,181,20,11,109,2,4,V,-8.5,4,2,7,-4,-5,-10,-1,-2
440,09/28/2002,Akron,31,39,114,46,29,348,0,1,Miami-Ohio,48,40,131,22,16,240,0,0,H,-9,-17,-1,-17,24,13,108,0,1
441,09/28/2002,Alabama,30,48,267,24,12,285,0,1,Arkansas,12,32,172,29,8,127,2,0,V,-6.5,18,16,95,-5,4,158,-2,1
442,09/28/2002,Alabama-Birmingham,31,47,223,22,13,167,1,1,Memphis,17,35,68,40,22,259,2,2,H,-8.5,14,12,155,-18,-9,-92,-1,-1
443,09/28/2002,Arizona,14,35,121,27,16,189,0,0,North Texas,9,60,282,18,12,149,1,2,H,14.5,5,-25,-161,9,4,40,-1,-2
444,09/28/2002,Arizona State,65,34,114,39,23,421,1,0,Stanford,24,40,239,36,16,179,4,3,H,1,41,-6,-125,3,7,242,-3,-3
445,09/28/2002,Arkansas,12,32,172,29,8,127,2,0,Alabama,30,48,267,24,12,285,0,1,H,6.5,-18,-16,-95,5,-4,-158,2,-1
446,09/28/2002,Arkansas State,30,43,216,20,9,121,0,0,Tennessee-Martin,10,41,66,16,9,145,0,0,H, ,20,2,150,4,0,-24,0,0
447,09/28/2002,Army,6,35,141,43,19,252,6,0,Southern Miss,27,40,165,24,14,138,1,2,H,-29,-21,-5,-24,19,5,114,5,-2
448,09/28/2002,Auburn,37,54,231,33,17,271,2,2,Syracuse,34,44,158,30,15,163,3,0,H,16,3,10,73,3,2,108,-1,2
449,09/28/2002,Ball State,24,41,135,26,15,156,2,0,Connecticut,21,34,155,38,24,243,2,1,V,-5.5,3,7,-20,-12,-9,-87,0,-1
450,09/28/2002,Boise State,63,36,178,28,17,376,1,2,Utah State,38,35,65,40,24,355,2,2,H,22,25,1,113,-12,-7,21,-1,0
451,09/28/2002,Boston College,43,34,195,39,29,330,0,0,Central Michigan,0,42,154,27,12,88,1,2,H,20,43,-8,41,12,17,242,-1,-2
452,09/28/2002,Buffalo,32,24,85,43,29,350,0,0,Ohio,34,73,406,9,6,99,0,3,V,-8,-2,-49,-321,34,23,251,0,-3
453,09/28/2002,California,38,27,101,47,29,371,2,0,Washington State,48,27,104,45,29,474,0,2,H,-2,-10,0,-3,2,0,-103,2,-2
454,09/28/2002,Central Michigan,0,42,154,27,12,88,1,2,Boston College,43,34,195,39,29,330,0,0,V,-20,-43,8,-41,-12,-17,-242,1,2
455,09/28/2002,Cincinnati,35,41,83,39,24,312,1,0,Temple,22,32,111,33,16,213,0,1,V,4,13,9,-28,6,8,99,1,-1
456,09/28/2002,Colorado State,32,50,260,29,16,271,0,0,Nevada-Reno,28,27,111,44,26,341,2,0,V,14,4,23,149,-15,-10,-70,-2,0
457,09/28/2002,Connecticut,21,34,155,38,24,243,2,1,Ball State,24,41,135,26,15,156,2,0,H,5.5,-3,-7,20,12,9,87,0,1
458,09/28/2002,Duke,43,49,288,25,17,191,0,2,Navy,17,51,240,23,9,109,1,3,V,-2,26,-2,48,2,8,82,-1,-1
459,09/28/2002,East Carolina,17,24,65,33,23,207,2,1,West Virginia,37,62,536,14,6,33,0,1,V,-7.5,-20,-38,-471,19,17,174,2,0
460,09/28/2002,Eastern Michigan,48,40,244,36,20,352,1,0,Southern Illinois,45,68,481,10,6,62,0,0,H, ,3,-28,-237,26,14,290,1,0
461,09/28/2002,Florida,41,46,134,43,28,375,0,1,Kentucky,34,29,88,32,20,180,1,1,H,20,7,17,46,11,8,195,-1,0
462,09/28/2002,Fresno State,31,35,101,29,18,325,0,0,Rice,28,71,329,16,11,96,1,1,V,6.5,3,-36,-228,13,7,229,-1,-1
463,09/28/2002,Georgia,41,20,92,36,19,207,1,1,New Mexico State,10,48,81,36,18,194,1,1,H,27,31,-28,11,0,1,13,0,0
464,09/28/2002,Georgia Tech,21,49,185,33,19,211,2,0,North Carolina,13,27,68,25,14,231,0,1,V,1.5,8,22,117,8,5,-20,2,-1
465,09/28/2002,Hawaii,42,26,173,43,21,314,3,3,Southern Methodist,10,51,192,21,6,46,2,1,H,23.5,32,-25,-19,22,15,268,1,2
466,09/28/2002,Idaho,27,25,95,40,22,309,1,1,Washington,41,45,129,45,32,438,0,1,V,-32.5,-14,-20,-34,-5,-10,-129,1,0
467,09/28/2002,Illinois,28,34,164,50,26,379,3,2,Michigan,45,40,143,39,23,272,0,1,H,-7.5,-17,-6,21,11,3,107,3,1
468,09/28/2002,Indiana,17,28,56,32,19,283,0,0,Ohio State,45,39,244,23,18,217,0,0,V,-28,-28,-11,-188,9,1,66,0,0
469,09/28/2002,Iowa,42,49,209,30,18,261,2,1,Penn State,35,27,54,44,23,399,2,1,V,-7.5,7,22,155,-14,-5,-138,0,0
470,09/28/2002,Iowa State,36,52,192,32,19,220,2,1,Nebraska,14,30,81,29,12,192,1,4,H,-2,22,22,111,3,7,28,1,-3
471,09/28/2002,Kansas,43,50,257,36,21,266,0,0,Tulsa,33,32,216,31,19,236,2,0,V,3,10,18,41,5,2,30,-2,0
472,09/28/2002,Kent State,6,41,229,27,14,109,1,0,Northern Illinois,13,49,240,19,7,60,0,1,V,-6,-7,-8,-11,8,7,49,1,-1
473,09/28/2002,Kentucky,34,29,88,32,20,180,1,1,Florida,41,46,134,43,28,375,0,1,V,-20,-7,-17,-46,-11,-8,-195,1,0
474,09/28/2002,Louisiana State,31,53,256,12,4,52,0,3,Mississippi State,13,30,88,43,16,161,3,0,H,10.5,18,23,168,-31,-12,-109,-3,3
475,09/28/2002,Louisiana Tech,3,21,79,43,23,172,1,0,Texas A & M,31,43,206,30,15,238,0,2,V,-13,-28,-22,-127,13,8,-66,1,-2
476,09/28/2002,Maryland,37,50,250,20,12,140,0,0,Wofford,8,48,156,10,7,54,0,2,H, ,29,2,94,10,5,86,0,-2
477,09/28/2002,Memphis,17,35,68,40,22,259,2,2,Alabama-Birmingham,31,47,223,22,13,167,1,1,V,8.5,-14,-12,-155,18,9,92,1,1
478,09/28/2002,Miami-Ohio,48,40,131,22,16,240,0,0,Akron,31,39,114,46,29,348,0,1,V,9,17,1,17,-24,-13,-108,0,-1
479,09/28/2002,Michigan,45,40,143,39,23,272,0,1,Illinois,28,35,175,49,25,368,3,2,V,7.5,17,5,-32,-10,-2,-96,-3,-1
480,09/28/2002,Michigan State,39,48,276,26,15,263,2,0,Northwestern,24,36,212,43,19,265,1,1,H,25,15,12,64,-17,-4,-2,1,-1
481,09/28/2002,Mid Tennessee St,14,36,151,27,20,133,1,0,S E Missouri St,24,43,203,23,14,204,2,0,H, ,-10,-7,-52,4,6,-71,-1,0
482,09/28/2002,Minnesota,15,34,83,48,16,233,1,1,Purdue,28,46,153,32,19,190,0,3,V,-4,-13,-12,-70,16,-3,43,1,-2
483,09/28/2002,Mississippi State,13,30,88,43,16,161,3,0,Louisiana State,31,53,256,12,4,52,0,3,V,-10.5,-18,-23,-168,31,12,109,3,-3
484,09/28/2002,Missouri,44,52,277,36,19,218,1,0,Troy State,7,28,69,31,18,231,4,1,H,12.5,37,24,208,5,1,-13,-3,-1
485,09/28/2002,Navy,17,51,240,23,9,109,1,3,Duke,43,49,288,25,17,191,0,2,H,2,-26,2,-48,-2,-8,-82,1,1
486,09/28/2002,Nebraska,14,30,81,29,12,192,1,4,Iowa State,36,52,192,32,19,220,2,1,V,2,-22,-22,-111,-3,-7,-28,-1,3
487,09/28/2002,Nevada-Reno,28,27,111,44,26,341,2,0,Colorado State,32,50,260,29,16,271,0,0,H,-14,-4,-23,-149,15,10,70,2,0
488,09/28/2002,New Mexico State,10,48,81,36,18,194,1,1,Georgia,41,20,92,36,19,207,1,1,V,-27,-31,28,-11,0,-1,-13,0,0
489,09/28/2002,No Carolina State,56,41,178,37,23,252,3,1,Massachusetts,24,35,101,37,13,194,3,0,H, ,32,6,77,0,10,58,0,1
490,09/28/2002,North Carolina,13,27,68,25,14,231,0,1,Georgia Tech,21,49,185,33,19,211,2,0,H,-1.5,-8,-22,-117,-8,-5,20,-2,1
491,09/28/2002,North Texas,9,60,282,18,12,149,1,2,Arizona,14,35,121,27,16,189,0,0,V,-14.5,-5,25,161,-9,-4,-40,1,2
492,09/28/2002,Northern Illinois,13,49,240,19,7,60,0,1,Kent State,6,41,229,27,14,109,1,0,H,6,7,8,11,-8,-7,-49,-1,1
493,09/28/2002,Northwestern,24,36,212,43,19,265,1,1,Michigan State,39,48,276,26,15,263,2,0,V,-25,-15,-12,-64,17,4,2,-1,1
494,09/28/2002,Ohio,34,73,406,9,6,99,0,3,Buffalo,32,24,85,43,29,350,0,0,H,8,2,49,321,-34,-23,-251,0,3
495,09/28/2002,Ohio State,45,39,244,23,18,217,0,0,Indiana,17,28,56,32,19,283,0,0,H,28,28,11,188,-9,-1,-66,0,0
496,09/28/2002,Oklahoma,31,33,45,34,22,194,0,1,South Florida,14,34,61,44,24,267,1,2,H,30,17,-1,-16,-10,-2,-73,-1,-1
497,09/28/2002,Oregon State,0,29,51,31,8,80,1,2,Southern Cal,22,49,99,41,23,231,1,1,V,-3.5,-22,-20,-48,-10,-15,-151,0,1
498,09/28/2002,Penn State,35,27,54,44,23,399,2,1,Iowa,42,49,209,30,18,261,2,1,H,7.5,-7,-22,-155,14,5,138,0,0
499,09/28/2002,Pittsburgh,37,40,153,27,18,316,1,0,Toledo,19,30,104,46,32,331,1,2,H,6.5,18,10,49,-19,-14,-15,0,-2
500,09/28/2002,Purdue,28,46,153,32,19,190,0,3,Minnesota,15,34,83,48,16,233,1,1,H,4,13,12,70,-16,3,-43,-1,2
501,09/28/2002,Rice,28,71,329,16,11,96,1,1,Fresno State,31,35,101,29,18,325,0,0,H,-6.5,-3,36,228,-13,-7,-229,1,1
502,09/28/2002,Rutgers,14,43,121,32,17,151,1,0,Tennessee,35,23,94,28,15,284,0,0,V,-41,-21,20,27,4,2,-133,1,0
503,09/28/2002,San Diego State,7,30,63,40,18,208,2,3,U.C.L.A.,43,51,153,24,14,238,0,0,H,-15.5,-36,-21,-90,16,4,-30,2,3
504,09/28/2002,San Jose State,58,37,179,36,25,330,1,1,Texas-El Paso,24,35,157,44,19,303,4,2,H,17.5,34,2,22,-8,6,27,-3,-1
505,09/28/2002,South Carolina,20,45,185,25,17,213,1,0,Vanderbilt,14,36,136,19,10,105,1,0,V,9,6,9,49,6,7,108,0,0
506,09/28/2002,South Florida,14,34,61,44,24,267,1,2,Oklahoma,31,33,45,34,22,194,0,1,V,-30,-17,1,16,10,2,73,1,1
507,09/28/2002,Southern Cal,22,50,79,40,23,231,1,1,Oregon State,0,29,51,31,8,80,1,2,H,3.5,22,21,28,9,15,151,0,-1
508,09/28/2002,Southern Methodist,10,51,192,21,6,46,2,1,Hawaii,42,26,173,43,21,314,3,3,V,-23.5,-32,25,19,-22,-15,-268,-1,-2
509,09/28/2002,Southern Miss,27,40,165,24,14,138,1,2,Army,6,35,141,43,19,252,6,0,V,29,21,5,24,-19,-5,-114,-5,2
510,09/28/2002,Stanford,24,40,239,36,16,179,4,3,Arizona State,65,34,114,39,23,421,1,0,V,-1,-41,6,125,-3,-7,-242,3,3
511,09/28/2002,Syracuse,34,44,158,30,15,163,3,0,Auburn,37,54,231,33,17,271,2,2,V,-16,-3,-10,-73,-3,-2,-108,1,-2
512,09/28/2002,Temple,22,32,111,33,16,213,0,1,Cincinnati,35,41,83,39,24,312,1,0,H,-4,-13,-9,28,-6,-8,-99,-1,1
513,09/28/2002,Tennessee,35,23,94,28,15,284,0,0,Rutgers,14,43,121,32,17,151,1,0,H,41,21,-20,-27,-4,-2,133,-1,0
514,09/28/2002,Texas,49,34,176,32,18,193,1,1,Tulane,0,29,88,35,14,127,2,2,V,31,49,5,88,-3,4,66,-1,-1
515,09/28/2002,Texas A & M,31,43,206,30,15,238,0,2,Louisiana Tech,3,21,79,43,23,172,1,0,H,13,28,22,127,-13,-8,66,-1,2
516,09/28/2002,Texas-El Paso,24,35,157,44,19,303,4,2,San Jose State,58,37,179,36,25,330,1,1,V,-17.5,-34,-2,-22,8,-6,-27,3,1
517,09/28/2002,Toledo,19,30,104,46,32,331,1,2,Pittsburgh,37,40,153,27,18,316,1,0,V,-6.5,-18,-10,-49,19,14,15,0,2
518,09/28/2002,Troy State,7,28,69,31,18,231,4,1,Missouri,44,52,277,36,19,218,1,0,V,-12.5,-37,-24,-208,-5,-1,13,3,1
519,09/28/2002,Tulane,0,29,88,35,14,127,2,2,Texas,49,34,176,32,18,193,1,1,H,-31,-49,-5,-88,3,-4,-66,1,1
520,09/28/2002,Tulsa,33,32,216,31,19,236,2,0,Kansas,43,50,257,36,21,266,0,0,H,-3,-10,-18,-41,-5,-2,-30,2,0
521,09/28/2002,U-C-F,48,31,156,36,25,415,0,5,Liberty,17,40,186,31,11,104,2,1,H, ,31,-9,-30,5,14,311,-2,4
522,09/28/2002,U.C.L.A.,43,51,153,24,14,238,0,0,San Diego State,7,30,63,40,18,208,2,3,V,15.5,36,21,90,-16,-4,30,-2,-3
523,09/28/2002,Utah,26,46,181,20,11,109,2,4,Air Force,30,48,188,16,6,99,1,2,H,8.5,-4,-2,-7,4,5,10,1,2
524,09/28/2002,Utah State,38,35,65,40,24,355,2,2,Boise State,63,36,178,28,17,376,1,2,V,-22,-25,-1,-113,12,7,-21,1,0
525,09/28/2002,Vanderbilt,14,36,136,19,10,105,1,0,South Carolina,20,45,185,25,17,213,1,0,H,-9,-6,-9,-49,-6,-7,-108,0,0
526,09/28/2002,Virginia,38,27,49,30,24,349,0,1,Wake Forest,34,68,349,24,13,146,0,0,V,-1.5,4,-41,-300,6,11,203,0,1
527,09/28/2002,Virginia Tech,30,39,128,25,14,212,2,0,Western Michigan,0,27,35,44,24,233,0,3,V,21,30,12,93,-19,-10,-21,2,-3
528,09/28/2002,Wake Forest,34,68,349,24,13,146,0,0,Virginia,38,27,49,30,24,349,0,1,H,1.5,-4,41,300,-6,-11,-203,0,-1
529,09/28/2002,Washington,41,45,129,45,32,438,0,1,Idaho,27,25,95,40,22,309,1,1,H,32.5,14,20,34,5,10,129,-1,0
530,09/28/2002,Washington State,48,27,104,45,29,474,0,2,California,38,27,101,47,29,371,2,0,V,2,10,0,3,-2,0,103,-2,2
531,09/28/2002,West Virginia,37,62,536,14,6,33,0,1,East Carolina,17,24,65,33,23,207,2,1,H,7.5,20,38,471,-19,-17,-174,-2,0
532,09/28/2002,Western Michigan,0,27,35,44,24,233,0,3,Virginia Tech,30,39,128,25,14,212,2,0,H,-21,-30,-12,-93,19,10,21,-2,3
533,10/03/2002,Clemson,31,33,107,28,18,334,2,2,Florida State,48,49,272,20,8,114,0,0,V,-14,-17,-16,-165,8,10,220,2,2
534,10/03/2002,Florida State,48,49,272,20,8,114,0,0,Clemson,31,33,107,28,18,334,2,2,H,14,17,16,165,-8,-10,-220,-2,-2
535,10/03/2002,Illinois,10,33,104,51,25,339,0,2,Minnesota,31,56,302,30,15,144,1,0,V,-3.5,-21,-23,-198,21,10,195,-1,2
536,10/03/2002,Minnesota,31,56,302,30,15,144,1,0,Illinois,10,33,104,51,25,339,0,2,H,3.5,21,23,198,-21,-10,-195,1,-2
537,10/04/2002,Brigham Young,35,55,269,45,28,312,1,1,Utah State,34,18,129,57,24,331,3,0,V,17.5,1,37,140,-12,4,-19,-2,1
538,10/04/2002,Colorado State,30,40,247,23,11,219,1,0,Fresno State,32,36,157,28,20,184,0,0,V,5.5,-2,4,90,-5,-9,35,1,0
539,10/04/2002,Fresno State,32,36,157,28,20,184,0,0,Colorado State,30,40,247,23,11,219,1,0,H,-5.5,2,-4,-90,5,9,-35,-1,0
540,10/04/2002,Utah State,34,18,129,57,24,331,3,0,Brigham Young,35,55,269,45,28,312,1,1,H,-17.5,-1,-37,-140,12,-4,19,2,-1
541,10/05/2002,Air Force,48,67,429,7,6,107,0,0,Navy,7,52,260,12,5,87,1,2,H,22,41,15,169,-5,1,20,-1,-2
542,10/05/2002,Akron,34,29,162,37,29,344,2,2,Eastern Michigan,42,44,157,39,25,390,1,1,V,11.5,-8,-15,5,-2,4,-46,1,1
543,10/05/2002,Alabama,25,37,109,29,16,197,1,1,Georgia,27,42,161,27,15,224,2,1,H,3.5,-2,-5,-52,2,1,-27,-1,0
544,10/05/2002,Arizona,14,27,30,41,23,302,1,0,Oregon,31,43,188,27,18,244,0,1,H,-9.5,-17,-16,-158,14,5,58,1,-1
545,10/05/2002,Arizona State,35,35,183,45,27,474,2,3,North Carolina,38,34,61,40,25,417,2,0,H,9,-3,1,122,5,2,57,0,3
546,10/05/2002,Arkansas,38,66,238,21,12,211,0,0,Tennessee,41,47,162,28,19,291,1,1,V,-9.5,-3,19,76,-7,-7,-80,-1,-1
547,10/05/2002,Arkansas State,13,42,229,13,6,59,0,1,Mid Tennessee St,7,40,193,23,12,137,2,2,H,-14,6,2,36,-10,-6,-78,-2,-1
548,10/05/2002,Army,24,34,129,42,17,245,3,1,East Carolina,59,50,191,15,9,137,0,2,V,-19.5,-35,-16,-62,27,8,108,3,-1
549,10/05/2002,Ball State,29,41,184,46,20,233,4,0,Northern Illinois,41,44,144,20,13,171,0,2,H,-3,-12,-3,40,26,7,62,4,-2
550,10/05/2002,Baylor,35,38,100,34,23,379,2,1,Kansas,32,30,116,42,23,246,1,0,H,5.5,3,8,-16,-8,0,133,1,1
551,10/05/2002,Boise State,58,47,186,30,19,215,0,0,Hawaii,31,16,79,57,35,360,1,2,H,5.5,27,31,107,-27,-16,-145,-1,-2
552,10/05/2002,Bowling Green,72,48,349,30,24,343,0,1,Ohio,14,51,193,7,1,12,0,2,H,24,58,-3,156,23,23,331,0,-1
553,10/05/2002,Buffalo,17,29,75,36,17,136,1,3,Western Michigan,31,46,125,40,23,283,2,3,H,-12,-14,-17,-50,-4,-6,-147,-1,0
554,10/05/2002,California,34,42,125,24,13,266,0,1,Washington,27,28,42,59,35,399,2,1,V,-10.5,7,14,83,-35,-22,-133,-2,0
555,10/05/2002,Cincinnati,26,27,89,48,27,353,2,1,Miami-Ohio,31,34,161,38,28,253,1,1,H,5,-5,-7,-72,10,-1,100,1,0
556,10/05/2002,Colorado,35,44,194,20,13,289,0,1,Kansas State,31,44,320,14,5,83,1,0,H,-3.5,4,0,-126,6,8,206,-1,1
557,10/05/2002,Connecticut,14,34,90,28,11,100,0,1,Miami-Florida,48,29,214,39,25,284,1,1,V,-43,-34,5,-124,-11,-14,-184,-1,0
558,10/05/2002,Duke,22,47,158,44,26,256,1,2,Virginia,27,20,2,45,27,315,1,0,H,-10,-5,27,156,-1,-1,-59,0,2
559,10/05/2002,East Carolina,59,50,191,15,9,137,0,2,Army,24,34,129,42,17,245,3,1,H,19.5,35,16,62,-27,-8,-108,-3,1
560,10/05/2002,Eastern Michigan,42,44,157,39,25,390,1,1,Akron,34,29,162,37,29,344,2,2,H,-11.5,8,15,-5,2,-4,46,-1,-1
561,10/05/2002,Florida,14,30,95,44,19,205,4,0,Mississippi,17,33,37,33,18,154,0,1,V,14,-3,-3,58,11,1,51,4,-1
562,10/05/2002,Georgia,27,42,161,27,15,224,2,1,Alabama,25,37,109,29,16,197,1,1,V,-3.5,2,5,52,-2,-1,27,1,0
563,10/05/2002,Georgia Tech,21,21,78,30,18,254,1,1,Wake Forest,24,60,209,32,19,238,0,0,H,13,-3,-39,-131,-2,-1,16,1,1
564,10/05/2002,Hawaii,31,16,79,57,35,360,1,2,Boise State,58,47,186,30,19,215,0,0,V,-5.5,-27,-31,-107,27,16,145,1,2
565,10/05/2002,Houston,17,27,27,46,20,242,2,3,Texas Christian,34,48,201,26,15,172,2,1,V,-11,-17,-21,-174,20,5,70,0,2
566,10/05/2002,Idaho,31,32,122,49,30,333,1,0,Montana,38,40,81,28,16,311,0,0,H, ,-7,-8,41,21,14,22,1,0
567,10/05/2002,Iowa,31,37,158,22,14,226,0,1,Purdue,28,29,97,59,35,410,2,0,H,8.5,3,8,61,-37,-21,-184,-2,1
568,10/05/2002,Kansas,32,30,116,42,23,246,1,0,Baylor,35,38,100,34,23,379,2,1,V,-5.5,-3,-8,16,8,0,-133,-1,-1
569,10/05/2002,Kansas State,31,44,320,14,5,83,1,0,Colorado,35,44,194,20,13,289,0,1,V,3.5,-4,0,126,-6,-8,-206,1,-1
570,10/05/2002,Kent State,21,36,262,19,12,145,2,0,Marshall,42,41,268,45,31,377,2,0,H,-13.5,-21,-5,-6,-26,-19,-232,0,0
571,10/05/2002,Louisiana State,48,47,205,23,10,154,0,2,UL-Lafayette,0,34,17,26,8,53,1,2,H,27.5,48,13,188,-3,2,101,-1,0
572,10/05/2002,Louisiana Tech,20,27,95,37,22,189,3,0,Rice,37,59,249,8,4,137,0,1,V,6.5,-17,-32,-154,29,18,52,3,-1
573,10/05/2002,Marshall,42,41,268,45,31,377,2,0,Kent State,21,36,262,19,12,145,2,0,V,13.5,21,5,6,26,19,232,0,0
574,10/05/2002,Maryland,48,37,215,20,8,162,0,2,West Virginia,17,57,186,32,16,138,3,0,V,-6,31,-20,29,-12,-8,24,-3,2
575,10/05/2002,Miami-Florida,48,29,214,39,25,284,1,1,Connecticut,14,34,90,28,11,100,0,1,H,43,34,-5,124,11,14,184,1,0
576,10/05/2002,Miami-Ohio,31,34,161,38,28,253,1,1,Cincinnati,26,27,89,48,27,353,2,1,V,-5,5,7,72,-10,1,-100,-1,0
577,10/05/2002,Mid Tennessee St,7,40,193,23,12,137,2,2,Arkansas State,13,42,229,13,6,59,0,1,V,14,-6,-2,-36,10,6,78,2,1
578,10/05/2002,Mississippi,17,33,37,33,18,154,0,1,Florida,14,30,95,44,19,205,4,0,H,-14,3,3,-58,-11,-1,-51,-4,1
579,10/05/2002,Mississippi State,10,25,69,40,21,205,3,2,South Carolina,34,59,230,21,11,178,1,1,V,-5,-24,-34,-161,19,10,27,2,1
580,10/05/2002,Missouri,24,44,271,39,19,178,3,0,Oklahoma,31,30,126,33,21,317,0,0,H,-12,-7,14,145,6,-2,-139,3,0
581,10/05/2002,Navy,7,52,260,12,5,87,1,2,Air Force,48,67,429,7,6,107,0,0,V,-22,-41,-15,-169,5,-1,-20,1,2
582,10/05/2002,Nebraska,38,52,444,18,12,151,1,0,McNeese State,14,43,121,36,15,234,0,0,H, ,24,9,323,-18,-3,-83,1,0
583,10/05/2002,Nevada-Las Vegas,21,49,206,35,16,262,0,1,Nevada-Reno,17,22,68,50,23,323,1,1,H,3,4,27,138,-15,-7,-61,-1,0
584,10/05/2002,Nevada-Reno,17,22,68,50,23,323,1,1,Nevada-Las Vegas,21,49,206,35,16,262,0,1,V,-3,-4,-27,-138,15,7,61,1,0
585,10/05/2002,New Mexico State,49,52,286,16,10,189,0,0,Texas-El Paso,14,36,114,26,19,213,2,1,H,17,35,16,172,-10,-9,-24,-2,-1
586,10/05/2002,North Carolina,38,34,61,40,25,417,2,0,Arizona State,35,35,183,45,27,474,2,3,V,-9,3,-1,-122,-5,-2,-57,0,-3
587,10/05/2002,North Texas,17,35,84,28,8,114,3,2,South Florida,24,44,161,47,29,271,1,1,H,-3,-7,-9,-77,-19,-21,-157,2,1
588,10/05/2002,Northern Illinois,41,44,144,20,13,171,0,2,Ball State,29,41,184,46,20,233,4,0,V,3,12,3,-40,-26,-7,-62,-4,2
589,10/05/2002,Northwestern,16,27,113,45,24,283,1,1,Ohio State,27,56,285,22,11,170,0,3,H,-27.5,-11,-29,-172,23,13,113,1,-2
590,10/05/2002,Notre Dame,31,43,249,27,14,129,1,0,Stanford,7,30,61,43,21,201,3,0,H,8.5,24,13,188,-16,-7,-72,-2,0
591,10/05/2002,Ohio,14,51,193,7,1,12,0,2,Bowling Green,72,48,349,30,24,343,0,1,V,-24,-58,3,-156,-23,-23,-331,0,1
592,10/05/2002,Ohio State,27,56,285,22,11,170,0,3,Northwestern,16,27,113,45,24,283,1,1,V,27.5,11,29,172,-23,-13,-113,-1,2
593,10/05/2002,Oklahoma,31,30,126,33,21,317,0,0,Missouri,24,44,271,39,19,178,3,0,V,12,7,-14,-145,-6,2,139,-3,0
594,10/05/2002,Oklahoma State,15,29,139,31,14,134,3,0,Texas,17,43,145,46,24,267,1,0,V,-24,-2,-14,-6,-15,-10,-133,2,0
595,10/05/2002,Oregon,31,43,188,27,18,244,0,1,Arizona,14,27,30,41,23,302,1,0,V,9.5,17,16,158,-14,-5,-58,-1,1
596,10/05/2002,Oregon State,35,18,93,41,16,260,2,0,U.C.L.A.,43,53,247,33,24,378,0,2,H,6,-8,-35,-154,8,-8,-118,2,-2
597,10/05/2002,Penn State,34,36,149,37,21,287,1,0,Wisconsin,31,36,92,25,15,217,1,0,V,-1.5,3,0,57,12,6,70,0,0
598,10/05/2002,Pittsburgh,48,47,180,15,10,279,1,1,Syracuse,24,38,144,29,14,131,0,4,V,-3,24,9,36,-14,-4,148,1,-3
599,10/05/2002,Purdue,28,29,97,59,35,410,2,0,Iowa,31,37,158,22,14,226,0,1,V,-8.5,-3,-8,-61,37,21,184,2,-1
600,10/05/2002,Rice,37,59,249,8,4,137,0,1,Louisiana Tech,20,27,95,37,22,189,3,0,H,-6.5,17,32,154,-29,-18,-52,-3,1
601,10/05/2002,San Jose State,34,24,57,35,17,277,1,0,Southern Methodist,23,61,267,18,6,70,1,0,V,5,11,-37,-210,17,11,207,0,0
602,10/05/2002,South Carolina,34,59,230,21,11,178,1,1,Mississippi State,10,25,69,40,21,205,3,2,H,5,24,34,161,-19,-10,-27,-2,-1
603,10/05/2002,South Florida,24,44,161,47,29,271,1,1,North Texas,17,35,84,28,8,114,3,2,V,3,7,9,77,19,21,157,-2,-1
604,10/05/2002,Southern Cal,27,32,72,50,32,381,1,0,Washington State,30,29,201,44,23,315,1,1,V,3,-3,3,-129,6,9,66,0,-1
606,10/05/2002,Stanford,7,30,61,43,21,201,3,0,Notre Dame,31,43,249,27,14,129,1,0,V,-8.5,-24,-13,-188,16,7,72,2,0
607,10/05/2002,Syracuse,24,38,144,29,14,131,0,4,Pittsburgh,48,47,180,15,10,279,1,1,H,3,-24,-9,-36,14,4,-148,-1,3
608,10/05/2002,Tennessee,41,47,162,28,19,291,1,1,Arkansas,38,66,238,21,12,211,0,0,H,9.5,3,-19,-76,7,7,80,1,1
609,10/05/2002,Texas,17,43,145,46,24,267,1,0,Oklahoma State,15,29,139,31,14,134,3,0,H,24,2,14,6,15,10,133,-2,0
610,10/05/2002,Texas A & M,47,36,150,37,21,367,1,0,Texas Tech,48,27,70,61,49,474,1,2,H,6,-1,9,80,-24,-28,-107,0,-2
611,10/05/2002,Texas Christian,34,48,201,26,15,172,2,1,Houston,17,27,27,46,20,242,2,3,H,11,17,21,174,-20,-5,-70,0,-2
612,10/05/2002,Texas Tech,48,27,70,61,49,474,1,2,Texas A & M,47,36,150,37,21,367,1,0,V,-6,1,-9,-80,24,28,107,0,2
613,10/05/2002,Texas-El Paso,14,36,114,26,19,213,2,1,New Mexico State,49,52,286,16,10,189,0,0,V,-17,-35,-16,-172,10,9,24,2,1
614,10/05/2002,Troy State,41,52,336,22,12,147,1,0,Austin Peay,3,28,24,25,10,120,1,1,H, ,38,24,312,-3,2,27,0,-1
615,10/05/2002,Tulane,52,39,129,36,22,316,1,0,UL-Monroe,9,35,120,47,20,239,4,3,V,13.5,43,4,9,-11,2,77,-3,-3
616,10/05/2002,U.C.L.A.,43,53,247,33,24,378,0,2,Oregon State,35,18,93,41,16,260,2,0,V,-6,8,35,154,-8,8,118,-2,2
617,10/05/2002,UL-Lafayette,0,34,17,26,8,53,1,2,Louisiana State,48,47,205,23,10,154,0,2,V,-27.5,-48,-13,-188,3,-2,-101,1,0
618,10/05/2002,UL-Monroe,9,35,120,47,20,239,4,3,Tulane,52,39,129,36,22,316,1,0,H,-13.5,-43,-4,-9,11,-2,-77,3,3
619,10/05/2002,Virginia,27,20,2,45,27,315,1,0,Duke,22,47,158,44,26,256,1,2,V,10,5,-27,-156,1,1,59,0,-2
620,10/05/2002,Wake Forest,24,60,209,32,19,238,0,0,Georgia Tech,21,21,78,30,18,254,1,1,V,-13,3,39,131,2,1,-16,-1,-1
621,10/05/2002,Washington,27,28,42,59,35,399,2,1,California,34,42,125,24,13,266,0,1,H,10.5,-7,-14,-83,35,22,133,2,0
622,10/05/2002,Washington State,30,29,201,44,23,315,1,1,Southern Cal,27,32,72,50,32,381,1,0,H,-3,3,-3,129,-6,-9,-66,0,1
623,10/05/2002,West Virginia,17,57,186,32,16,138,3,0,Maryland,48,37,215,20,8,162,0,2,H,6,-31,20,-29,12,8,-24,3,-2
624,10/05/2002,Western Michigan,31,46,125,40,23,283,2,3,Buffalo,17,29,75,36,17,136,1,3,V,12,14,17,50,4,6,147,1,0
625,10/05/2002,Wisconsin,31,36,92,25,15,217,1,0,Penn State,34,36,149,37,21,287,1,0,H,1.5,-3,0,-57,-12,-6,-70,0,0
627,10/10/2002,Boston College,23,26,83,30,16,232,3,1,Virginia Tech,28,61,334,7,4,86,0,0,H,-9.5,-5,-35,-251,23,12,146,3,1
628,10/10/2002,Minnesota,45,70,418,9,6,101,0,1,Northwestern,42,39,306,35,21,216,0,0,H,16,3,31,112,-26,-15,-115,0,1
629,10/10/2002,Northwestern,42,39,306,35,21,216,0,0,Minnesota,45,70,418,9,6,101,0,1,V,-16,-3,-31,-112,26,15,115,0,-1
630,10/10/2002,Virginia Tech,28,61,334,7,4,86,0,0,Boston College,23,26,83,30,16,232,3,1,V,9.5,5,35,251,-23,-12,-146,-3,-1
631,10/12/2002,Air Force,52,79,386,9,4,77,0,0,Brigham Young,9,18,-21,46,23,325,4,1,H,4,43,61,407,-37,-19,-248,-4,-1
632,10/12/2002,Akron,49,58,440,27,19,186,0,2,Liberty,21,31,109,26,15,262,1,2,H, ,28,27,331,1,4,-76,-1,0
633,10/12/2002,Alabama-Birmingham,51,40,77,34,18,329,0,0,Houston,34,41,191,31,15,286,2,1,H,6.5,17,-1,-114,3,3,43,-2,-1
634,10/12/2002,Arizona,28,29,24,41,29,443,1,1,Washington,32,38,82,35,25,345,0,1,V,-13.5,-4,-9,-58,6,4,98,1,0
635,10/12/2002,Arizona State,13,33,55,34,14,186,2,1,Oregon State,9,31,9,40,16,224,3,1,H,-1.5,4,2,46,-6,-2,-38,-1,0
636,10/12/2002,Arkansas,38,45,426,15,7,66,1,0,Auburn,17,40,104,34,21,288,2,1,V,-5.5,21,5,322,-19,-14,-222,-1,-1
637,10/12/2002,Arkansas State,17,36,133,23,12,131,3,0,Mississippi,52,42,188,22,17,320,1,3,V,-27,-35,-6,-55,1,-5,-189,2,-3
638,10/12/2002,Army,27,36,101,24,10,146,2,0,Texas Christian,46,60,265,15,12,147,0,2,H,-18.5,-19,-24,-164,9,-2,-1,2,-2
639,10/12/2002,Auburn,17,40,104,34,21,288,2,1,Arkansas,38,45,426,15,7,66,1,0,H,5.5,-21,-5,-322,19,14,222,1,1
640,10/12/2002,Ball State,17,44,127,32,18,182,1,0,Toledo,37,39,260,26,21,258,0,1,V,-18.5,-20,5,-133,6,-3,-76,1,-1
641,10/12/2002,Baylor,0,28,107,37,15,122,5,0,Texas A & M,41,39,138,37,18,257,1,0,H,-22,-41,-11,-31,0,-3,-135,4,0
642,10/12/2002,Boise State,52,51,353,27,18,205,2,1,Tulsa,24,29,82,52,26,319,0,1,V,23.5,28,22,271,-25,-8,-114,2,0
643,10/12/2002,Bowling Green,45,44,228,33,18,176,1,0,Central Michigan,35,39,209,47,27,232,0,0,V,16.5,10,5,19,-14,-9,-56,1,0
644,10/12/2002,Brigham Young,9,18,-21,46,23,325,4,1,Air Force,52,79,386,9,4,77,0,0,V,-4,-43,-61,-407,37,19,248,4,1
645,10/12/2002,Buffalo,21,42,239,36,14,139,2,2,Marshall,66,31,248,40,31,485,0,2,V,-31,-45,11,-9,-4,-17,-346,2,0
646,10/12/2002,California,28,25,90,30,20,221,1,2,Southern Cal,30,51,175,39,25,289,2,1,V,-12,-2,-26,-85,-9,-5,-68,-1,1
647,10/12/2002,Central Michigan,35,39,209,47,27,232,0,0,Bowling Green,45,44,228,33,18,176,1,0,H,-16.5,-10,-5,-19,14,9,56,-1,0
648,10/12/2002,Cincinnati,17,39,136,38,23,299,3,2,Tulane,35,36,92,23,14,163,0,1,V,5.5,-18,3,44,15,9,136,3,1
649,10/12/2002,Clemson,17,40,189,33,23,223,1,1,Virginia,22,40,80,32,23,208,1,0,V,6,-5,0,109,1,0,15,0,1
650,10/12/2002,Colorado,53,48,427,20,12,119,1,0,Kansas,29,47,209,34,17,241,1,1,V,20,24,1,218,-14,-5,-122,0,-1
651,10/12/2002,Colorado State,44,51,270,28,18,231,2,1,Wyoming,36,34,95,44,25,267,2,0,H,24.5,8,17,175,-16,-7,-36,0,1
652,10/12/2002,Duke,10,47,240,30,13,98,1,2,Wake Forest,36,43,154,11,6,70,0,1,V,-10,-26,4,86,19,7,28,1,1
653,10/12/2002,Eastern Michigan,27,23,117,34,21,298,2,2,Ohio,55,69,418,9,7,132,0,0,V,-9,-28,-46,-301,25,14,166,2,2
654,10/12/2002,Florida,7,25,74,44,18,163,4,0,Louisiana State,36,48,249,20,13,153,0,0,H,8,-29,-23,-175,24,5,10,4,0
655,10/12/2002,Florida State,27,52,296,20,8,83,0,1,Miami-Florida,28,30,115,45,20,362,2,1,V,-13,-1,22,181,-25,-12,-279,-2,0
656,10/12/2002,Fresno State,30,36,234,24,13,198,0,0,Southern Methodist,7,43,149,34,21,213,2,1,H,22.5,23,-7,85,-10,-8,-15,-2,-1
657,10/12/2002,Georgia,18,32,62,38,22,232,1,0,Tennessee,13,40,162,19,12,182,0,1,H,5.5,5,-8,-100,19,10,50,1,-1
658,10/12/2002,Hawaii,59,27,154,40,25,520,1,1,Nevada-Reno,34,35,223,38,20,246,2,2,H,11,25,-8,-69,2,5,274,-1,-1
659,10/12/2002,Houston,34,41,191,31,15,286,2,1,Alabama-Birmingham,51,40,77,34,18,329,0,0,V,-6.5,-17,1,114,-3,-3,-43,2,1
660,10/12/2002,Idaho,14,30,87,57,35,415,2,0,UL-Monroe,34,47,326,27,20,274,2,2,V,10.5,-20,-17,-239,30,15,141,0,-2
661,10/12/2002,Illinois,38,37,215,30,15,202,2,1,Purdue,31,56,278,36,26,288,2,2,H,-3,7,-19,-63,-6,-11,-86,0,-1
662,10/12/2002,Indiana,32,35,95,36,24,310,1,1,Wisconsin,29,48,221,25,13,121,1,0,H,-12,3,-13,-126,11,11,189,0,1
663,10/12/2002,Iowa,44,40,127,21,9,157,1,0,Michigan State,16,33,55,46,22,194,3,2,H,4.5,28,7,72,-25,-13,-37,-2,-2
664,10/12/2002,Iowa State,31,46,228,22,15,148,0,0,Texas Tech,17,30,189,51,37,272,1,3,H,6.5,14,16,39,-29,-22,-124,-1,-3
665,10/12/2002,Kansas,29,47,209,34,17,241,1,1,Colorado,53,48,427,20,12,119,1,0,H,-20,-24,-1,-218,14,5,122,0,1
666,10/12/2002,Kansas State,44,54,297,18,9,202,2,2,Oklahoma State,9,28,40,44,16,144,4,1,H,15.5,35,26,257,-26,-7,58,-2,1
667,10/12/2002,Kentucky,12,34,118,39,23,209,1,2,South Carolina,16,41,138,18,10,212,1,0,H,3,-4,-7,-20,21,13,-3,0,2
668,10/12/2002,Louisiana State,36,48,249,20,13,153,0,0,Florida,7,25,74,44,18,163,4,0,V,-8,29,23,175,-24,-5,-10,-4,0
669,10/12/2002,Marshall,66,31,248,40,31,485,0,2,Buffalo,21,42,239,36,14,139,2,2,H,31,45,-11,9,4,17,346,-2,0
670,10/12/2002,Miami-Florida,28,30,115,45,20,362,2,1,Florida State,27,52,296,20,8,83,0,1,H,13,1,-22,-181,25,12,279,2,0
671,10/12/2002,Miami-Ohio,41,39,47,61,41,525,3,0,Northern Illinois,48,25,222,21,11,292,1,0,H,8,-7,14,-175,40,30,233,2,0
672,10/12/2002,Michigan,27,35,97,41,27,244,0,0,Penn State,24,28,81,34,20,274,0,0,H,3.5,3,7,16,7,7,-30,0,0
673,10/12/2002,Michigan State,16,33,55,46,22,194,3,2,Iowa,44,40,127,21,9,157,1,0,V,-4.5,-28,-7,-72,25,13,37,2,2
674,10/12/2002,Mid Tennessee St,21,48,213,17,8,82,1,1,Vanderbilt,20,43,180,23,13,107,2,0,V,-6.5,1,5,33,-6,-5,-25,-1,1
675,10/12/2002,Mississippi,52,42,188,22,17,320,1,3,Arkansas State,17,36,133,23,12,131,3,0,H,27,35,6,55,-1,5,189,-2,3
676,10/12/2002,Mississippi State,11,46,118,32,22,210,0,4,Troy State,8,33,136,26,7,61,6,0,H,10.5,3,13,-18,6,15,149,-6,4
677,10/12/2002,Missouri,13,30,97,29,14,123,0,0,Nebraska,24,62,325,12,4,34,0,1,V,-10.5,-11,-32,-228,17,10,89,0,-1
678,10/12/2002,Navy,10,42,111,20,9,94,0,2,Rice,17,63,219,13,9,65,0,2,H,-6.5,-7,-21,-108,7,0,29,0,0
679,10/12/2002,Nebraska,24,62,325,12,4,34,0,1,Missouri,13,30,97,29,14,123,0,0,H,10.5,11,32,228,-17,-10,-89,0,1
680,10/12/2002,Nevada-Las Vegas,16,31,102,44,17,232,3,1,New Mexico,25,49,257,8,2,20,1,2,H,8.5,-9,-18,-155,36,15,212,2,-1
681,10/12/2002,Nevada-Reno,34,35,223,38,20,246,2,2,Hawaii,59,27,154,40,25,520,1,1,V,-11,-25,8,69,-2,-5,-274,1,1
682,10/12/2002,New Mexico,25,49,257,8,2,20,1,2,Nevada-Las Vegas,16,31,102,44,17,232,3,1,V,-8.5,9,18,155,-36,-15,-212,-2,1
683,10/12/2002,New Mexico State,31,44,204,23,13,209,0,4,UL-Lafayette,28,43,150,30,22,228,0,2,H,13,3,1,54,-7,-9,-19,0,2
684,10/12/2002,No Carolina State,34,44,258,26,16,170,0,0,North Carolina,17,37,85,36,18,266,1,1,V,7,17,7,173,-10,-2,-96,-1,-1
685,10/12/2002,North Carolina,17,37,85,36,18,266,1,1,No Carolina State,34,44,258,26,16,170,0,0,H,-7,-17,-7,-173,10,2,96,1,1
686,10/12/2002,Northern Illinois,48,25,222,21,11,292,1,0,Miami-Ohio,41,39,47,61,41,525,3,0,V,-8,7,-14,175,-40,-30,-233,-2,0
687,10/12/2002,Notre Dame,14,32,40,26,16,145,2,0,Pittsburgh,6,39,89,44,19,313,1,2,H,5,8,-7,-49,-18,-3,-168,1,-2
688,10/12/2002,Ohio,55,69,418,9,7,132,0,0,Eastern Michigan,27,23,117,34,20,289,2,1,H,9,28,46,301,-25,-13,-157,-2,-1
689,10/12/2002,Ohio State,50,49,212,23,19,355,0,1,San Jose State,7,13,0,49,36,265,0,4,H,30,43,36,212,-26,-17,90,0,-3
690,10/12/2002,Oklahoma,35,46,266,29,12,131,4,0,Texas,24,35,53,26,12,156,3,0,N,-3,11,11,213,3,0,-25,1,0
691,10/12/2002,Oklahoma State,9,28,40,44,16,144,4,1,Kansas State,44,54,297,18,9,202,2,2,V,-15.5,-35,-26,-257,26,7,-58,2,-1
692,10/12/2002,Oregon,31,41,181,19,14,202,0,0,U.C.L.A.,30,34,100,33,19,377,3,0,V,-2.5,1,7,81,-14,-5,-175,-3,0
693,10/12/2002,Oregon State,9,31,9,40,16,224,3,1,Arizona State,13,33,55,34,14,186,2,1,V,1.5,-4,-2,-46,6,2,38,1,0
694,10/12/2002,Penn State,24,28,81,34,20,274,0,0,Michigan,27,35,97,41,27,244,0,0,V,-3.5,-3,-7,-16,-7,-7,30,0,0
695,10/12/2002,Pittsburgh,6,39,89,44,19,313,1,2,Notre Dame,14,32,40,26,16,145,2,0,V,-5,-8,7,49,18,3,168,-1,2
696,10/12/2002,Purdue,31,56,278,36,26,288,2,2,Illinois,38,37,215,30,15,202,2,1,V,3,-7,19,63,6,11,86,0,1
697,10/12/2002,Rice,17,63,219,13,9,65,0,2,Navy,10,42,111,20,9,94,0,2,V,6.5,7,21,108,-7,0,-29,0,0
698,10/12/2002,Rutgers,0,25,20,36,11,70,4,1,West Virginia,40,63,236,24,9,96,0,0,H,-13,-40,-38,-216,12,2,-26,4,1
699,10/12/2002,San Diego State,36,39,116,39,26,294,1,0,Utah,17,28,32,53,30,276,4,1,H,-10.5,19,11,84,-14,-4,18,-3,-1
700,10/12/2002,San Jose State,7,13,0,49,36,265,0,4,Ohio State,50,49,212,23,19,355,0,2,V,-30,-43,-36,-212,26,17,-90,0,2
701,10/12/2002,South Carolina,16,41,138,18,10,212,1,0,Kentucky,12,34,118,39,23,209,1,2,V,-3,4,7,20,-21,-13,3,0,-2
702,10/12/2002,South Florida,16,43,218,37,20,246,0,2,Southern Miss,13,34,144,43,26,268,0,2,H,-2.5,3,9,74,-6,-6,-22,0,0
703,10/12/2002,Southern Cal,30,51,175,39,25,289,2,1,California,28,25,90,30,20,221,1,2,H,12,2,26,85,9,5,68,1,-1
704,10/12/2002,Southern Methodist,7,43,149,34,21,213,2,2,Fresno State,30,36,234,24,13,198,0,0,V,-22.5,-23,7,-85,10,8,15,2,2
705,10/12/2002,Southern Miss,13,34,144,43,26,268,0,2,South Florida,16,43,218,37,20,246,0,2,V,2.5,-3,-9,-74,6,6,22,0,0
706,10/12/2002,Stanford,11,43,150,41,20,158,2,0,Washington State,36,30,70,37,25,340,1,2,H,-8.5,-25,13,80,4,-5,-182,1,-2
707,10/12/2002,Syracuse,16,28,144,34,18,239,1,0,Temple,17,43,160,39,20,340,0,1,V,4.5,-1,-15,-16,-5,-2,-101,1,-1
708,10/12/2002,Temple,17,43,160,39,20,340,0,1,Syracuse,16,28,144,34,18,239,1,0,H,-4.5,1,15,16,5,2,101,-1,1
709,10/12/2002,Tennessee,13,40,162,19,12,182,0,1,Georgia,18,32,62,38,22,232,1,0,V,-5.5,-5,8,100,-19,-10,-50,-1,1
710,10/12/2002,Texas,24,35,53,26,12,156,3,0,Oklahoma,35,46,266,29,12,131,4,0,N,3,-11,-11,-213,-3,0,25,-1,0
711,10/12/2002,Texas A & M,41,39,138,37,18,257,1,0,Baylor,0,28,107,37,15,122,5,0,V,22,41,11,31,0,3,135,-4,0
712,10/12/2002,Texas Christian,46,60,265,15,12,147,0,2,Army,27,36,101,24,10,146,2,0,V,18.5,19,24,164,-9,2,1,-2,2
713,10/12/2002,Texas Tech,17,30,189,51,37,272,1,3,Iowa State,31,46,228,22,15,148,0,0,V,-6.5,-14,-16,-39,29,22,124,1,3
714,10/12/2002,Toledo,37,39,260,26,21,258,0,1,Ball State,17,44,127,32,19,191,0,1,H,18.5,20,-5,133,-6,2,67,0,0
715,10/12/2002,Troy State,8,33,136,26,7,61,6,0,Mississippi State,11,46,118,32,22,210,0,4,V,-10.5,-3,-13,18,-6,-15,-149,6,-4
716,10/12/2002,Tulane,35,36,92,23,14,163,0,1,Cincinnati,17,39,136,38,23,299,3,2,H,-5.5,18,-3,-44,-15,-9,-136,-3,-1
717,10/12/2002,Tulsa,24,29,82,52,26,319,0,1,Boise State,52,51,353,27,18,205,2,1,H,-23.5,-28,-22,-271,25,8,114,-2,0
718,10/12/2002,U-C-F,31,20,62,45,31,341,2,1,Western Michigan,27,24,36,50,26,310,3,0,V,1,4,-4,26,-5,5,31,-1,1
719,10/12/2002,U.C.L.A.,30,34,100,33,19,377,3,0,Oregon,31,41,181,19,14,202,0,0,H,2.5,-1,-7,-81,14,5,175,3,0
720,10/12/2002,UL-Lafayette,28,42,147,30,22,228,0,2,New Mexico State,31,44,204,23,13,209,0,4,V,-13,-3,-2,-57,7,9,19,0,-2
721,10/12/2002,UL-Monroe,34,47,326,27,20,274,2,2,Idaho,14,30,87,57,35,415,2,0,H,-10.5,20,17,239,-30,-15,-141,0,2
722,10/12/2002,Utah,17,28,32,53,30,276,4,1,San Diego State,36,39,116,39,26,294,1,0,V,10.5,-19,-11,-84,14,4,-18,3,1
723,10/12/2002,Vanderbilt,20,43,180,23,13,107,2,0,Mid Tennessee St,21,48,213,17,8,82,1,1,H,6.5,-1,-5,-33,6,5,25,1,-1
724,10/12/2002,Virginia,22,40,80,30,23,208,1,0,Clemson,17,40,189,33,23,223,1,1,H,-6,5,0,-109,-3,0,-15,0,-1
725,10/12/2002,Wake Forest,36,43,154,13,6,70,0,1,Duke,10,47,240,30,13,98,1,2,H,10,26,-4,-86,-17,-7,-28,-1,-1
726,10/12/2002,Washington,32,38,82,35,25,345,0,1,Arizona,28,29,24,41,29,443,1,1,H,13.5,4,9,58,-6,-4,-98,-1,0
727,10/12/2002,Washington State,36,30,70,37,25,340,1,2,Stanford,11,43,150,41,20,158,2,0,V,8.5,25,-13,-80,-4,5,182,-1,2
728,10/12/2002,West Virginia,40,63,236,24,9,96,0,0,Rutgers,0,25,20,36,11,70,4,1,V,13,40,38,216,-12,-2,26,-4,-1
729,10/12/2002,Western Michigan,27,24,36,50,26,310,3,0,U-C-F,31,20,62,45,31,341,2,1,H,-1,-4,4,-26,5,-5,-31,1,-1
730,10/12/2002,Wisconsin,29,48,221,25,13,121,1,0,Indiana,32,35,95,36,24,310,1,1,V,12,-3,13,126,-11,-11,-189,0,-1
731,10/12/2002,Wyoming,36,34,95,44,25,267,2,0,Colorado State,44,51,270,28,18,231,2,1,V,-24.5,-8,-17,-175,16,7,36,0,-1
732,10/17/2002,Georgia Tech,10,31,180,53,30,305,0,2,Maryland,34,43,222,21,12,210,0,0,V,-2,-24,-12,-42,32,18,95,0,2
733,10/17/2002,Maryland,34,43,222,21,12,210,0,0,Georgia Tech,10,31,180,53,30,305,0,2,H,2,24,12,42,-32,-18,-95,0,-2
734,10/18/2002,Boise State,67,47,212,34,27,476,0,1,Fresno State,21,17,36,54,27,371,2,1,H,7,46,30,176,-20,0,105,-2,0
735,10/18/2002,Fresno State,21,17,36,54,27,371,2,1,Boise State,67,47,212,34,27,476,0,1,V,-7,-46,-30,-176,20,0,-105,2,0
736,10/19/2002,Air Force,14,38,104,14,6,57,1,0,Notre Dame,21,56,335,15,8,112,0,3,H,2.5,-7,-18,-231,-1,-2,-55,1,-3
737,10/19/2002,Alabama,42,43,234,17,10,222,0,1,Mississippi,7,28,4,32,18,219,1,0,H,9.5,35,15,230,-15,-8,3,-1,1
738,10/19/2002,Alabama-Birmingham,14,39,98,37,18,194,1,0,Tulane,35,33,140,28,17,141,0,0,V,-6.5,-21,6,-42,9,1,53,1,0
739,10/19/2002,Arizona,6,23,22,31,19,244,3,1,Stanford,16,49,175,37,21,197,1,0,V,-2.5,-10,-26,-153,-6,-2,47,2,1
740,10/19/2002,Arizona State,45,33,31,54,32,559,2,0,Oregon,42,31,169,32,21,288,1,1,V,-10,3,2,-138,22,11,271,1,-1
741,10/19/2002,Arkansas,17,54,293,30,17,222,1,1,Kentucky,29,32,79,31,19,253,0,2,H,11,-12,22,214,-1,-2,-31,1,-1
742,10/19/2002,Arkansas State,10,40,113,18,9,110,0,2,North Texas,13,49,210,7,6,80,0,3,H,-7.5,-3,-9,-97,11,3,30,0,-1
743,10/19/2002,Army,42,36,102,33,17,353,1,0,Houston,56,50,280,24,18,266,1,1,V,-18,-14,-14,-178,9,-1,87,0,-1
744,10/19/2002,Auburn,23,34,189,19,9,186,0,2,Florida,30,42,129,39,30,265,0,0,V,-8,-7,-8,60,-20,-21,-79,0,2
745,10/19/2002,Ball State,42,34,171,28,14,270,0,1,Eastern Michigan,17,41,109,34,21,221,0,3,H,13,25,-7,62,-6,-7,49,0,-2
746,10/19/2002,Baylor,0,34,72,36,20,179,2,2,Colorado,34,53,270,19,13,125,0,2,V,-29,-34,-19,-198,17,7,54,2,0
747,10/19/2002,Boston College,46,41,189,27,18,280,0,2,Navy,21,65,380,10,5,66,1,5,H,30,25,-24,-191,17,13,214,-1,-3
748,10/19/2002,Bowling Green,48,51,228,41,21,264,1,0,Western Michigan,45,33,149,39,18,328,1,0,H,17.5,3,18,79,2,3,-64,0,0
749,10/19/2002,Brigham Young,3,39,133,43,23,275,2,2,Nevada-Las Vegas,24,45,164,16,12,155,0,3,H,8.5,-21,-6,-31,27,11,120,2,-1
750,10/19/2002,Buffalo,0,27,50,44,18,125,3,0,Miami-Ohio,49,43,236,30,18,251,2,1,H,-16.5,-49,-16,-186,14,0,-126,1,-1
751,10/19/2002,California,17,34,40,30,13,133,0,0,U.C.L.A.,12,39,29,29,16,197,1,2,H,-3.5,5,-5,11,1,-3,-64,-1,-2
752,10/19/2002,Central Michigan,0,30,53,30,13,117,1,3,Northern Illinois,49,62,238,19,12,150,0,2,V,-9,-49,-32,-185,11,1,-33,1,1
753,10/19/2002,Cincinnati,14,60,263,30,13,146,1,1,Southern Miss,23,32,119,22,7,92,0,1,V,-11,-9,28,144,8,6,54,1,0
754,10/19/2002,Clemson,31,32,72,35,22,208,0,0,Wake Forest,23,64,365,19,10,158,3,2,H,8,8,-32,-293,16,12,50,-3,-2
755,10/19/2002,Colorado,34,53,270,19,13,125,0,2,Baylor,0,34,72,36,20,179,2,2,H,29,34,19,198,-17,-7,-54,-2,0
756,10/19/2002,Colorado State,28,38,112,23,13,140,0,1,Utah,20,41,216,41,21,265,2,0,V,-2.5,8,-3,-104,-18,-8,-125,-2,1
757,10/19/2002,Connecticut,24,35,21,38,21,251,2,2,Temple,38,45,242,23,8,117,3,0,H,-3,-14,-10,-221,15,13,134,-1,2
758,10/19/2002,Duke,22,33,86,42,28,353,0,0,No Carolina State,24,21,63,37,26,364,0,0,V,-23.5,-2,12,23,5,2,-11,0,0
759,10/19/2002,East Carolina,30,51,149,49,26,361,2,2,South Florida,46,30,89,33,19,321,0,0,H,-2,-16,21,60,16,7,40,2,2
760,10/19/2002,Eastern Michigan,17,41,109,34,21,221,0,3,Ball State,42,34,171,28,14,270,0,1,V,-13,-25,7,-62,6,7,-49,0,2
761,10/19/2002,Florida,30,42,129,39,30,265,0,0,Auburn,23,34,189,19,9,186,0,2,H,8,7,8,-60,20,21,79,0,-2
762,10/19/2002,Georgia,48,41,180,34,28,426,0,0,Vanderbilt,17,44,234,20,10,158,0,1,H,25.5,31,-3,-54,14,18,268,0,-1
763,10/19/2002,Hawaii,37,11,66,63,41,513,0,1,Tulsa,14,35,74,43,25,257,1,0,H,33,23,-24,-8,20,16,256,-1,1
764,10/19/2002,Houston,56,50,280,24,18,266,1,1,Army,42,35,106,33,17,353,1,0,H,18,14,15,174,-9,1,-87,0,1
765,10/19/2002,Indiana,8,45,146,48,21,335,2,0,Iowa,24,37,168,16,11,190,1,2,H,-14,-16,8,-22,32,10,145,1,-2
766,10/19/2002,Iowa,24,37,168,16,11,190,1,2,Indiana,8,45,146,48,21,335,2,0,V,14,16,-8,22,-32,-10,-145,-1,2
767,10/19/2002,Iowa State,3,23,17,22,4,43,3,0,Oklahoma,49,66,199,24,14,168,0,1,V,-8,-46,-43,-182,-2,-10,-125,3,-1
768,10/19/2002,Kansas,22,32,86,46,22,203,1,1,Texas A & M,47,35,138,37,20,428,2,1,H,-23,-25,-3,-52,9,2,-225,-1,0
769,10/19/2002,Kansas State,14,50,159,18,7,102,0,1,Texas,17,32,46,24,13,184,1,0,H,3.5,-3,18,113,-6,-6,-82,-1,1
770,10/19/2002,Kent State,0,34,105,23,7,82,4,1,Ohio,50,66,351,1,0,0,0,1,H,11.5,-50,-32,-246,22,7,82,4,0
771,10/19/2002,Kentucky,29,32,79,31,19,253,0,2,Arkansas,17,54,293,30,17,222,1,1,V,-11,12,-22,-214,1,2,31,-1,1
772,10/19/2002,Louisiana State,38,45,231,23,12,183,0,0,South Carolina,14,30,148,22,10,127,2,0,H,7.5,24,15,83,1,2,56,-2,0
773,10/19/2002,Louisiana Tech,34,22,135,35,14,259,1,0,Southern Methodist,37,58,162,30,21,296,1,1,V,13,-3,-36,-27,5,-7,-37,0,-1
774,10/19/2002,Louisville,31,22,-26,34,18,309,1,2,Texas Christian,45,62,250,23,17,187,0,0,H,14,-14,-40,-276,11,1,122,1,2
775,10/19/2002,Marshall,24,32,90,35,23,275,0,0,Troy State,7,47,63,25,10,101,1,0,H,21,17,-15,27,10,13,174,-1,0
776,10/19/2002,Memphis,17,19,58,48,25,288,5,0,Mississippi State,29,49,197,29,19,149,1,0,H,4,-12,-30,-139,19,6,139,4,0
777,10/19/2002,Miami-Ohio,49,43,236,30,18,251,2,1,Buffalo,0,27,50,44,18,125,3,0,V,16.5,49,16,186,-14,0,126,-1,1
778,10/19/2002,Michigan,23,36,149,35,17,271,1,0,Purdue,21,37,137,42,22,232,2,0,V,3.5,2,-1,12,-7,-5,39,-1,0
779,10/19/2002,Michigan State,7,26,51,29,17,229,1,1,Minnesota,28,60,390,14,7,147,1,1,H,6,-21,-34,-339,15,10,82,0,0
780,10/19/2002,Mid Tennessee St,48,49,173,24,17,347,0,1,UL-Lafayette,35,32,20,41,28,396,1,0,H,11.5,13,17,153,-17,-11,-49,-1,1
781,10/19/2002,Minnesota,28,60,390,14,7,147,1,1,Michigan State,7,26,51,29,17,229,1,1,V,-6,21,34,339,-15,-10,-82,0,0
782,10/19/2002,Mississippi,7,28,4,32,18,219,1,0,Alabama,42,43,234,17,10,222,0,1,V,-9.5,-35,-15,-230,15,8,-3,1,-1
783,10/19/2002,Mississippi State,29,49,197,29,19,149,1,0,Memphis,17,19,58,48,25,288,5,0,V,-4,12,30,139,-19,-6,-139,-4,0
784,10/19/2002,Missouri,38,31,139,33,21,306,0,0,Texas Tech,52,29,88,71,50,518,0,1,V,-6.5,-14,2,51,-38,-29,-212,0,-1
785,10/19/2002,Navy,21,65,380,10,5,66,1,5,Boston College,46,41,189,27,18,280,0,2,V,-30,-25,24,191,-17,-13,-214,1,3
786,10/19/2002,Nebraska,21,54,259,14,7,110,0,1,Oklahoma State,24,42,195,27,17,192,0,1,V,9.5,-3,12,64,-13,-10,-82,0,0
787,10/19/2002,Nevada-Las Vegas,24,45,164,16,12,155,0,3,Brigham Young,3,39,133,43,23,275,2,2,V,-8.5,21,6,31,-27,-11,-120,-2,1
788,10/19/2002,Nevada-Reno,52,36,308,29,20,233,1,0,San Jose State,24,41,190,30,20,206,2,1,H,6,28,-5,118,-1,0,27,-1,-1
789,10/19/2002,New Mexico,44,54,263,27,19,220,0,1,Utah State,45,23,107,34,16,340,2,0,V,3.5,-1,31,156,-7,3,-120,-2,1
790,10/19/2002,New Mexico State,34,51,319,18,15,185,0,0,UL-Monroe,21,27,105,34,22,305,0,0,H,19,13,24,214,-16,-7,-120,0,0
791,10/19/2002,No Carolina State,24,21,63,37,26,364,0,0,Duke,22,33,86,42,28,353,0,0,H,23.5,2,-12,-23,-5,-2,11,0,0
792,10/19/2002,North Carolina,27,38,98,34,24,353,1,2,Virginia,37,47,229,27,14,194,1,1,V,-4,-10,-9,-131,7,10,159,0,1
793,10/19/2002,North Texas,13,49,210,7,6,80,0,3,Arkansas State,10,40,113,18,9,110,0,2,V,7.5,3,9,97,-11,-3,-30,0,1
794,10/19/2002,Northern Illinois,49,62,238,19,12,150,0,2,Central Michigan,0,30,53,30,13,117,1,3,H,9,49,32,185,-11,-1,33,-1,-1
795,10/19/2002,Northwestern,0,30,9,42,29,193,1,1,Penn State,49,60,423,19,11,123,1,0,V,-25,-49,-30,-414,23,18,70,0,1
796,10/19/2002,Notre Dame,21,56,335,15,8,112,0,3,Air Force,14,38,104,14,6,57,1,0,V,-2.5,7,18,231,1,2,55,-1,3
797,10/19/2002,Ohio,50,66,351,1,0,0,0,1,Kent State,0,34,105,23,7,82,4,1,V,-11.5,50,32,246,-22,-7,-82,-4,0
798,10/19/2002,Ohio State,19,44,178,19,12,204,0,0,Wisconsin,14,44,180,19,11,160,1,1,V,6.5,5,0,-2,0,1,44,-1,-1
799,10/19/2002,Oklahoma,49,66,199,24,14,168,0,1,Iowa State,3,23,17,22,4,43,3,0,H,8,46,43,182,2,10,125,-3,1
800,10/19/2002,Oklahoma State,24,42,195,27,17,192,0,1,Nebraska,21,54,259,14,7,110,0,1,H,-9.5,3,-12,-64,13,10,82,0,0
801,10/19/2002,Oregon,42,31,169,32,21,288,1,1,Arizona State,45,33,31,54,32,559,2,0,H,10,-3,-2,138,-22,-11,-271,-1,1
802,10/19/2002,Penn State,49,60,423,19,11,123,1,0,Northwestern,0,30,9,42,29,193,1,1,H,25,49,30,414,-23,-18,-70,0,-1
803,10/19/2002,Purdue,21,37,137,42,22,232,2,0,Michigan,23,36,149,35,17,271,1,0,H,-3.5,-2,1,-12,7,5,-39,1,0
804,10/19/2002,Rice,35,59,225,16,8,172,0,1,Texas-El Paso,38,39,209,27,12,177,0,2,V,12,-3,20,16,-11,-4,-5,0,-1
805,10/19/2002,Rutgers,14,25,-7,34,17,222,2,0,Virginia Tech,35,50,342,16,12,150,1,2,V,-43,-21,-25,-349,18,5,72,1,-2
806,10/19/2002,San Diego State,24,28,84,33,22,335,1,1,Wyoming,20,36,131,51,33,257,1,0,V,4,4,-8,-47,-18,-11,78,0,1
807,10/19/2002,San Jose State,24,41,190,30,20,206,2,1,Nevada-Reno,52,36,308,29,20,233,1,0,V,-6,-28,5,-118,1,0,-27,1,1
808,10/19/2002,South Carolina,14,30,148,22,10,127,2,0,Louisiana State,38,45,231,23,12,183,0,0,V,-7.5,-24,-15,-83,-1,-2,-56,2,0
809,10/19/2002,South Florida,46,30,89,33,19,321,0,0,East Carolina,30,51,149,49,26,361,2,2,V,2,16,-21,-60,-16,-7,-40,-2,-2
810,10/19/2002,Southern Cal,41,34,74,34,21,348,1,1,Washington,21,19,-5,65,38,361,2,0,H,7,20,15,79,-31,-17,-13,-1,1
811,10/19/2002,Southern Methodist,37,58,162,30,21,296,1,1,Louisiana Tech,34,22,135,35,14,259,1,0,H,-13,3,36,27,-5,7,37,0,1
812,10/19/2002,Southern Miss,23,32,119,22,7,92,0,1,Cincinnati,14,60,263,30,13,146,1,1,H,11,9,-28,-144,-8,-6,-54,-1,0
813,10/19/2002,Stanford,16,49,175,37,21,197,1,0,Arizona,6,23,22,31,19,244,3,1,H,2.5,10,26,153,6,2,-47,-2,-1
814,10/19/2002,Syracuse,7,38,72,34,16,170,1,3,West Virginia,34,57,279,16,8,105,0,1,V,-7,-27,-19,-207,18,8,65,1,2
815,10/19/2002,Temple,38,45,242,23,8,117,3,0,Connecticut,24,35,21,38,21,251,2,2,V,3,14,10,221,-15,-13,-134,1,-2
816,10/19/2002,Texas,17,32,46,24,13,184,1,0,Kansas State,14,50,159,18,7,102,0,1,V,-3.5,3,-18,-113,6,6,82,1,-1
817,10/19/2002,Texas A & M,47,35,138,37,20,428,2,1,Kansas,22,32,86,46,22,203,1,1,V,23,25,3,52,-9,-2,225,1,0
818,10/19/2002,Texas Christian,45,62,250,23,17,187,0,0,Louisville,31,23,-30,34,18,309,1,2,V,-14,14,39,280,-11,-1,-122,-1,-2
819,10/19/2002,Texas Tech,52,29,88,71,50,518,0,1,Missouri,38,31,139,33,21,306,0,0,H,6.5,14,-2,-51,38,29,212,0,1
820,10/19/2002,Texas-El Paso,38,39,209,27,12,177,0,2,Rice,35,59,225,16,8,172,0,1,H,-12,3,-20,-16,11,4,5,0,1
821,10/19/2002,Toledo,27,54,300,32,22,197,2,0,U-C-F,24,22,139,31,20,240,2,1,V,-4,3,32,161,1,2,-43,0,-1
822,10/19/2002,Troy State,7,47,63,25,10,101,1,0,Marshall,24,32,90,35,23,275,0,0,V,-21,-17,15,-27,-10,-13,-174,1,0
823,10/19/2002,Tulane,35,33,140,28,17,141,0,0,Alabama-Birmingham,14,39,98,37,18,194,1,0,H,6.5,21,-6,42,-9,-1,-53,-1,0
824,10/19/2002,Tulsa,14,35,74,43,25,257,1,0,Hawaii,37,11,66,63,41,513,0,1,V,-33,-23,24,8,-20,-16,-256,1,-1
825,10/19/2002,U-C-F,24,22,139,31,20,240,2,1,Toledo,27,54,300,32,22,197,2,0,H,4,-3,-32,-161,-1,-2,43,0,1
826,10/19/2002,U.C.L.A.,12,39,29,29,16,197,1,2,California,17,34,40,30,13,133,0,0,V,3.5,-5,5,-11,-1,3,64,1,2
827,10/19/2002,UL-Lafayette,35,32,20,41,28,396,1,0,Mid Tennessee St,48,49,173,24,17,347,0,1,V,-11.5,-13,-17,-153,17,11,49,1,-1
828,10/19/2002,UL-Monroe,21,27,105,34,22,305,0,0,New Mexico State,34,51,319,18,15,185,0,0,V,-19,-13,-24,-214,16,7,120,0,0
829,10/19/2002,Utah,20,41,216,41,21,265,2,0,Colorado State,28,38,112,23,13,140,0,1,H,2.5,-8,3,104,18,8,125,2,-1
830,10/19/2002,Utah State,45,23,107,34,16,340,2,0,New Mexico,44,54,263,27,19,220,0,1,H,-3.5,1,-31,-156,7,-3,120,2,-1
831,10/19/2002,Vanderbilt,17,44,234,20,10,158,0,1,Georgia,48,41,180,34,28,426,0,0,V,-25.5,-31,3,54,-14,-18,-268,0,1
832,10/19/2002,Virginia,37,47,229,27,14,194,1,1,North Carolina,27,38,98,34,24,353,1,2,H,4,10,9,131,-7,-10,-159,0,-1
833,10/19/2002,Virginia Tech,35,50,342,16,12,150,1,2,Rutgers,14,25,-7,34,17,222,2,0,H,43,21,25,349,-18,-5,-72,-1,2
834,10/19/2002,Wake Forest,23,64,365,19,10,158,3,2,Clemson,31,32,72,35,22,208,0,0,V,-8,-8,32,293,-16,-12,-50,3,2
835,10/19/2002,Washington,21,19,-5,65,38,361,2,0,Southern Cal,41,34,74,34,21,348,1,1,V,-7,-20,-15,-79,31,17,13,1,-1
836,10/19/2002,West Virginia,34,57,279,16,8,105,0,1,Syracuse,7,38,72,34,16,170,1,3,H,7,27,19,207,-18,-8,-65,-1,-2
837,10/19/2002,Western Michigan,45,33,149,39,18,328,1,0,Bowling Green,48,51,228,41,21,264,1,0,V,-17.5,-3,-18,-79,-2,-3,64,0,0
838,10/19/2002,Wisconsin,14,44,180,19,11,160,1,1,Ohio State,19,44,178,19,12,204,0,0,H,-6.5,-5,0,2,0,-1,-44,1,1
839,10/19/2002,Wyoming,20,36,131,51,33,257,1,0,San Diego State,24,28,84,33,22,335,1,1,H,-4,-4,8,47,18,11,-78,0,-1
840,10/24/2002,Brigham Young,10,29,65,26,17,148,1,3,Colorado State,37,56,342,23,11,151,0,1,V,-12,-27,-27,-277,3,6,-3,1,2
841,10/24/2002,Clemson,6,27,66,32,13,163,2,3,No Carolina State,38,50,240,24,15,129,1,1,H,-1.5,-32,-23,-174,8,-2,34,1,2
842,10/24/2002,Colorado State,37,56,342,23,11,151,0,1,Brigham Young,10,29,65,26,17,148,1,3,H,12,27,27,277,-3,-6,3,-1,-2
843,10/24/2002,No Carolina State,38,50,240,24,15,129,1,1,Clemson,6,27,66,32,13,163,2,3,V,1.5,32,23,174,-8,2,-34,-1,-2
844,10/25/2002,Fresno State,21,43,166,29,18,167,2,0,Hawaii,31,15,84,61,36,462,1,0,H,2,-10,28,82,-32,-18,-295,1,0
845,10/25/2002,Hawaii,31,15,84,61,36,462,1,0,Fresno State,21,43,166,29,18,167,2,0,V,-2,10,-28,-82,32,18,295,-1,0
846,10/26/2002,Air Force,26,53,255,20,9,169,0,0,Wyoming,34,33,97,43,32,387,0,0,V,17.5,-8,20,158,-23,-23,-218,0,0
847,10/26/2002,Akron,17,41,138,42,30,283,0,2,U-C-F,28,30,84,28,22,287,1,0,V,-19,-11,11,54,14,8,-4,-1,2
848,10/26/2002,Alabama,34,46,172,12,7,128,1,1,Tennessee,14,26,59,27,15,163,3,3,V,-2,20,20,113,-15,-8,-35,-2,-2
849,10/26/2002,Alabama-Birmingham,29,36,56,42,25,245,1,3,Army,26,35,136,32,18,101,1,1,V,7,3,1,-80,10,7,144,0,2
850,10/26/2002,Arizona,13,21,-17,46,22,224,2,1,Washington State,21,46,149,35,20,275,0,2,H,-12.5,-8,-25,-166,11,2,-51,2,-1
851,10/26/2002,Arizona State,27,37,45,28,18,184,0,1,Washington,16,38,42,37,18,210,1,1,H,3.5,11,-1,3,-9,0,-26,-1,0
852,10/26/2002,Arkansas,48,41,257,15,7,79,1,0,Mississippi,28,25,36,56,42,414,2,3,H,8.5,20,16,221,-41,-35,-335,-1,-3
853,10/26/2002,Arkansas State,21,40,98,25,18,202,0,0,New Mexico State,26,42,218,20,13,129,2,0,H,-6.5,-5,-2,-120,5,5,73,-2,0
854,10/26/2002,Army,26,35,136,32,18,101,1,1,Alabama-Birmingham,29,36,56,42,25,245,1,3,H,-7,-3,-1,80,-10,-7,-144,0,-2
855,10/26/2002,Auburn,31,45,216,11,7,105,0,1,Louisiana State,7,41,163,20,9,79,4,1,H,-5,24,4,53,-9,-2,26,-4,0
856,10/26/2002,Ball State,20,37,153,41,23,205,2,2,Bowling Green,38,41,256,32,19,195,2,2,V,-21,-18,-4,-103,9,4,10,0,0
857,10/26/2002,Baylor,10,32,-37,38,24,338,2,1,Kansas State,44,50,279,21,10,88,1,1,H,-32.5,-34,-18,-316,17,14,250,1,0
858,10/26/2002,Boise State,45,54,243,35,19,407,0,2,San Jose State,8,18,102,52,32,256,1,2,V,16.5,37,36,141,-17,-13,151,-1,0
859,10/26/2002,Boston College,16,40,177,34,18,179,0,0,Pittsburgh,19,32,143,38,20,201,0,0,V,-5.5,-3,8,34,-4,-2,-22,0,0
860,10/26/2002,Bowling Green,38,41,256,32,19,195,2,2,Ball State,20,37,153,41,23,205,2,2,H,21,18,4,103,-9,-4,-10,0,0
861,10/26/2002,Buffalo,12,31,73,39,19,160,1,0,Kent State,16,46,206,12,4,44,2,0,H,-4,-4,-15,-133,27,15,116,-1,0
862,10/26/2002,California,13,28,16,51,27,284,1,1,Oregon State,24,43,301,24,8,80,0,1,V,-6.5,-11,-15,-285,27,19,204,1,0
863,10/26/2002,Central Michigan,18,48,208,32,15,183,1,0,Marshall,23,30,92,42,29,374,1,1,H,-20.5,-5,18,116,-10,-14,-191,0,-1
864,10/26/2002,Cincinnati,48,53,213,34,21,225,1,1,Memphis,10,27,47,31,16,173,3,3,H,8,38,26,166,3,5,52,-2,-2
865,10/26/2002,Colorado,37,40,162,23,9,116,2,0,Texas Tech,13,30,91,65,36,268,4,1,H,4.5,24,10,71,-42,-27,-152,-2,-1
866,10/26/2002,Connecticut,24,22,101,35,23,236,2,0,Vanderbilt,28,51,221,18,11,171,0,2,V,-8,-4,-29,-120,17,12,65,2,-2
867,10/26/2002,Duke,12,34,129,34,19,202,3,0,Maryland,45,40,151,24,17,277,1,2,H,-14,-33,-6,-22,10,2,-75,2,-2
868,10/26/2002,East Carolina,20,29,68,41,16,229,1,0,Louisville,44,45,204,32,23,352,0,1,V,-14.5,-24,-16,-136,9,-7,-123,1,-1
869,10/26/2002,Florida State,24,32,93,43,21,325,2,2,Notre Dame,34,32,116,21,13,185,0,0,H,11.5,-10,0,-23,22,8,140,2,2
870,10/26/2002,Georgia,52,40,172,47,27,357,1,0,Kentucky,24,30,130,31,15,242,0,0,V,4.5,28,10,42,16,12,115,1,0
871,10/26/2002,Georgia Tech,23,44,211,42,26,220,0,1,Virginia,15,20,53,59,41,372,1,0,H,5,8,24,158,-17,-15,-152,-1,1
872,10/26/2002,Idaho,21,38,242,26,14,226,0,2,Mid Tennessee St,18,50,256,25,8,85,0,0,H,-3.5,3,-12,-14,1,6,141,0,2
873,10/26/2002,Illinois,45,49,248,27,18,211,0,0,Indiana,14,27,81,50,26,320,1,1,H,10,31,22,167,-23,-8,-109,-1,-1
874,10/26/2002,Indiana,14,27,81,50,26,320,1,1,Illinois,45,49,248,27,18,211,0,0,V,-10,-31,-22,-167,23,8,109,1,1
875,10/26/2002,Iowa,34,49,177,29,18,222,0,0,Michigan,9,20,22,39,17,149,0,1,V,-3,25,29,155,-10,1,73,0,-1
876,10/26/2002,Iowa State,10,33,58,40,19,227,1,0,Texas,21,56,245,23,16,141,1,2,V,-12,-11,-23,-187,17,3,86,0,-2
877,10/26/2002,Kansas,12,37,124,44,20,252,1,0,Missouri,36,48,267,21,12,158,0,0,V,-21.5,-24,-11,-143,23,8,94,1,0
878,10/26/2002,Kansas State,44,50,279,21,10,88,1,1,Baylor,10,31,-37,38,24,338,2,1,V,32.5,34,19,316,-17,-14,-250,-1,0
879,10/26/2002,Kent State,16,46,206,12,4,44,2,0,Buffalo,12,31,73,39,19,160,1,0,V,4,4,15,133,-27,-15,-116,1,0
880,10/26/2002,Kentucky,24,30,130,31,15,242,0,0,Georgia,52,40,172,47,27,357,1,0,H,-4.5,-28,-10,-42,-16,-12,-115,-1,0
881,10/26/2002,Louisiana State,7,41,163,20,9,79,4,1,Auburn,31,45,216,11,7,105,0,1,V,5,-24,-4,-53,9,2,-26,4,0
882,10/26/2002,Louisiana Tech,50,25,92,29,20,376,0,3,Nevada-Reno,47,44,195,40,31,338,2,0,H,5,3,-19,-103,-11,-11,38,-2,3
883,10/26/2002,Louisville,44,45,204,32,23,352,0,1,East Carolina,20,29,68,41,16,229,1,0,H,14.5,24,16,136,-9,7,123,-1,1
884,10/26/2002,Marshall,23,30,92,42,29,374,1,1,Central Michigan,18,48,208,32,15,183,1,0,V,20.5,5,-18,-116,10,14,191,0,1
885,10/26/2002,Maryland,45,40,151,24,17,277,1,2,Duke,12,34,129,34,19,202,3,0,V,14,33,6,22,-10,-2,75,-2,2
886,10/26/2002,Memphis,10,27,47,31,16,173,3,3,Cincinnati,48,53,213,34,21,225,1,1,V,-8,-38,-26,-166,-3,-5,-52,2,2
887,10/26/2002,Miami-Florida,40,39,102,36,22,422,0,2,West Virginia,23,62,363,18,6,60,2,1,V,20,17,-23,-261,18,16,362,-2,1
888,10/26/2002,Miami-Ohio,27,39,164,31,22,299,0,0,Toledo,13,33,155,46,30,341,0,1,V,-3,14,6,9,-15,-8,-42,0,-1
889,10/26/2002,Michigan,9,20,22,39,17,149,0,1,Iowa,34,49,177,29,18,222,0,0,H,3,-25,-29,-155,10,-1,-73,0,1
890,10/26/2002,Michigan State,24,38,159,27,15,206,2,1,Wisconsin,42,56,313,19,10,135,0,0,H,-4,-18,-18,-154,8,5,71,2,1
891,10/26/2002,Mid Tennessee St,18,50,256,25,8,85,0,0,Idaho,21,38,242,26,14,226,0,2,V,3.5,-3,12,14,-1,-6,-141,0,-2
892,10/26/2002,Mississippi,28,25,36,56,42,414,2,3,Arkansas,48,41,257,15,7,79,1,0,V,-8.5,-20,-16,-221,41,35,335,1,3
893,10/26/2002,Missouri,36,48,267,21,12,158,0,0,Kansas,12,37,124,44,20,252,1,0,H,21.5,24,11,143,-23,-8,-94,-1,0
894,10/26/2002,Navy,30,53,355,11,5,76,1,1,Tulane,51,36,106,35,25,329,1,0,V,-15,-21,17,249,-24,-20,-253,0,1
895,10/26/2002,Nebraska,38,73,381,12,7,116,0,2,Texas A & M,31,24,53,37,20,269,2,0,V,-6,7,49,328,-25,-13,-153,-2,2
896,10/26/2002,Nevada-Las Vegas,21,36,178,37,13,196,0,0,San Diego State,31,43,156,46,28,319,1,2,V,-3,-10,-7,22,-9,-15,-123,-1,-2
897,10/26/2002,Nevada-Reno,47,44,195,40,31,338,2,0,Louisiana Tech,50,25,92,29,20,376,0,3,V,-5,-3,19,103,11,11,-38,2,-3
898,10/26/2002,New Mexico,42,50,268,24,11,134,0,1,Utah,35,39,89,41,26,440,0,3,H,-6.5,7,11,179,-17,-15,-306,0,-2
899,10/26/2002,New Mexico State,26,44,229,23,16,141,2,0,Arkansas State,21,38,93,26,18,205,0,0,V,6.5,5,6,136,-3,-2,-64,2,0
900,10/26/2002,North Carolina,0,33,91,27,17,221,1,1,Wake Forest,31,59,245,17,11,213,0,1,V,-7,-31,-26,-154,10,6,8,1,0
901,10/26/2002,North Texas,27,56,213,12,7,147,0,1,UL-Lafayette,0,19,9,41,21,232,1,2,V,4,27,37,204,-29,-14,-85,-1,-1
902,10/26/2002,Northern Illinois,24,50,137,20,9,167,0,0,Western Michigan,20,31,191,33,16,208,3,1,V,2.5,4,19,-54,-13,-7,-41,-3,-1
903,10/26/2002,Northwestern,13,30,118,35,18,150,2,0,Purdue,42,69,407,10,8,144,0,2,H,-14,-29,-39,-289,25,10,6,2,-2
904,10/26/2002,Notre Dame,34,32,116,21,13,185,0,0,Florida State,24,32,93,43,21,325,2,2,V,-11.5,10,0,23,-22,-8,-140,-2,-2
905,10/26/2002,Ohio State,13,49,141,20,13,112,2,2,Penn State,7,23,81,28,14,98,3,0,H,4,6,26,60,-8,-1,14,-1,2
906,10/26/2002,Oregon,33,27,76,45,20,336,2,0,Southern Cal,44,46,160,42,31,448,1,0,H,-1,-11,-19,-84,3,-11,-112,1,0
907,10/26/2002,Oregon State,24,43,301,24,8,80,0,1,California,13,28,16,51,27,284,1,1,H,6.5,11,15,285,-27,-19,-204,-1,0
908,10/26/2002,Penn State,7,23,81,28,14,98,3,0,Ohio State,13,49,141,20,13,112,2,2,V,-4,-6,-26,-60,8,1,-14,1,-2
909,10/26/2002,Pittsburgh,19,32,143,38,20,201,0,0,Boston College,16,40,177,34,18,179,0,0,H,5.5,3,-8,-34,4,2,22,0,0
910,10/26/2002,Purdue,42,69,407,10,8,144,0,2,Northwestern,13,30,118,35,18,150,2,0,V,14,29,39,289,-25,-10,-6,-2,2
911,10/26/2002,Rice,27,47,245,12,5,68,0,2,Southern Methodist,15,40,132,42,30,267,2,1,H,9.5,12,7,113,-30,-25,-199,-2,1
912,10/26/2002,Rutgers,14,37,16,31,14,177,1,4,Syracuse,45,44,289,23,13,117,0,1,V,-17,-31,-7,-273,8,1,60,1,3
913,10/26/2002,San Diego State,31,43,156,46,28,319,1,2,Nevada-Las Vegas,21,36,178,37,13,196,0,0,H,3,10,7,-22,9,15,123,1,2
914,10/26/2002,San Jose State,8,16,91,49,29,244,1,2,Boise State,45,56,248,34,19,404,0,2,H,-16.5,-37,-40,-157,15,10,-160,1,0
915,10/26/2002,Southern Cal,44,46,160,42,31,448,1,0,Oregon,33,27,76,45,20,336,2,0,V,1,11,19,84,-3,11,112,-1,0
916,10/26/2002,Southern Methodist,15,40,132,42,30,267,2,1,Rice,27,47,245,12,5,68,0,2,V,-9.5,-12,-7,-113,30,25,199,2,-1
917,10/26/2002,Stanford,18,49,166,22,10,75,1,0,U.C.L.A.,28,46,128,19,7,142,0,2,V,-10.5,-10,3,38,3,3,-67,1,-2
918,10/26/2002,Syracuse,45,44,289,23,13,117,0,1,Rutgers,14,37,16,31,14,177,1,4,H,17,31,7,273,-8,-1,-60,-1,-3
919,10/26/2002,Temple,10,25,39,32,17,230,3,0,Virginia Tech,20,54,199,20,13,146,2,2,V,-28,-10,-29,-160,12,4,84,1,-2
920,10/26/2002,Tennessee,14,26,59,27,15,163,3,3,Alabama,34,46,172,12,7,128,1,1,H,2,-20,-20,-113,15,8,35,2,2
921,10/26/2002,Texas,21,56,245,23,16,141,1,2,Iowa State,10,33,58,40,19,227,1,0,H,12,11,23,187,-17,-3,-86,0,2
922,10/26/2002,Texas A & M,31,24,53,37,20,269,2,0,Nebraska,38,73,381,12,7,116,0,2,H,6,-7,-49,-328,25,13,153,2,-2
923,10/26/2002,Texas Tech,13,30,91,65,36,268,4,1,Colorado,37,41,162,23,9,116,2,0,V,-4.5,-24,-11,-71,42,27,152,2,1
924,10/26/2002,Texas-El Paso,0,40,116,27,12,94,3,3,Tulsa,20,52,210,23,12,97,1,1,V,-2.5,-20,-12,-94,4,0,-3,2,2
925,10/26/2002,Toledo,13,33,155,46,30,341,0,1,Miami-Ohio,27,39,164,31,22,299,0,0,H,3,-14,-6,-9,15,8,42,0,1
926,10/26/2002,Troy State,21,59,230,15,6,130,0,3,Florida Atlantic,6,30,15,22,9,122,0,2,H, ,15,29,215,-7,-3,8,0,1
927,10/26/2002,Tulane,51,36,106,35,25,329,1,0,Navy,30,53,355,11,5,76,1,1,H,15,21,-17,-249,24,20,253,0,-1
928,10/26/2002,Tulsa,20,52,210,23,12,97,1,1,Texas-El Paso,0,40,116,27,12,94,3,3,H,2.5,20,12,94,-4,0,3,-2,-2
929,10/26/2002,U-C-F,28,30,84,28,22,287,1,0,Akron,17,41,138,42,30,283,0,2,H,19,11,-11,-54,-14,-8,4,1,-2
930,10/26/2002,U.C.L.A.,28,46,128,19,7,142,0,2,Stanford,18,49,166,22,10,75,1,0,H,10.5,10,-3,-38,-3,-3,67,-1,2
931,10/26/2002,UL-Lafayette,0,19,9,41,21,232,1,2,North Texas,27,56,213,12,7,147,0,1,H,-4,-27,-37,-204,29,14,85,1,1
932,10/26/2002,UL-Monroe,51,34,184,44,26,470,0,2,Utah State,48,34,81,50,26,368,1,1,H,-6,3,0,103,-6,0,102,-1,1
933,10/26/2002,Utah,35,39,89,41,26,440,0,3,New Mexico,42,50,268,24,11,134,0,1,V,6.5,-7,-11,-179,17,15,306,0,2
934,10/26/2002,Utah State,48,34,81,50,26,368,1,1,UL-Monroe,51,34,184,44,26,470,0,2,V,6,-3,0,-103,6,0,-102,1,-1
935,10/26/2002,Vanderbilt,28,51,221,18,11,171,0,2,Connecticut,24,22,101,35,23,236,2,0,H,8,4,29,120,-17,-12,-65,-2,2
936,10/26/2002,Virginia,15,20,53,59,41,372,1,0,Georgia Tech,23,44,211,42,26,220,0,1,V,-5,-8,-24,-158,17,15,152,1,-1
937,10/26/2002,Virginia Tech,20,54,199,20,13,146,2,2,Temple,10,25,39,32,17,230,3,0,H,28,10,29,160,-12,-4,-84,-1,2
938,10/26/2002,Wake Forest,31,59,245,17,11,213,0,1,North Carolina,0,33,91,27,17,221,1,1,H,7,31,26,154,-10,-6,-8,-1,0
939,10/26/2002,Washington,16,38,42,37,18,210,1,1,Arizona State,27,37,45,28,18,184,0,1,V,-3.5,-11,1,-3,9,0,26,1,0
940,10/26/2002,Washington State,21,46,149,35,20,275,0,2,Arizona,13,21,-17,46,22,224,2,1,V,12.5,8,25,166,-11,-2,51,-2,1
941,10/26/2002,West Virginia,23,62,363,18,6,60,2,1,Miami-Florida,40,39,102,36,22,422,0,2,H,-20,-17,23,261,-18,-16,-362,2,-1
942,10/26/2002,Western Michigan,20,31,191,33,16,208,3,1,Northern Illinois,24,50,137,20,9,167,0,0,H,-2.5,-4,-19,54,13,7,41,3,1
943,10/26/2002,Wisconsin,42,56,313,19,10,135,0,0,Michigan State,24,38,159,27,15,206,2,1,V,4,18,18,154,-8,-5,-71,-2,-1
944,10/26/2002,Wyoming,34,33,97,43,32,387,0,0,Air Force,26,53,255,20,9,169,0,0,H,-17.5,8,-20,-158,23,23,218,0,0
945,10/30/2002,Southern Miss,7,36,75,27,9,110,1,1,Texas Christian,37,49,208,17,10,137,0,0,V,-3,-30,-13,-133,10,-1,-27,1,1
946,10/30/2002,Texas Christian,37,49,208,17,10,137,0,0,Southern Miss,7,36,75,27,9,110,1,1,H,3,30,13,133,-10,1,27,-1,-1
947,10/31/2002,Air Force,12,55,221,8,3,29,0,2,Colorado State,31,52,199,19,12,142,0,0,H,-1,-19,3,22,-11,-9,-113,0,2
948,10/31/2002,Colorado State,31,52,199,19,12,142,0,0,Air Force,12,55,221,8,3,29,0,2,V,1,19,-3,-22,11,9,113,0,-2
949,11/02/2002,Akron,34,41,156,22,11,132,1,0,Marshall,20,30,76,52,33,344,2,5,H,-17.5,14,11,80,-30,-22,-212,-1,-5
950,11/02/2002,Alabama,30,45,157,31,21,271,0,0,Vanderbilt,8,29,46,18,7,116,1,1,V,22.5,22,16,111,13,14,155,-1,-1
951,11/02/2002,Arizona,3,25,-23,33,15,116,0,2,Oregon State,38,48,193,31,14,264,0,0,V,-17.5,-35,-23,-216,2,1,-148,0,2
952,11/02/2002,Arizona State,22,32,37,52,31,328,2,2,Washington State,44,37,135,33,18,250,2,0,V,-7,-22,-5,-98,19,13,78,0,2
953,11/02/2002,Arkansas,23,30,65,16,7,60,1,0,Troy State,0,50,95,27,8,47,2,2,H,24,23,-20,-30,-11,-1,13,-1,-2
954,11/02/2002,Arkansas State,38,57,362,16,9,109,0,1,Southern Utah,16,38,200,12,2,36,2,1,H, ,22,19,162,4,7,73,-2,0
955,11/02/2002,Auburn,31,42,254,21,11,113,0,1,Mississippi,24,28,74,46,26,284,3,0,V,4,7,14,180,-25,-15,-171,-3,1
956,11/02/2002,Ball State,17,46,215,18,7,45,0,0,Western Michigan,7,33,127,40,19,225,2,0,H,-7,10,13,88,-22,-12,-180,-2,0
957,11/02/2002,Baylor,11,34,95,35,23,254,0,1,Texas Tech,62,20,142,61,48,512,2,0,V,-31.5,-51,14,-47,-26,-25,-258,-2,1
958,11/02/2002,Boise State,58,42,237,20,10,233,0,1,Texas-El Paso,3,54,204,23,6,46,4,0,V,33,55,-12,33,-3,4,187,-4,1
959,11/02/2002,Boston College,14,33,107,20,9,77,1,0,Notre Dame,7,44,122,40,20,235,2,3,V,-10,7,-11,-15,-20,-11,-158,-1,-3
960,11/02/2002,Bowling Green,45,45,272,25,19,214,0,0,Kent State,14,44,252,20,9,113,4,1,V,21,31,1,20,5,10,101,-4,-1
961,11/02/2002,Brigham Young,34,36,114,33,20,289,3,1,San Diego State,10,28,18,46,26,228,1,1,H,1.5,24,8,96,-13,-6,61,2,0
962,11/02/2002,Central Michigan,47,72,488,12,8,69,0,0,Eastern Michigan,21,29,39,30,16,178,2,0,V,9.5,26,43,449,-18,-8,-109,-2,0
963,11/02/2002,Clemson,34,33,59,52,34,420,0,2,Duke,31,40,158,45,24,310,3,0,V,10,3,-7,-99,7,10,110,-3,2
964,11/02/2002,Colorado,11,41,204,37,18,174,2,2,Oklahoma,27,45,200,23,10,105,2,0,V,-13,-16,-4,4,14,8,69,0,2
965,11/02/2002,Connecticut,61,49,214,28,17,282,0,1,Florida Atlantic,14,31,-12,25,13,176,1,2,H, ,47,18,226,3,4,106,-1,-1
966,11/02/2002,Duke,31,40,158,45,24,310,3,0,Clemson,34,33,59,52,34,420,0,2,H,-10,-3,7,99,-7,-10,-110,3,-2
967,11/02/2002,Eastern Michigan,21,29,39,30,16,178,2,0,Central Michigan,47,72,488,12,8,69,0,0,H,-9.5,-26,-43,-449,18,8,109,2,0
968,11/02/2002,Florida,20,34,42,46,36,339,2,2,Georgia,13,36,126,36,14,168,1,2,N,-1,7,-2,-84,10,22,171,1,0
969,11/02/2002,Florida State,34,43,255,44,28,278,1,2,Wake Forest,21,48,237,24,12,146,0,2,V,10.5,13,-5,18,20,16,132,1,0
970,11/02/2002,Georgia,13,36,126,36,14,168,1,2,Florida,20,34,42,46,36,339,2,2,N,1,-7,2,84,-10,-22,-171,-1,0
971,11/02/2002,Georgia Tech,24,42,143,37,22,214,1,0,No Carolina State,17,22,57,41,21,277,1,2,V,-12.5,7,20,86,-4,1,-63,0,-2
972,11/02/2002,Hawaii,40,26,113,59,34,440,2,0,San Jose State,31,28,171,30,15,287,3,1,H,24.5,9,-2,-58,29,19,153,-1,-1
973,11/02/2002,Houston,26,49,179,23,15,210,2,0,Memphis,21,31,88,44,24,342,1,1,V,-5.5,5,18,91,-21,-9,-132,1,-1
974,11/02/2002,Idaho,28,32,98,39,24,319,3,1,UL-Lafayette,31,35,96,41,23,328,1,0,V,-3.5,-3,-3,2,-2,1,-9,2,1
975,11/02/2002,Illinois,7,28,75,46,26,217,2,0,Penn State,18,45,315,26,13,108,0,1,V,-17,-11,-17,-240,20,13,109,2,-1
976,11/02/2002,Indiana,37,56,232,21,13,150,2,0,Northwestern,41,40,263,28,18,233,0,2,V,3,-4,16,-31,-7,-5,-83,2,-2
977,11/02/2002,Iowa,20,37,130,30,17,275,0,0,Wisconsin,3,33,78,30,11,137,3,0,H,9.5,17,4,52,0,6,138,-3,0
978,11/02/2002,Iowa State,42,39,177,47,31,425,0,1,Missouri,35,36,118,35,24,247,1,0,H,10,7,3,59,12,7,178,-1,1
979,11/02/2002,Kansas,0,34,41,27,9,74,2,5,Kansas State,64,60,337,15,9,157,1,0,H,-35,-64,-26,-296,12,0,-83,1,5
980,11/02/2002,Kansas State,64,60,337,15,9,157,1,0,Kansas,0,34,41,27,9,74,2,5,V,35,64,26,296,-12,0,83,-1,-5
981,11/02/2002,Kent State,14,44,252,20,9,113,4,1,Bowling Green,45,45,272,25,19,214,0,0,H,-21,-31,-1,-20,-5,-10,-101,4,1
982,11/02/2002,Kentucky,45,41,105,26,12,161,0,0,Mississippi State,24,43,230,34,9,162,4,1,V,4,21,-2,-125,-8,3,-1,-4,-1
983,11/02/2002,Marshall,20,30,76,52,33,344,2,5,Akron,34,41,156,22,11,132,1,0,V,17.5,-14,-11,-80,30,22,212,1,5
984,11/02/2002,Maryland,59,49,388,14,7,200,0,0,North Carolina,7,35,79,42,21,233,1,0,V,16,52,14,309,-28,-14,-33,-1,0
985,11/02/2002,Memphis,21,31,88,44,24,342,1,1,Houston,26,49,179,23,15,210,2,0,H,5.5,-5,-18,-91,21,9,132,-1,1
986,11/02/2002,Miami-Florida,42,35,195,33,18,241,1,0,Rutgers,17,39,83,27,10,117,3,0,V,41.5,25,-4,112,6,8,124,-2,0
987,11/02/2002,Miami-Ohio,38,46,165,31,21,248,0,1,Ohio,20,33,151,19,11,138,0,3,H,16,18,13,14,12,10,110,0,-2
988,11/02/2002,Michigan,49,53,188,31,19,253,0,0,Michigan State,3,30,59,35,15,178,1,0,H,14.5,46,23,129,-4,4,75,-1,0
989,11/02/2002,Michigan State,3,30,59,35,15,178,1,0,Michigan,49,53,188,31,19,253,0,0,V,-14.5,-46,-23,-129,4,-4,-75,1,0
990,11/02/2002,Mid Tennessee St,21,43,300,6,3,46,1,1,New Mexico State,24,64,294,22,13,154,0,0,V,-7.5,-3,-21,6,-16,-10,-108,1,1
991,11/02/2002,Minnesota,3,36,53,20,10,59,0,0,Ohio State,34,51,178,16,10,144,0,1,V,-13.5,-31,-15,-125,4,0,-85,0,-1
992,11/02/2002,Mississippi,24,28,74,46,26,284,3,0,Auburn,31,42,254,21,11,113,0,1,H,-4,-7,-14,-180,25,15,171,3,-1
993,11/02/2002,Mississippi State,24,43,230,34,9,162,4,1,Kentucky,45,41,105,26,12,161,0,0,H,-4,-21,2,125,8,-3,1,4,1
994,11/02/2002,Missouri,35,36,118,35,24,247,1,0,Iowa State,42,39,177,47,31,425,0,1,V,-10,-7,-3,-59,-12,-7,-178,1,-1
995,11/02/2002,Nebraska,24,47,320,16,7,98,2,0,Texas,27,36,79,47,29,419,1,0,H,-3,-3,11,241,-31,-22,-321,1,0
996,11/02/2002,Nevada-Las Vegas,49,47,313,27,21,331,0,1,Wyoming,48,32,92,52,30,420,1,0,H,10,1,15,221,-25,-9,-89,-1,1
997,11/02/2002,Nevada-Reno,24,39,151,35,23,270,0,1,Southern Methodist,6,31,151,35,14,159,3,0,V,6,18,8,0,0,9,111,-3,1
998,11/02/2002,New Mexico State,24,64,294,22,13,154,0,0,Mid Tennessee St,21,43,300,6,3,46,1,1,H,7.5,3,21,-6,16,10,108,-1,-1
999,11/02/2002,No Carolina State,17,22,57,41,21,277,1,2,Georgia Tech,24,42,143,37,22,214,1,0,H,12.5,-7,-20,-86,4,-1,63,0,2
1000,11/02/2002,North Carolina,7,35,79,42,21,233,1,0,Maryland,59,49,388,14,7,200,0,0,H,-16,-52,-14,-309,28,14,33,1,0
1001,11/02/2002,North Texas,41,49,322,5,2,24,1,0,UL-Monroe,2,37,67,37,16,119,1,2,H,18,39,12,255,-32,-14,-95,0,-2
1002,11/02/2002,Northwestern,41,40,263,28,18,233,0,2,Indiana,37,56,232,21,13,150,1,0,H,-3,4,-16,31,7,5,83,-1,2
1003,11/02/2002,Notre Dame,7,44,122,40,20,235,2,3,Boston College,14,33,107,20,9,77,1,0,H,10,-7,11,15,20,11,158,1,3
1004,11/02/2002,Ohio,20,33,151,19,11,138,0,3,Miami-Ohio,38,46,165,31,21,248,0,1,V,-16,-18,-13,-14,-12,-10,-110,0,2
1005,11/02/2002,Ohio State,34,51,178,16,10,144,0,1,Minnesota,3,36,53,20,10,59,0,0,H,13.5,31,15,125,-4,0,85,0,1
1006,11/02/2002,Oklahoma,27,45,200,23,10,105,2,0,Colorado,11,41,204,37,18,174,2,2,H,13,16,4,-4,-14,-8,-69,0,-2
1007,11/02/2002,Oklahoma State,28,37,135,33,17,216,0,0,Texas A & M,23,30,71,46,25,332,2,0,H,-3.5,5,7,64,-13,-8,-116,-2,0
1008,11/02/2002,Oregon,41,42,170,36,20,254,1,0,Stanford,14,28,81,28,12,92,1,0,H,16,27,14,89,8,8,162,0,0
1009,11/02/2002,Oregon State,38,48,193,31,14,264,0,0,Arizona,3,25,-23,33,15,116,0,2,H,17.5,35,23,216,-2,-1,148,0,-2
1010,11/02/2002,Penn State,18,45,315,26,13,108,0,1,Illinois,7,28,75,46,26,217,2,0,H,17,11,17,240,-20,-13,-109,-2,1
1011,11/02/2002,Pittsburgh,28,44,275,26,11,208,2,1,Virginia Tech,21,45,130,22,12,145,1,2,V,-11,7,-1,145,4,-1,63,1,-1
1012,11/02/2002,Rice,33,75,427,3,2,61,0,1,Tulsa,18,24,47,33,14,142,1,1,V,7,15,51,380,-30,-12,-81,-1,0
1013,11/02/2002,Rutgers,17,39,83,27,10,117,3,0,Miami-Florida,42,35,195,33,18,241,1,0,H,-41.5,-25,4,-112,-6,-8,-124,2,0
1014,11/02/2002,San Diego State,10,28,18,46,26,228,1,1,Brigham Young,34,36,114,33,20,289,3,1,V,-1.5,-24,-8,-96,13,6,-61,-2,0
1015,11/02/2002,San Jose State,31,28,171,30,15,287,3,1,Hawaii,40,26,113,59,34,440,2,0,V,-24.5,-9,2,58,-29,-19,-153,1,1
1016,11/02/2002,South Carolina,10,35,184,19,5,45,3,0,Tennessee,18,54,241,24,17,175,0,2,H,-2,-8,-19,-57,-5,-12,-130,3,-2
1017,11/02/2002,South Florida,56,50,267,43,18,258,1,1,Charleston Southern,6,23,0,31,15,76,3,2,H, ,50,27,267,12,3,182,-2,-1
1018,11/02/2002,Southern Methodist,6,31,151,35,14,159,3,0,Nevada-Reno,24,39,151,35,23,270,0,1,H,-6,-18,-8,0,0,-9,-111,3,-1
1019,11/02/2002,Stanford,14,28,81,28,12,92,1,0,Oregon,41,42,170,36,20,254,1,0,V,-16,-27,-14,-89,-8,-8,-162,0,0
1020,11/02/2002,Syracuse,38,50,197,19,13,199,0,0,U-C-F,35,31,99,47,28,440,0,2,V,-3.5,3,19,98,-28,-15,-241,0,-2
1021,11/02/2002,Temple,20,24,52,34,14,182,4,1,West Virginia,46,59,230,18,10,74,0,0,H,-8,-26,-35,-178,16,4,108,4,1
1022,11/02/2002,Tennessee,18,54,241,24,17,175,0,2,South Carolina,10,35,184,19,5,45,3,0,V,2,8,19,57,5,12,130,-3,2
1023,11/02/2002,Texas,27,36,79,47,29,419,1,0,Nebraska,24,47,320,16,7,98,2,0,V,3,3,-11,-241,31,22,321,-1,0
1024,11/02/2002,Texas A & M,23,30,71,46,25,332,2,0,Oklahoma State,28,37,135,33,17,216,0,0,V,3.5,-5,-7,-64,13,8,116,2,0
1025,11/02/2002,Texas Tech,62,20,142,61,48,512,2,0,Baylor,11,34,95,35,23,254,0,1,H,31.5,51,-14,47,26,25,258,2,-1
1026,11/02/2002,Texas-El Paso,3,54,204,23,6,46,4,0,Boise State,58,42,237,20,10,233,0,1,H,-33,-55,12,-33,3,-4,-187,4,-1
1027,11/02/2002,Troy State,0,50,95,27,8,47,2,2,Arkansas,23,30,65,16,7,60,1,0,V,-24,-23,20,30,11,1,-13,1,2
1028,11/02/2002,Tulsa,18,24,47,33,14,142,1,1,Rice,33,75,427,3,2,61,0,1,H,-7,-15,-51,-380,30,12,81,1,0
1029,11/02/2002,U-C-F,35,31,99,47,28,440,0,2,Syracuse,38,50,197,19,13,199,0,0,H,3.5,-3,-19,-98,28,15,241,0,2
1030,11/02/2002,U.C.L.A.,34,37,127,27,13,189,0,0,Washington,24,32,69,60,29,429,4,0,V,-3,10,5,58,-33,-16,-240,-4,0
1031,11/02/2002,UL-Lafayette,31,35,96,41,23,328,1,0,Idaho,28,32,98,39,24,319,3,1,H,3.5,3,3,-2,2,-1,9,-2,-1
1032,11/02/2002,UL-Monroe,2,37,67,37,16,119,1,2,North Texas,41,49,322,5,2,24,1,0,V,-18,-39,-12,-255,32,14,95,0,2
1033,11/02/2002,Vanderbilt,8,29,46,18,7,116,1,1,Alabama,30,45,157,31,21,271,0,0,H,-22.5,-22,-16,-111,-13,-14,-155,1,1
1034,11/02/2002,Virginia Tech,21,45,130,22,12,145,1,2,Pittsburgh,28,44,275,26,11,208,2,1,H,11,-7,1,-145,-4,1,-63,-1,1
1035,11/02/2002,Wake Forest,21,48,237,24,12,146,0,2,Florida State,34,43,255,44,28,278,1,2,H,-10.5,-13,5,-18,-20,-16,-132,-1,0
1036,11/02/2002,Washington,24,32,69,60,29,429,4,0,U.C.L.A.,34,37,127,27,13,189,0,0,H,3,-10,-5,-58,33,16,240,4,0
1037,11/02/2002,Washington State,44,37,135,33,18,250,2,0,Arizona State,22,32,37,52,31,328,2,2,H,7,22,5,98,-19,-13,-78,0,-2
1038,11/02/2002,West Virginia,46,59,230,18,10,74,0,0,Temple,20,24,52,34,14,182,4,1,V,8,26,35,178,-16,-4,-108,-4,-1
1039,11/02/2002,Western Michigan,7,33,127,40,19,225,2,0,Ball State,17,46,215,18,7,45,0,0,V,7,-10,-13,-88,22,12,180,2,0
1040,11/02/2002,Wisconsin,3,33,78,30,11,137,2,0,Iowa,20,37,130,30,17,275,0,0,V,-9.5,-17,-4,-52,0,-6,-138,2,0
1041,11/02/2002,Wyoming,48,32,92,52,30,420,1,0,Nevada-Las Vegas,49,47,313,27,21,331,0,1,V,-10,-1,-15,-221,25,9,89,1,-1
1042,11/07/2002,Cincinnati,24,50,115,23,9,120,0,0,Louisville,14,33,70,32,12,106,0,2,V,-9,10,17,45,-9,-3,14,0,-2
1043,11/07/2002,Louisville,14,33,70,32,12,106,0,2,Cincinnati,24,50,115,23,9,120,0,0,H,9,-10,-17,-45,9,3,-14,0,2
1044,11/09/2002,Air Force,49,65,380,10,6,151,0,1,Army,30,41,149,23,11,181,1,0,V,17.5,19,24,231,-13,-5,-30,-1,1
1045,11/09/2002,Akron,10,35,110,34,21,188,1,3,Ohio,27,66,308,13,7,67,0,1,V,-2.5,-17,-31,-198,21,14,121,1,2
1046,11/09/2002,Alabama,28,40,165,25,18,244,0,0,Mississippi State,14,32,107,38,21,139,2,0,H,21.5,14,8,58,-13,-3,105,-2,0
1047,11/09/2002,Alabama-Birmingham,13,37,88,28,11,138,0,0,Southern Miss,20,43,101,20,10,223,2,0,H,-7.5,-7,-6,-13,8,1,-85,-2,0
1048,11/09/2002,Arizona,7,28,12,27,13,237,0,1,U.C.L.A.,37,51,242,20,13,201,0,1,H,-11,-30,-23,-230,7,0,36,0,0
1049,11/09/2002,Arizona State,38,27,-2,50,29,477,1,4,California,55,42,168,35,16,213,1,2,H,5,-17,-15,-170,15,13,264,0,2
1050,11/09/2002,Arkansas,23,50,200,18,10,113,0,0,South Carolina,0,32,144,31,13,89,3,0,V,4.5,23,18,56,-13,-3,24,-3,0
1051,11/09/2002,Arkansas State,10,26,158,19,10,103,1,1,UL-Lafayette,13,45,136,34,25,256,1,0,V,-3.5,-3,-19,22,-15,-15,-153,0,1
1052,11/09/2002,Army,30,41,149,23,11,181,1,0,Air Force,49,65,380,10,6,151,0,1,H,-17.5,-19,-24,-231,13,5,30,1,-1
1053,11/09/2002,Auburn,52,42,210,30,21,293,1,1,UL-Monroe,14,29,83,38,19,193,0,1,H,35,38,13,127,-8,2,100,1,0
1054,11/09/2002,Baylor,0,27,41,22,11,86,2,1,Texas,41,45,180,25,20,270,1,1,V,-40,-41,-18,-139,-3,-9,-184,1,0
1055,11/09/2002,Boise State,49,45,229,33,25,318,1,2,Rice,7,51,152,13,3,80,2,0,H,27.5,42,-6,77,20,22,238,-1,2
1056,11/09/2002,Boston College,14,30,80,50,28,284,2,0,West Virginia,24,53,273,18,12,124,0,0,V,-3.5,-10,-23,-193,32,16,160,2,0
1057,11/09/2002,Bowling Green,17,29,80,53,27,271,2,0,Northern Illinois,26,46,198,16,10,145,1,0,V,3,-9,-17,-118,37,17,126,1,0
1058,11/09/2002,Brigham Young,35,46,172,45,31,360,2,1,Wyoming,31,30,76,36,21,283,1,1,H,12,4,16,96,9,10,77,1,0
1059,11/09/2002,Buffalo,21,38,94,29,14,106,2,0,U-C-F,45,30,104,43,25,360,2,1,H,-19,-24,8,-10,-14,-11,-254,0,-1
1060,11/09/2002,California,55,42,168,35,16,213,1,2,Arizona State,38,27,-2,50,29,477,1,4,V,-5,17,15,170,-15,-13,-264,0,-2
1061,11/09/2002,Central Michigan,17,41,213,31,9,71,2,0,Toledo,44,37,193,37,28,329,1,0,V,-14,-27,4,20,-6,-19,-258,1,0
1062,11/09/2002,Clemson,42,50,256,20,12,274,0,1,North Carolina,12,33,72,32,17,172,1,0,V,10.5,30,17,184,-12,-5,102,-1,1
1063,11/09/2002,Colorado,42,66,372,27,17,203,1,0,Missouri,35,37,150,30,16,209,0,1,V,6,7,29,222,-3,1,-6,1,-1
1064,11/09/2002,Connecticut,63,33,202,22,15,200,0,0,Kent State,21,47,278,31,13,112,3,2,H,7,42,-14,-76,-9,2,88,-3,-2
1065,11/09/2002,East Carolina,54,43,158,37,25,440,1,0,Houston,48,53,329,22,8,201,0,2,V,1,6,-10,-171,15,17,239,1,-2
1066,11/09/2002,Eastern Michigan,31,34,112,37,21,221,4,0,Western Michigan,33,37,155,34,14,227,1,0,V,-26.5,-2,-3,-43,3,7,-6,3,0
1067,11/09/2002,Florida,21,44,223,32,17,170,0,0,Vanderbilt,17,41,173,26,10,94,2,0,V,22,4,3,50,6,7,76,-2,0
1068,11/09/2002,Florida State,21,33,140,24,8,139,0,0,Georgia Tech,13,42,185,45,22,211,3,0,V,8.5,8,-9,-45,-21,-14,-72,-3,0
1069,11/09/2002,Fresno State,31,45,160,32,21,295,2,2,Tulsa,12,44,144,25,10,82,1,0,H,26,19,1,16,7,11,213,1,2
1070,11/09/2002,Georgia,31,54,196,22,12,206,1,1,Mississippi,17,32,107,25,12,176,2,0,H,14.5,14,22,89,-3,0,30,-1,1
1071,11/09/2002,Georgia Tech,13,42,185,45,22,211,3,0,Florida State,21,33,140,24,8,139,0,0,H,-8.5,-8,9,45,21,14,72,3,0
1072,11/09/2002,Houston,48,53,329,22,8,201,0,2,East Carolina,54,43,158,37,25,440,1,0,H,-1,-6,10,171,-15,-17,-239,-1,2
1073,11/09/2002,Idaho,0,29,68,33,14,180,0,0,North Texas,10,50,225,14,3,50,2,0,V,-16,-10,-21,-157,19,11,130,-2,0
1074,11/09/2002,Illinois,37,43,185,34,22,319,3,2,Wisconsin,20,39,135,24,13,162,1,1,V,-6,17,4,50,10,9,157,2,1
1075,11/09/2002,Indiana,21,33,107,48,23,257,2,1,Michigan State,56,42,266,27,18,226,0,0,H,0,-35,-9,-159,21,5,31,2,1
1076,11/09/2002,Iowa,62,50,245,12,12,230,0,1,Northwestern,10,36,99,41,24,199,3,0,H,29.5,52,14,146,-29,-12,31,-3,1
1077,11/09/2002,Iowa State,7,39,71,28,12,178,3,3,Kansas State,58,47,223,17,12,162,0,0,V,-13,-51,-8,-152,11,0,16,3,3
1078,11/09/2002,Kansas,7,36,71,31,10,153,2,1,Nebraska,45,56,352,15,5,62,1,0,V,-36.5,-38,-20,-281,16,5,91,1,1
1079,11/09/2002,Kansas State,58,47,223,17,12,162,0,0,Iowa State,7,39,71,28,12,178,3,3,H,13,51,8,152,-11,0,-16,-3,-3
1080,11/09/2002,Kent State,21,47,278,31,13,112,3,2,Connecticut,63,33,202,22,15,200,0,0,V,-7,-42,14,76,9,-2,-88,3,2
1081,11/09/2002,Kentucky,30,35,154,29,14,221,0,2,Louisiana State,33,42,213,23,10,264,0,0,H,-5,-3,-7,-59,6,4,-43,0,2
1082,11/09/2002,Louisiana State,33,42,213,23,10,264,0,0,Kentucky,30,35,154,29,14,221,0,2,V,5,3,7,59,-6,-4,43,0,-2
1083,11/09/2002,Louisiana Tech,30,31,141,48,29,341,2,0,San Jose State,42,34,156,35,26,406,1,0,V,3.5,-12,-3,-15,13,3,-65,1,0
1084,11/09/2002,Maryland,24,40,202,18,10,130,0,0,No Carolina State,21,36,109,40,24,297,2,0,H,6,3,4,93,-22,-14,-167,-2,0
1085,11/09/2002,Memphis,28,30,48,55,33,320,2,0,South Florida,31,42,173,36,24,246,0,1,V,-17,-3,-12,-125,19,9,74,2,-1
1086,11/09/2002,Miami-Florida,26,38,177,36,18,245,0,0,Tennessee,3,38,141,21,8,77,0,0,V,8.5,23,0,36,15,10,168,0,0
1087,11/09/2002,Michigan,41,48,253,26,15,225,0,1,Minnesota,24,36,127,37,18,209,3,0,V,6.5,17,12,126,-11,-3,16,-3,1
1088,11/09/2002,Michigan State,56,43,289,26,17,203,0,0,Indiana,21,33,107,48,23,257,2,1,V,0,35,10,182,-22,-6,-54,-2,-1
1089,11/09/2002,Minnesota,24,36,127,37,18,209,3,0,Michigan,41,48,253,26,15,225,0,1,H,-6.5,-17,-12,-126,11,3,-16,3,-1
1090,11/09/2002,Mississippi,17,32,107,25,12,176,2,0,Georgia,31,54,196,22,12,206,1,1,V,-14.5,-14,-22,-89,3,0,-30,1,-1
1091,11/09/2002,Mississippi State,14,32,107,38,21,139,2,0,Alabama,28,40,165,25,18,244,0,0,V,-21.5,-14,-8,-58,13,3,-105,2,0
1092,11/09/2002,Missouri,35,37,150,30,16,209,0,1,Colorado,42,66,372,27,17,203,1,0,H,-6,-7,-29,-222,3,-1,6,-1,1
1093,11/09/2002,Navy,23,56,216,15,6,52,2,0,Notre Dame,30,41,68,21,13,272,0,3,N,-27,-7,15,148,-6,-7,-220,2,-3
1094,11/09/2002,Nebraska,45,56,352,15,5,62,1,0,Kansas,7,36,71,31,10,153,2,1,H,36.5,38,20,281,-16,-5,-91,-1,-1
1095,11/09/2002,Nevada-Las Vegas,17,36,97,34,14,186,2,0,Utah,28,39,178,33,21,205,0,0,V,-11,-11,-3,-81,1,-7,-19,2,0
1096,11/09/2002,Nevada-Reno,23,36,109,54,30,325,2,0,Texas-El Paso,17,37,125,23,10,141,0,1,H,27,6,-1,-16,31,20,184,2,-1
1097,11/09/2002,New Mexico,15,59,167,15,9,70,0,3,San Diego State,8,29,30,35,18,153,1,1,H,6.5,7,30,137,-20,-9,-83,-1,2
1098,11/09/2002,New Mexico State,30,47,256,16,8,165,0,0,Utah State,32,31,182,41,27,299,0,1,V,1.5,-2,16,74,-25,-19,-134,0,-1
1099,11/09/2002,No Carolina State,21,36,109,40,24,297,2,0,Maryland,24,40,202,18,10,130,0,0,V,-6,-3,-4,-93,22,14,167,2,0
1100,11/09/2002,North Carolina,12,33,72,32,17,172,1,0,Clemson,42,50,256,20,12,274,0,1,H,-10.5,-30,-17,-184,12,5,-102,1,-1
1101,11/09/2002,North Texas,10,50,225,14,3,50,2,0,Idaho,0,29,68,33,14,180,0,0,H,16,10,21,157,-19,-11,-130,2,0
1102,11/09/2002,Northern Illinois,26,46,198,16,10,145,1,0,Bowling Green,17,30,86,53,27,271,2,0,H,-3,9,16,112,-37,-17,-126,-1,0
1103,11/09/2002,Northwestern,10,35,76,42,25,222,3,0,Iowa,62,50,245,12,12,230,0,1,V,-29.5,-52,-15,-169,30,13,-8,3,-1
1104,11/09/2002,Notre Dame,30,41,68,21,13,272,0,3,Navy,23,56,216,15,6,52,2,0,N,27,7,-15,-148,6,7,220,-2,3
1105,11/09/2002,Ohio,27,66,308,13,7,67,0,1,Akron,10,35,110,34,21,188,1,3,H,2.5,17,31,198,-21,-14,-121,-1,-2
1106,11/09/2002,Ohio State,10,39,94,20,13,173,1,0,Purdue,6,29,56,39,27,285,3,0,V,5.5,4,10,38,-19,-14,-112,-2,0
1107,11/09/2002,Oklahoma,26,37,156,34,20,249,1,1,Texas A & M,30,39,185,22,11,219,2,0,V,9.5,-4,-2,-29,12,9,30,-1,1
1108,11/09/2002,Oklahoma State,24,29,175,39,19,257,1,0,Texas Tech,49,32,98,54,41,458,0,1,V,-9.5,-25,-3,77,-15,-22,-201,1,-1
1109,11/09/2002,Oregon,21,35,60,35,16,192,1,0,Washington State,32,42,190,38,20,277,1,1,V,-4,-11,-7,-130,-3,-4,-85,0,-1
1110,11/09/2002,Oregon State,29,39,158,44,16,262,5,0,Washington,41,36,37,43,22,262,0,0,V,4,-12,3,121,1,-6,0,5,0
1111,11/09/2002,Penn State,35,51,289,32,21,244,0,1,Virginia,14,22,30,38,30,260,0,2,H,16.5,21,29,259,-6,-9,-16,0,-1
1112,11/09/2002,Pittsburgh,29,29,64,20,13,125,0,1,Temple,22,51,120,38,25,221,1,3,H,16,7,-22,-56,-18,-12,-96,-1,-2
1113,11/09/2002,Purdue,6,29,56,39,27,285,3,0,Ohio State,10,39,94,20,13,173,1,0,H,-5.5,-4,-10,-38,19,14,112,2,0
1114,11/09/2002,Rice,7,51,152,13,3,80,2,0,Boise State,49,45,229,33,25,318,1,2,V,-27.5,-42,6,-77,-20,-22,-238,1,-2
1115,11/09/2002,San Diego State,8,29,30,35,18,153,1,1,New Mexico,15,59,167,15,9,70,0,3,V,-6.5,-7,-30,-137,20,9,83,1,-2
1116,11/09/2002,San Jose State,42,34,156,35,26,406,1,0,Louisiana Tech,30,31,141,48,29,341,2,0,H,-3.5,12,3,15,-13,-3,65,-1,0
1117,11/09/2002,South Carolina,0,32,144,31,13,89,3,0,Arkansas,23,50,200,18,10,113,0,0,H,-4.5,-23,-18,-56,13,3,-24,3,0
1118,11/09/2002,South Florida,31,42,173,36,24,246,0,1,Memphis,28,30,48,55,33,320,2,0,H,17,3,12,125,-19,-9,-74,-2,1
1119,11/09/2002,Southern Cal,49,29,87,33,23,327,0,1,Stanford,17,40,78,35,23,165,1,1,V,19,32,-11,9,-2,0,162,-1,0
1120,11/09/2002,Southern Miss,20,43,101,20,10,223,2,0,Alabama-Birmingham,13,37,88,28,11,138,0,0,V,7.5,7,6,13,-8,-1,85,2,0
1121,11/09/2002,Stanford,17,40,78,35,23,165,1,1,Southern Cal,49,29,87,33,23,327,0,1,H,-19,-32,11,-9,2,0,-162,1,0
1122,11/09/2002,Syracuse,50,60,201,40,24,403,3,0,Virginia Tech,42,25,55,35,23,504,3,2,H,-10.5,8,35,146,5,1,-101,0,-2
1123,11/09/2002,Temple,22,51,120,38,25,221,1,3,Pittsburgh,29,29,64,20,13,125,0,1,V,-16,-7,22,56,18,12,96,1,2
1124,11/09/2002,Tennessee,3,38,141,21,8,77,0,0,Miami-Florida,26,38,177,36,18,245,0,0,H,-8.5,-23,0,-36,-15,-10,-168,0,0
1125,11/09/2002,Texas,41,45,180,25,20,270,1,1,Baylor,0,27,41,22,11,86,2,1,H,40,41,18,139,3,9,184,-1,0
1126,11/09/2002,Texas A & M,30,39,185,22,11,219,2,0,Oklahoma,26,37,156,34,20,249,1,1,H,-9.5,4,2,29,-12,-9,-30,1,-1
1127,11/09/2002,Texas Christian,17,49,264,26,11,96,1,1,Tulane,10,23,-53,45,16,168,1,0,H,14,7,26,317,-19,-5,-72,0,1
1128,11/09/2002,Texas Tech,49,32,98,54,41,458,0,1,Oklahoma State,24,29,175,39,19,257,1,0,H,9.5,25,3,-77,15,22,201,-1,1
1129,11/09/2002,Texas-El Paso,17,37,125,23,10,141,0,1,Nevada-Reno,23,36,109,54,30,325,2,0,V,-27,-6,1,16,-31,-20,-184,-2,1
1130,11/09/2002,Toledo,44,37,193,37,28,329,1,0,Central Michigan,17,41,213,31,9,71,2,0,H,14,27,-4,-20,6,19,258,-1,0
1131,11/09/2002,Troy State,24,43,134,19,8,63,1,0,Florida A & M,7,31,80,42,17,193,3,0,N, ,17,12,54,-23,-9,-130,-2,0
1132,11/09/2002,Tulane,10,23,-53,45,16,168,1,0,Texas Christian,17,49,264,26,11,96,1,1,V,-14,-7,-26,-317,19,5,72,0,-1
1133,11/09/2002,Tulsa,12,44,144,25,10,82,1,0,Fresno State,31,45,160,32,21,295,2,2,V,-26,-19,-1,-16,-7,-11,-213,-1,-2
1134,11/09/2002,U-C-F,45,30,104,43,25,360,2,1,Buffalo,21,38,94,29,14,106,2,0,V,19,24,-8,10,14,11,254,0,1
1135,11/09/2002,U.C.L.A.,37,51,242,20,13,201,0,1,Arizona,7,28,12,27,13,237,0,1,V,11,30,23,230,-7,0,-36,0,0
1136,11/09/2002,UL-Lafayette,13,45,136,34,25,256,1,0,Arkansas State,10,26,158,19,10,103,1,1,H,3.5,3,19,-22,15,15,153,0,-1
1137,11/09/2002,UL-Monroe,14,29,83,38,19,193,0,1,Auburn,52,42,210,30,21,293,1,1,V,-35,-38,-13,-127,8,-2,-100,-1,0
1138,11/09/2002,Utah,28,42,211,30,18,172,0,0,Nevada-Las Vegas,17,36,97,34,14,186,2,0,H,11,11,6,114,-4,4,-14,-2,0
1139,11/09/2002,Utah State,32,31,182,41,27,299,0,1,New Mexico State,30,47,256,16,8,165,0,0,H,-1.5,2,-16,-74,25,19,134,0,1
1140,11/09/2002,Vanderbilt,17,41,173,26,10,94,2,0,Florida,21,44,223,32,17,170,0,0,H,-22,-4,-3,-50,-6,-7,-76,2,0
1141,11/09/2002,Virginia,14,22,30,38,30,260,0,2,Penn State,35,51,289,32,21,244,0,1,V,-16.5,-21,-29,-259,6,9,16,0,1
1142,11/09/2002,Virginia Tech,42,25,55,35,23,504,3,2,Syracuse,50,60,201,40,24,403,3,0,V,10.5,-8,-35,-146,-5,-1,101,0,2
1143,11/09/2002,Washington,41,36,37,43,22,262,0,0,Oregon State,29,39,158,44,16,262,5,0,H,-4,12,-3,-121,-1,6,0,-5,0
1144,11/09/2002,Washington State,32,42,190,38,20,277,1,1,Oregon,21,35,60,35,16,192,1,0,H,4,11,7,130,3,4,85,0,1
1145,11/09/2002,West Virginia,24,53,273,18,12,124,0,0,Boston College,14,30,80,50,28,284,2,0,H,3.5,10,23,193,-32,-16,-160,-2,0
1146,11/09/2002,Western Michigan,33,37,155,34,14,227,1,0,Eastern Michigan,31,34,112,37,21,221,4,0,H,26.5,2,3,43,-3,-7,6,-3,0
1147,11/09/2002,Wisconsin,20,39,135,24,13,162,1,1,Illinois,37,43,185,34,22,319,3,2,H,6,-17,-4,-50,-10,-9,-157,-2,-1
1148,11/09/2002,Wyoming,31,27,43,39,24,316,1,1,Brigham Young,35,46,172,45,31,360,2,1,V,-12,-4,-19,-129,-6,-7,-44,-1,0
1149,11/12/2002,Marshall,36,35,108,39,25,292,2,0,Miami-Ohio,34,36,127,33,16,247,1,0,H,-2,2,-1,-19,6,9,45,1,0
1150,11/12/2002,Miami-Ohio,34,36,127,33,16,247,1,0,Marshall,36,35,108,39,25,292,2,0,V,2,-2,1,19,-6,-9,-45,-1,0
1151,11/14/2002,Louisville,20,45,23,37,19,200,0,4,Southern Miss,17,43,74,35,17,228,1,3,V,1.5,3,2,-51,2,2,-28,-1,1
1152,11/14/2002,Southern Miss,17,43,74,35,17,228,1,3,Louisville,20,45,23,37,19,200,0,4,H,-1.5,-3,-2,51,-2,-2,28,1,-1
1153,11/16/2002,Air Force,39,64,366,8,4,102,2,0,Nevada-Las Vegas,32,47,303,22,10,166,1,2,V,5,7,17,63,-14,-6,-64,1,-2
1154,11/16/2002,Akron,21,46,153,19,12,144,0,1,Buffalo,10,33,34,38,19,240,2,1,H,16,11,13,119,-19,-7,-96,-2,0
1155,11/16/2002,Alabama-Birmingham,36,36,133,35,21,454,0,1,East Carolina,29,34,157,39,19,187,2,0,H,-4,7,2,-24,-4,2,267,-2,1
1156,11/16/2002,Arizona,52,32,-5,45,31,492,1,1,California,41,27,58,45,22,298,2,1,V,-17,11,5,-63,0,9,194,-1,0
1157,11/16/2002,Arizona State,13,21,27,49,24,297,2,1,Southern Cal,34,38,201,35,21,233,0,0,V,-15,-21,-17,-174,14,3,64,2,1
1158,11/16/2002,Arkansas,24,45,263,15,11,141,0,3,UL-Lafayette,17,30,61,38,19,168,3,1,H,33.5,7,15,202,-23,-8,-27,-3,2
1159,11/16/2002,Arkansas State,38,54,294,23,11,173,1,0,Idaho,29,26,80,41,19,215,5,1,V,-5.5,9,28,214,-18,-8,-42,-4,-1
1160,11/16/2002,Army,14,53,187,23,12,118,1,4,Tulane,10,28,26,41,24,172,2,0,V,-21,4,25,161,-18,-12,-54,-1,4
1161,11/16/2002,Auburn,21,46,199,23,12,133,2,1,Georgia,24,33,104,38,19,231,1,1,H,-1.5,-3,13,95,-15,-7,-98,1,0
1162,11/16/2002,Ball State,38,46,145,33,22,304,0,1,Central Michigan,21,40,169,31,18,163,0,0,V,-2,17,6,-24,2,4,141,0,1
1163,11/16/2002,Baylor,9,46,137,38,21,241,2,0,Oklahoma,49,36,222,24,12,179,0,0,H,-39,-40,10,-85,14,9,62,2,0
1164,11/16/2002,Boise State,36,36,144,33,19,399,1,0,Louisiana Tech,10,22,84,56,32,355,1,1,H,29,26,14,60,-23,-13,44,0,-1
1165,11/16/2002,Boston College,41,33,227,34,22,284,1,0,Syracuse,20,48,245,34,14,131,1,1,H,7,21,-15,-18,0,8,153,0,-1
1166,11/16/2002,Bowling Green,7,29,92,32,14,134,1,1,South Florida,29,44,163,40,21,220,0,0,V,-3.5,-22,-15,-71,-8,-7,-86,1,1
1167,11/16/2002,Brigham Young,16,30,94,32,11,94,2,0,New Mexico,20,49,145,22,11,155,2,1,H,4,-4,-19,-51,10,0,-61,0,-1
1168,11/16/2002,Buffalo,10,33,34,38,19,240,2,1,Akron,21,46,153,19,12,144,0,1,V,-16,-11,-13,-119,19,7,96,2,0
1169,11/16/2002,California,41,27,58,45,22,298,2,1,Arizona,52,32,-5,45,31,492,1,1,H,17,-11,-5,63,0,-9,-194,1,0
1170,11/16/2002,Central Michigan,21,40,169,31,18,163,0,0,Ball State,38,46,145,33,22,304,0,1,H,2,-17,-6,24,-2,-4,-141,0,-1
1171,11/16/2002,Cincinnati,47,42,205,26,16,287,1,0,Houston,14,47,92,28,13,201,3,1,H,16,33,-5,113,-2,3,86,-2,-1
1172,11/16/2002,Clemson,12,25,81,26,12,130,1,0,Maryland,30,58,278,25,14,160,3,0,H,-7,-18,-33,-197,1,-2,-30,-2,0
1173,11/16/2002,Colorado,41,51,331,29,17,187,0,2,Iowa State,27,38,207,35,24,265,1,3,H,10,14,13,124,-6,-7,-78,-1,-1
1174,11/16/2002,Colorado State,49,60,277,19,12,256,1,1,San Diego State,21,19,30,48,28,348,0,0,V,13.5,28,41,247,-29,-16,-92,1,1
1175,11/16/2002,Connecticut,38,49,237,35,29,272,1,2,Navy,0,29,35,11,3,47,1,3,V,6.5,38,20,202,24,26,225,0,-1
1176,11/16/2002,Duke,2,36,138,34,13,146,2,1,Georgia Tech,17,42,127,30,18,200,1,0,V,-16.5,-15,-6,11,4,-5,-54,1,1
1177,11/16/2002,East Carolina,29,34,157,39,19,187,2,0,Alabama-Birmingham,36,36,133,35,21,454,0,1,V,4,-7,-2,24,4,-2,-267,2,-1
1178,11/16/2002,Eastern Michigan,21,36,21,43,27,272,3,2,Northern Illinois,49,28,227,14,8,221,0,1,H,-22.5,-28,8,-206,29,19,51,3,1
1179,11/16/2002,Florida,28,32,155,37,25,249,0,1,South Carolina,7,47,197,17,8,74,0,0,H,14,21,-15,-42,20,17,175,0,1
1180,11/16/2002,Florida State,40,38,141,32,16,289,0,0,North Carolina,14,30,129,50,19,230,1,2,H,30.5,26,8,12,-18,-3,59,-1,-2
1181,11/16/2002,Fresno State,38,42,153,28,15,179,1,0,Nevada-Reno,30,28,98,47,26,363,2,0,H,8,8,14,55,-19,-11,-184,-1,0
1182,11/16/2002,Georgia,24,33,104,38,19,231,1,1,Auburn,21,46,199,23,12,133,2,1,V,1.5,3,-13,-95,15,7,98,-1,0
1183,11/16/2002,Georgia Tech,17,42,127,30,18,200,1,0,Duke,2,36,138,34,13,146,2,1,H,16.5,15,6,-11,-4,5,54,-1,-1
1184,11/16/2002,Hawaii,33,28,160,64,35,369,1,1,Rice,28,51,227,18,7,183,1,1,V,7,5,-23,-67,46,28,186,0,0
1185,11/16/2002,Houston,14,47,92,28,13,201,3,1,Cincinnati,47,42,205,26,16,287,1,0,V,-16,-33,5,-113,2,-3,-86,2,1
1186,11/16/2002,Idaho,29,26,80,41,19,215,5,1,Arkansas State,38,54,294,23,11,173,1,0,H,5.5,-9,-28,-214,18,8,42,4,1
1187,11/16/2002,Illinois,16,34,53,46,27,305,0,1,Ohio State,23,45,145,21,10,176,0,0,H,-8.5,-7,-11,-92,25,17,129,0,1
1188,11/16/2002,Indiana,25,35,95,39,22,180,3,1,Penn State,58,44,352,18,10,137,3,0,H,-26,-33,-9,-257,21,12,43,0,1
1189,11/16/2002,Iowa,45,56,365,17,9,100,0,0,Minnesota,21,32,80,30,18,205,2,4,V,12.5,24,24,285,-13,-9,-105,-2,-4
1190,11/16/2002,Iowa State,27,38,207,35,24,265,1,3,Colorado,41,51,331,29,17,187,0,2,V,-10,-14,-13,-124,6,7,78,1,1
1191,11/16/2002,Kansas,20,56,182,37,18,245,0,1,Oklahoma State,55,28,152,31,19,397,0,1,H,-23.5,-35,28,30,6,-1,-152,0,0
1192,11/16/2002,Kansas State,49,57,415,8,4,92,0,3,Nebraska,13,40,97,25,9,134,0,0,H,12.5,36,17,318,-17,-5,-42,0,3
1193,11/16/2002,Kent State,6,33,83,21,10,58,0,3,U-C-F,32,47,246,45,24,281,2,1,V,-25,-26,-14,-163,-24,-14,-223,-2,2
1194,11/16/2002,Kentucky,41,40,228,23,14,128,2,0,Vanderbilt,21,40,102,26,11,176,0,2,H,15,20,0,126,-3,3,-48,2,-2
1195,11/16/2002,Louisiana Tech,10,22,84,56,32,355,1,1,Boise State,36,35,151,33,19,392,1,0,V,-29,-26,-13,-67,23,13,-37,0,1
1196,11/16/2002,Maryland,30,59,285,24,13,153,3,0,Clemson,12,25,81,26,12,130,1,0,V,7,18,34,204,-2,1,23,2,0
1197,11/16/2002,Michigan,21,36,216,28,19,136,2,1,Wisconsin,14,43,195,20,7,60,0,1,H,10.5,7,-7,21,8,12,76,2,0
1198,11/16/2002,Michigan State,42,22,67,32,18,253,2,1,Purdue,45,66,307,26,14,248,4,1,H,-4.5,-3,-44,-240,6,4,5,-2,0
1199,11/16/2002,Mid Tennessee St,44,47,196,23,17,245,0,1,UL-Monroe,28,34,170,42,17,151,1,1,H,18,16,13,26,-19,0,94,-1,0
1200,11/16/2002,Minnesota,21,32,80,30,18,205,2,4,Iowa,45,56,365,17,9,100,0,0,H,-12.5,-24,-24,-285,13,9,105,2,4
1201,11/16/2002,Mississippi State,17,30,121,35,15,160,0,3,Tennessee,35,64,232,8,3,90,0,3,H,-7,-18,-34,-111,27,12,70,0,0
1202,11/16/2002,Missouri,33,63,259,25,13,171,0,2,Texas A & M,27,31,36,41,26,350,2,1,V,-9.5,6,32,223,-16,-13,-179,-2,1
1203,11/16/2002,Navy,0,29,35,11,3,47,1,3,Connecticut,38,49,237,35,29,272,1,2,H,-6.5,-38,-20,-202,-24,-26,-225,0,1
1204,11/16/2002,Nebraska,13,40,97,25,9,134,0,0,Kansas State,49,57,415,8,4,92,0,3,V,-12.5,-36,-17,-318,17,5,42,0,-3
1205,11/16/2002,Nevada-Las Vegas,32,47,303,22,10,166,1,2,Air Force,39,64,366,8,4,102,2,0,H,-5,-7,-17,-63,14,6,64,-1,2
1206,11/16/2002,Nevada-Reno,30,28,98,47,26,363,2,0,Fresno State,38,42,153,28,15,179,1,0,V,-8,-8,-14,-55,19,11,184,1,0
1207,11/16/2002,New Mexico,20,49,145,22,11,155,2,1,Brigham Young,16,30,94,32,11,94,2,0,V,-4,4,19,51,-10,0,61,0,1
1208,11/16/2002,New Mexico State,27,42,105,27,19,335,2,2,North Texas,38,51,263,10,6,57,0,1,V,-7,-11,-9,-158,17,13,278,2,1
1209,11/16/2002,No Carolina State,9,31,96,47,28,236,1,2,Virginia,14,42,197,26,14,149,0,2,V,7,-5,-11,-101,21,14,87,1,0
1210,11/16/2002,North Carolina,14,29,122,51,20,237,1,2,Florida State,40,38,141,32,16,289,0,0,V,-30.5,-26,-9,-19,19,4,-52,1,2
1211,11/16/2002,North Texas,38,51,263,10,6,57,0,1,New Mexico State,27,42,105,27,19,335,2,2,H,7,11,9,158,-17,-13,-278,-2,-1
1212,11/16/2002,Northern Illinois,49,28,227,14,8,221,0,1,Eastern Michigan,21,36,21,43,27,272,3,2,V,22.5,28,-8,206,-29,-19,-51,-3,-1
1213,11/16/2002,Ohio State,23,45,145,21,10,176,0,0,Illinois,16,34,53,46,27,305,0,1,V,8.5,7,11,92,-25,-17,-129,0,-1
1214,11/16/2002,Oklahoma,49,36,222,24,12,179,0,0,Baylor,9,46,137,38,21,241,2,0,V,39,40,-10,85,-14,-9,-62,-2,0
1215,11/16/2002,Oklahoma State,55,28,152,31,19,397,0,1,Kansas,20,56,182,37,18,245,0,1,V,23.5,35,-28,-30,-6,1,152,0,0
1216,11/16/2002,Oregon,14,25,130,33,10,170,2,1,Washington,42,49,163,37,26,316,2,0,H,6.5,-28,-24,-33,-4,-16,-146,0,1
1217,11/16/2002,Oregon State,31,45,228,41,17,290,1,0,Stanford,21,32,98,35,13,177,2,0,V,12.5,10,13,130,6,4,113,-1,0
1218,11/16/2002,Penn State,58,44,352,18,10,137,3,0,Indiana,25,35,95,39,22,180,3,1,V,26,33,9,257,-21,-12,-43,0,-1
1219,11/16/2002,Purdue,45,66,307,26,14,248,4,1,Michigan State,42,22,67,32,18,253,2,1,V,4.5,3,44,240,-6,-4,-5,2,0
1220,11/16/2002,Rice,28,51,227,18,7,183,1,1,Hawaii,33,28,160,64,35,369,1,1,H,-7,-5,23,67,-46,-28,-186,0,0
1221,11/16/2002,Rutgers,17,29,-13,28,14,155,1,3,Temple,20,60,271,28,12,129,1,4,H,-7.5,-3,-31,-284,0,2,26,0,-1
1222,11/16/2002,San Diego State,21,19,30,48,28,348,0,0,Colorado State,49,60,277,19,12,256,1,1,H,-13.5,-28,-41,-247,29,16,92,-1,-1
1223,11/16/2002,San Jose State,49,34,186,37,21,260,0,0,Tulsa,38,43,245,46,27,322,3,2,V,8,11,-9,-59,-9,-6,-62,-3,-2
1224,11/16/2002,South Carolina,7,47,197,17,8,74,0,0,Florida,28,32,155,37,25,249,0,1,V,-14,-21,15,42,-20,-17,-175,0,-1
1225,11/16/2002,South Florida,29,44,163,40,21,220,0,0,Bowling Green,7,29,92,32,14,134,1,1,H,3.5,22,15,71,8,7,86,-1,-1
1226,11/16/2002,Southern Cal,34,38,201,35,21,233,0,0,Arizona State,13,21,27,49,24,297,2,1,H,15,21,17,174,-14,-3,-64,-2,-1
1227,11/16/2002,Southern Methodist,42,41,110,27,16,238,1,1,Texas-El Paso,35,35,45,36,19,352,0,2,V,5.5,7,6,65,-9,-3,-114,1,-1
1228,11/16/2002,Stanford,21,32,98,35,13,177,2,0,Oregon State,31,45,228,41,17,290,1,0,H,-12.5,-10,-13,-130,-6,-4,-113,1,0
1229,11/16/2002,Syracuse,20,48,245,34,14,131,1,1,Boston College,41,33,227,34,22,284,1,0,V,-7,-21,15,18,0,-8,-153,0,1
1230,11/16/2002,Temple,20,60,271,28,12,129,1,4,Rutgers,17,29,-13,28,14,155,1,3,V,7.5,3,31,284,0,-2,-26,0,1
1231,11/16/2002,Tennessee,35,64,232,8,3,90,0,3,Mississippi State,17,30,121,35,15,160,0,3,V,7,18,34,111,-27,-12,-70,0,0
1232,11/16/2002,Texas,38,31,92,37,24,345,1,0,Texas Tech,42,25,98,62,39,508,0,1,V,7,-4,6,-6,-25,-15,-163,1,-1
1233,11/16/2002,Texas A & M,27,31,36,41,26,350,2,1,Missouri,33,63,259,25,13,171,0,2,H,9.5,-6,-32,-223,16,13,179,2,-1
1234,11/16/2002,Texas Tech,42,25,98,62,39,508,0,1,Texas,38,31,92,37,24,345,1,0,H,-7,4,-6,6,25,15,163,-1,1
1235,11/16/2002,Texas-El Paso,35,35,45,36,19,352,0,2,Southern Methodist,42,41,110,27,16,238,1,1,H,-5.5,-7,-6,-65,9,3,114,-1,1
1236,11/16/2002,Toledo,42,47,259,35,25,207,0,1,Western Michigan,21,23,84,31,15,143,2,2,V,5.5,21,24,175,4,10,64,-2,-1
1237,11/16/2002,Troy State,16,41,93,24,8,99,0,2,Utah State,19,41,111,43,21,278,2,4,H,7.5,-3,0,-18,-19,-13,-179,-2,-2
1238,11/16/2002,Tulane,10,28,26,41,24,172,2,0,Army,14,53,187,23,12,118,1,4,H,21,-4,-25,-161,18,12,54,1,-4
1239,11/16/2002,Tulsa,38,43,245,46,27,322,3,2,San Jose State,49,35,179,37,21,267,0,0,H,-8,-11,8,66,9,6,55,3,2
1240,11/16/2002,U-C-F,32,47,246,45,24,281,2,1,Kent State,6,33,83,21,10,58,0,3,H,25,26,14,163,24,14,223,2,-2
1241,11/16/2002,UL-Lafayette,17,30,61,38,19,168,3,1,Arkansas,24,45,263,15,11,141,0,3,V,-33.5,-7,-15,-202,23,8,27,3,-2
1242,11/16/2002,UL-Monroe,28,34,170,42,17,151,1,1,Mid Tennessee St,44,47,196,23,17,245,0,1,V,-18,-16,-13,-26,19,0,-94,1,0
1243,11/16/2002,Utah,23,41,186,35,19,216,2,1,Wyoming,18,30,86,48,25,361,2,1,V,11.5,5,11,100,-13,-6,-145,0,0
1244,11/16/2002,Utah State,19,41,111,43,21,278,2,4,Troy State,16,41,93,24,8,99,0,2,V,-7.5,3,0,18,19,13,179,2,2
1245,11/16/2002,Vanderbilt,21,40,102,26,11,176,0,2,Kentucky,41,40,228,23,14,128,2,0,V,-15,-20,0,-126,3,-3,48,-2,2
1246,11/16/2002,Virginia,14,42,197,26,14,149,0,2,No Carolina State,9,31,96,47,28,236,1,2,H,-7,5,11,101,-21,-14,-87,-1,0
1247,11/16/2002,Washington,42,49,163,37,26,316,2,0,Oregon,14,25,130,33,10,170,2,1,V,-6.5,28,24,33,4,16,146,0,-1
1248,11/16/2002,Western Michigan,21,23,84,31,15,143,2,2,Toledo,42,47,259,35,25,207,0,1,H,-5.5,-21,-24,-175,-4,-10,-64,2,1
1249,11/16/2002,Wisconsin,14,43,195,20,7,60,0,1,Michigan,21,36,216,28,19,136,2,1,V,-10.5,-7,7,-21,-8,-12,-76,-2,0
1250,11/16/2002,Wyoming,18,30,86,48,25,361,2,1,Utah,23,41,186,35,19,216,2,1,H,-11.5,-5,-11,-100,13,6,145,0,0
1251,11/20/2002,Virginia Tech,18,44,243,31,18,168,1,1,West Virginia,21,46,263,20,13,124,1,0,H,7.5,-3,-2,-20,11,5,44,0,1
1252,11/20/2002,West Virginia,21,46,263,20,13,124,1,0,Virginia Tech,18,44,243,31,18,168,1,1,V,-7.5,3,2,20,-11,-5,-44,0,-1
1253,11/21/2002,Miami-Florida,28,23,152,26,14,163,1,0,Pittsburgh,21,50,193,38,17,150,0,1,H,18,7,-27,-41,-12,-3,13,1,-1
1254,11/21/2002,Pittsburgh,21,50,193,38,17,150,0,1,Miami-Florida,28,23,152,26,14,163,1,0,V,-18,-7,27,41,12,3,-13,-1,1
1255,11/23/2002,Air Force,34,75,413,14,6,125,0,2,San Diego State,38,26,109,42,29,289,1,0,H,16,-4,49,304,-28,-23,-164,-1,2
1256,11/23/2002,Akron,48,52,227,21,15,176,0,0,Kent State,10,34,70,23,15,132,1,3,V,8,38,18,157,-2,0,44,-1,-3
1257,11/23/2002,Alabama,7,34,111,37,18,209,1,0,Auburn,17,38,129,18,10,169,1,0,H,11,-10,-4,-18,19,8,40,0,0
1258,11/23/2002,Alabama-Birmingham,21,39,154,36,17,223,2,1,Louisville,41,45,205,33,21,207,3,1,V,-20,-20,-6,-51,3,-4,16,-1,0
1259,11/23/2002,Arkansas,26,53,237,14,8,89,0,0,Mississippi State,19,31,125,49,25,289,2,0,V,12,7,22,112,-35,-17,-200,-2,0
1260,11/23/2002,Army,10,25,44,28,11,123,2,0,Memphis,31,48,218,36,22,216,0,2,V,-14.5,-21,-23,-174,-8,-11,-93,2,-2
1261,11/23/2002,Auburn,17,38,129,18,10,169,1,0,Alabama,7,34,111,37,18,209,1,0,V,-11,10,4,18,-19,-8,-40,0,0
1262,11/23/2002,Ball State,41,54,289,24,12,134,1,0,Buffalo,21,31,152,36,18,210,0,0,H,16,20,23,137,-12,-6,-76,1,0
1263,11/23/2002,Baylor,20,50,107,38,20,293,0,0,Oklahoma State,63,35,186,22,13,290,0,2,V,-27.5,-43,15,-79,16,7,3,0,-2
1264,11/23/2002,Boise State,44,53,285,25,15,214,0,0,Nevada-Reno,7,24,38,32,15,125,1,1,V,18.5,37,29,247,-7,0,89,-1,-1
1265,11/23/2002,Boston College,36,45,148,28,13,203,1,0,Temple,14,31,56,35,15,166,3,1,V,7.5,22,14,92,-7,-2,37,-2,-1
1266,11/23/2002,Bowling Green,63,52,351,36,24,284,0,1,Eastern Michigan,21,27,76,38,18,233,2,3,H,34.5,42,25,275,-2,6,51,-2,-2
1267,11/23/2002,Brigham Young,6,23,-2,34,20,237,1,2,Utah,13,53,175,26,18,164,1,0,V,-8,-7,-30,-177,8,2,73,0,2
1268,11/23/2002,Buffalo,21,31,152,36,18,210,0,0,Ball State,41,54,289,24,12,134,1,0,V,-16,-20,-23,-137,12,6,76,-1,0
1269,11/23/2002,California,30,38,219,31,16,188,1,0,Stanford,7,32,94,33,18,167,2,1,H,9.5,23,6,125,-2,-2,21,-1,-1
1270,11/23/2002,Central Michigan,10,33,82,28,8,77,1,0,Western Michigan,35,54,162,31,20,221,3,1,H,-1.5,-25,-21,-80,-3,-12,-144,-2,-1
1271,11/23/2002,Cincinnati,19,38,136,41,19,231,1,0,Hawaii,20,22,56,52,28,275,2,1,V,-3.5,-1,16,80,-11,-9,-44,-1,-1
1272,11/23/2002,Clemson,27,40,145,39,27,287,0,1,South Carolina,20,34,150,17,9,180,1,0,H,3.5,7,6,-5,22,18,107,-1,1
1273,11/23/2002,Colorado State,22,33,129,17,10,123,0,1,New Mexico,14,41,186,30,19,121,0,2,H,16.5,8,-8,-57,-13,-9,2,0,-1
1274,11/23/2002,Connecticut,37,39,202,38,20,233,1,0,Iowa State,20,35,152,44,19,216,4,0,V,-18.5,17,4,50,-6,1,17,-3,0
1275,11/23/2002,Duke,21,44,140,18,12,177,0,0,North Carolina,23,37,135,35,21,262,1,1,H,1,-2,7,5,-17,-9,-85,-1,-1
1276,11/23/2002,East Carolina,31,32,75,36,11,161,4,1,Texas Christian,28,54,268,35,16,177,4,3,H,-10,3,-22,-193,1,-5,-16,0,-2
1277,11/23/2002,Eastern Michigan,21,27,86,38,18,233,2,3,Bowling Green,63,52,351,36,24,284,0,1,V,-34.5,-42,-25,-265,2,-6,-51,2,2
1278,11/23/2002,Florida State,7,21,34,27,13,143,1,0,No Carolina State,17,46,191,29,18,171,0,1,V,6,-10,-25,-157,-2,-5,-28,1,-1
1279,11/23/2002,Fresno State,19,38,128,33,16,175,0,1,San Jose State,16,42,92,33,18,154,1,0,V,6.5,3,-4,36,0,-2,21,-1,1
1280,11/23/2002,Hawaii,20,22,56,52,28,275,2,1,Cincinnati,19,38,136,41,19,231,1,0,H,3.5,1,-16,-80,11,9,44,1,1
1281,11/23/2002,Houston,14,35,53,49,25,358,7,0,South Florida,32,34,80,36,23,305,0,0,H,-13,-18,1,-27,13,2,53,7,0
1282,11/23/2002,Idaho,31,30,171,46,26,277,2,1,New Mexico State,35,41,158,30,19,343,1,1,H,-5.5,-4,-11,13,16,7,-66,1,0
1283,11/23/2002,Illinois,31,50,209,34,21,282,1,0,Northwestern,23,39,170,49,31,368,3,2,V,14,8,11,39,-15,-10,-86,-2,-2
1284,11/23/2002,Indiana,10,20,29,31,15,194,1,0,Purdue,34,54,296,34,24,243,0,0,V,-22,-24,-34,-267,-3,-9,-49,1,0
1285,11/23/2002,Iowa State,20,35,152,44,19,216,4,0,Connecticut,37,39,202,38,20,233,1,0,H,18.5,-17,-4,-50,6,-1,-17,3,0
1286,11/23/2002,Kansas State,38,59,263,20,12,290,1,1,Missouri,0,32,65,24,7,126,1,0,V,17,38,27,198,-4,5,164,0,1
1287,11/23/2002,Kent State,10,34,70,23,15,132,1,3,Akron,48,52,227,21,15,176,0,0,H,-8,-38,-18,-157,2,0,-44,1,3
1288,11/23/2002,Louisiana State,14,46,134,27,15,188,1,3,Mississippi,13,28,61,38,19,218,2,1,H,9.5,1,18,73,-11,-4,-30,-1,2
1289,11/23/2002,Louisiana Tech,38,23,184,43,29,421,3,0,Texas-El Paso,24,48,149,40,24,248,0,1,H,25,14,-25,35,3,5,173,3,-1
1290,11/23/2002,Louisville,41,45,205,33,21,207,3,1,Alabama-Birmingham,21,39,154,36,17,223,2,1,H,20,20,6,51,-3,4,-16,1,0
1291,11/23/2002,Marshall,24,42,175,34,21,259,1,0,Ohio,21,44,201,19,8,124,0,0,V,11.5,3,-2,-26,15,13,135,1,0
1292,11/23/2002,Maryland,13,32,138,25,13,196,2,1,Virginia,48,40,152,28,24,286,0,0,V,10,-35,-8,-14,-3,-11,-90,2,1
1293,11/23/2002,Memphis,31,48,218,36,22,216,0,2,Army,10,25,44,28,11,123,2,0,H,14.5,21,23,174,8,11,93,-2,2
1294,11/23/2002,Miami-Ohio,31,35,107,51,27,328,2,1,U-C-F,48,32,146,30,20,374,1,0,H,4.5,-17,3,-39,21,7,-46,1,1
1295,11/23/2002,Michigan,9,41,121,48,23,247,1,1,Ohio State,14,34,140,14,10,124,0,0,V,-3.5,-5,7,-19,34,13,123,1,1
1296,11/23/2002,Michigan State,7,46,186,32,19,202,1,1,Penn State,61,50,390,13,8,146,0,0,V,-21.5,-54,-4,-204,19,11,56,1,1
1297,11/23/2002,Mid Tennessee St,20,47,203,24,12,84,1,2,North Texas,30,44,175,21,14,206,1,2,H,-1,-10,3,28,3,-2,-122,0,0
1298,11/23/2002,Minnesota,31,36,130,33,15,282,2,0,Wisconsin,39,68,416,12,6,134,0,1,V,-7,-8,-32,-286,21,9,148,2,-1
1299,11/23/2002,Mississippi,13,28,61,38,19,218,2,1,Louisiana State,14,46,134,27,15,188,1,3,V,-9.5,-1,-18,-73,11,4,30,1,-2
1300,11/23/2002,Mississippi State,19,31,125,49,25,289,2,0,Arkansas,26,53,237,14,8,89,0,0,H,-12,-7,-22,-112,35,17,200,2,0
1301,11/23/2002,Missouri,0,32,65,24,7,126,1,0,Kansas State,38,60,263,20,12,290,1,1,H,-17,-38,-28,-198,4,-5,-164,0,-1
1302,11/23/2002,Navy,27,63,317,11,7,127,2,2,Wake Forest,30,50,200,19,12,210,0,1,V,-26.5,-3,13,117,-8,-5,-83,2,1
1303,11/23/2002,Nevada-Reno,7,24,38,32,15,125,1,1,Boise State,44,53,285,25,15,214,0,0,H,-18.5,-37,-29,-247,7,0,-89,1,1
1304,11/23/2002,New Mexico,14,41,186,30,19,121,0,2,Colorado State,22,33,129,17,10,123,0,1,V,-16.5,-8,8,57,13,9,-2,0,1
1305,11/23/2002,New Mexico State,35,41,158,30,19,343,1,1,Idaho,31,30,171,46,26,277,2,1,V,5.5,4,11,-13,-16,-7,66,-1,0
1306,11/23/2002,No Carolina State,17,46,191,29,18,171,0,1,Florida State,7,21,34,27,13,143,1,0,H,-6,10,25,157,2,5,28,-1,1
1307,11/23/2002,North Carolina,23,37,135,35,21,262,1,1,Duke,21,44,140,18,12,177,0,0,V,-1,2,-7,-5,17,9,85,1,1
1308,11/23/2002,North Texas,30,44,175,21,14,206,1,2,Mid Tennessee St,20,47,203,24,12,84,1,2,V,1,10,-3,-28,-3,2,122,0,0
1309,11/23/2002,Northern Illinois,30,51,258,30,15,142,0,0,Toledo,33,34,208,26,20,355,2,0,H,1,-3,17,50,4,-5,-213,-2,0
1310,11/23/2002,Northwestern,23,39,170,49,31,368,3,2,Illinois,31,50,209,34,21,282,1,0,H,-14,-8,-11,-39,15,10,86,2,2
1311,11/23/2002,Notre Dame,42,41,190,28,14,288,0,2,Rutgers,0,27,18,49,20,158,2,1,H,28,42,14,172,-21,-6,130,-2,1
1312,11/23/2002,Ohio,21,44,201,19,8,124,0,0,Marshall,24,42,175,34,21,259,1,0,H,-11.5,-3,2,26,-15,-13,-135,-1,0
1313,11/23/2002,Ohio State,14,34,140,14,10,124,0,0,Michigan,9,41,121,48,23,247,1,1,H,3.5,5,-7,19,-34,-13,-123,-1,-1
1314,11/23/2002,Oklahoma,60,61,329,28,17,149,2,0,Texas Tech,15,19,12,39,17,224,2,1,H,13.5,45,42,317,-11,0,-75,0,-1
1315,11/23/2002,Oklahoma State,63,36,186,22,13,290,0,2,Baylor,20,50,107,38,20,293,0,0,H,27.5,43,-14,79,-16,-7,-3,0,2
1316,11/23/2002,Oregon,24,28,140,33,14,182,3,1,Oregon State,45,46,158,38,21,370,0,0,V,-5.5,-21,-18,-18,-5,-7,-188,3,1
1317,11/23/2002,Oregon State,45,46,158,38,21,370,0,0,Oregon,24,28,140,33,14,182,3,1,H,5.5,21,18,18,5,7,188,-3,-1
1318,11/23/2002,Penn State,61,50,390,13,8,146,0,0,Michigan State,7,46,186,32,19,202,1,1,H,21.5,54,4,204,-19,-11,-56,-1,-1
1319,11/23/2002,Purdue,34,54,296,34,24,243,0,0,Indiana,10,20,29,31,15,194,1,0,H,22,24,34,267,3,9,49,-1,0
1320,11/23/2002,Rutgers,0,27,18,49,20,158,2,1,Notre Dame,42,41,190,28,14,288,0,2,V,-28,-42,-14,-172,21,6,-130,2,-1
1321,11/23/2002,San Diego State,38,26,109,42,29,289,1,0,Air Force,34,75,413,14,6,125,0,2,V,-16,4,-49,-304,28,23,164,1,-2
1322,11/23/2002,San Jose State,16,42,92,33,18,154,1,0,Fresno State,19,38,128,33,16,175,0,1,H,-6.5,-3,4,-36,0,2,-21,1,-1
1323,11/23/2002,South Carolina,20,34,150,17,9,180,1,0,Clemson,27,40,145,39,27,287,0,1,V,-3.5,-7,-6,5,-22,-18,-107,1,-1
1324,11/23/2002,South Florida,32,34,80,36,23,305,0,0,Houston,14,35,53,49,25,358,7,0,V,13,18,-1,27,-13,-2,-53,-7,0
1325,11/23/2002,Southern Cal,52,41,197,34,21,271,0,0,U.C.L.A.,21,33,40,33,19,250,1,4,V,5.5,31,8,157,1,2,21,-1,-4
1326,11/23/2002,Southern Methodist,24,51,339,20,10,88,0,0,Tulsa,21,36,189,26,13,161,0,0,H,7.5,3,15,150,-6,-3,-73,0,0
1327,11/23/2002,Southern Miss,10,32,117,38,22,211,2,2,Tulane,31,52,226,20,11,165,0,0,V,6,-21,-20,-109,18,11,46,2,2
1328,11/23/2002,Stanford,7,32,94,33,18,167,2,1,California,30,38,219,31,16,188,1,0,V,-9.5,-23,-6,-125,2,2,-21,1,1
1329,11/23/2002,Temple,14,31,56,35,15,166,3,1,Boston College,36,45,148,28,13,203,1,0,H,-7.5,-22,-14,-92,7,2,-37,2,1
1330,11/23/2002,Tennessee,24,50,242,23,13,129,0,0,Vanderbilt,0,33,117,18,7,79,1,1,V,17.5,24,17,125,5,6,50,-1,-1
1331,11/23/2002,Texas Christian,28,54,268,35,16,177,4,3,East Carolina,31,32,75,36,11,161,4,1,V,10,-3,22,193,-1,5,16,0,2
1332,11/23/2002,Texas Tech,15,19,12,39,17,224,2,1,Oklahoma,60,61,329,28,17,149,2,0,V,-13.5,-45,-42,-317,11,0,75,0,1
1333,11/23/2002,Texas-El Paso,24,48,149,40,24,248,0,1,Louisiana Tech,38,23,184,43,29,421,3,0,V,-25,-14,25,-35,-3,-5,-173,-3,1
1334,11/23/2002,Toledo,33,34,208,26,20,355,2,0,Northern Illinois,30,51,258,30,15,142,0,0,V,-1,3,-17,-50,-4,5,213,2,0
1335,11/23/2002,Tulane,31,52,226,20,11,165,0,0,Southern Miss,10,32,117,38,22,211,2,2,H,-6,21,20,109,-18,-11,-46,-2,-2
1336,11/23/2002,Tulsa,21,36,189,26,13,161,0,0,Southern Methodist,24,51,339,20,10,88,0,0,V,-7.5,-3,-15,-150,6,3,73,0,0
1337,11/23/2002,U-C-F,48,32,146,30,20,374,1,0,Miami-Ohio,31,35,107,51,27,328,2,1,V,-4.5,17,-3,39,-21,-7,46,-1,-1
1338,11/23/2002,U.C.L.A.,21,33,40,33,19,250,1,4,Southern Cal,52,41,197,34,21,271,0,0,H,-5.5,-31,-8,-157,-1,-2,-21,1,4
1339,11/23/2002,UL-Lafayette,10,21,1,45,21,254,2,1,UL-Monroe,34,47,161,29,14,189,0,0,V,5,-24,-26,-160,16,7,65,2,1
1340,11/23/2002,UL-Monroe,34,47,161,29,14,189,0,0,UL-Lafayette,10,21,1,45,21,254,2,1,H,-5,24,26,160,-16,-7,-65,-2,-1
1341,11/23/2002,Utah,13,53,175,26,18,164,1,0,Brigham Young,6,23,-2,34,20,237,1,2,H,8,7,30,177,-8,-2,-73,0,-2
1342,11/23/2002,Vanderbilt,0,33,117,18,7,79,1,1,Tennessee,24,50,242,23,13,129,0,0,H,-17.5,-24,-17,-125,-5,-6,-50,1,1
1343,11/23/2002,Virginia,48,40,152,28,24,286,0,0,Maryland,13,32,138,25,13,196,2,1,H,-10,35,8,14,3,11,90,-2,-1
1344,11/23/2002,Wake Forest,30,50,200,19,12,210,0,1,Navy,27,63,317,11,7,127,2,2,H,26.5,3,-13,-117,8,5,83,-2,-1
1345,11/23/2002,Washington,29,37,19,58,35,368,0,1,Washington State,26,39,104,32,19,246,2,3,V,-8.5,3,-2,-85,26,16,122,-2,-2
1346,11/23/2002,Washington State,26,39,104,32,19,246,2,3,Washington,29,37,19,58,35,368,0,1,H,8.5,-3,2,85,-26,-16,-122,2,2
1347,11/23/2002,Western Michigan,35,54,152,31,20,221,3,1,Central Michigan,10,33,82,28,8,77,1,0,V,1.5,25,21,70,3,12,144,2,1
1348,11/23/2002,Wisconsin,39,68,416,12,6,134,0,1,Minnesota,31,36,130,33,15,282,2,0,H,7,8,32,286,-21,-9,-148,-2,1
1349,11/28/2002,Mississippi,24,27,90,29,16,207,2,0,Mississippi State,12,35,79,42,23,340,3,0,H,8,12,-8,11,-13,-7,-133,-1,0
1350,11/28/2002,Mississippi State,12,35,79,42,23,340,3,0,Mississippi,24,27,90,29,16,207,2,0,V,-8,-12,8,-11,13,7,133,1,0
1351,11/29/2002,Arizona,20,25,62,31,17,269,3,2,Arizona State,34,49,166,35,25,295,2,1,H,-6.5,-14,-24,-104,-4,-8,-26,1,1
1352,11/29/2002,Arizona State,34,49,166,35,25,295,2,1,Arizona,20,25,62,31,17,269,3,2,V,6.5,14,24,104,4,8,26,-1,-1
1353,11/29/2002,Arkansas,21,48,245,16,4,127,1,0,Louisiana State,20,43,150,25,14,203,0,1,H,5.5,1,5,95,-9,-10,-76,1,-1
1354,11/29/2002,Colorado,28,53,253,23,12,122,0,1,Nebraska,13,46,215,17,6,119,1,1,V,-1.5,15,7,38,6,6,3,-1,0
1355,11/29/2002,Louisiana State,20,43,150,25,14,203,0,1,Arkansas,21,48,245,16,4,127,1,0,V,-5.5,-1,-5,-95,9,10,76,-1,1
1356,11/29/2002,Nebraska,13,46,215,17,6,119,1,1,Colorado,28,53,253,23,12,122,0,1,H,1.5,-15,-7,-38,-6,-6,-3,1,0
1357,11/29/2002,Texas,50,40,102,24,16,278,0,0,Texas A & M,20,37,142,25,17,195,3,3,H,11,30,3,-40,-1,-1,83,-3,-3
1358,11/29/2002,Texas A & M,20,37,142,25,17,195,3,3,Texas,50,40,102,24,16,278,0,0,V,-11,-30,-3,40,1,1,-83,3,3
1359,11/30/2002,Alabama,21,62,280,17,9,93,0,1,Hawaii,16,8,-12,53,26,372,4,1,V,11.5,5,54,292,-36,-17,-279,-4,0
1360,11/30/2002,Alabama-Birmingham,23,63,239,17,6,49,1,2,Cincinnati,31,34,82,22,14,243,0,2,V,-17,-8,29,157,-5,-8,-194,1,0
1361,11/30/2002,Ball State,14,28,105,25,14,177,3,0,Marshall,38,30,92,54,44,465,2,0,V,-14.5,-24,-2,13,-29,-30,-288,1,0
1362,11/30/2002,Boston College,44,49,313,24,10,163,3,0,Rutgers,14,44,80,31,17,151,2,3,H,27.5,30,5,233,-7,-7,12,1,-3
1363,11/30/2002,Bowling Green,24,30,77,30,15,165,2,1,Toledo,42,59,269,24,17,233,0,2,V,-1.5,-18,-29,-192,6,-2,-68,2,-1
1364,11/30/2002,Cincinnati,31,34,82,22,14,243,0,2,Alabama-Birmingham,23,63,239,17,6,49,1,2,H,17,8,-29,-157,5,8,194,-1,0
1365,11/30/2002,Colorado State,33,44,232,29,17,218,1,2,Nevada-Las Vegas,36,43,390,26,16,185,2,1,H,16.5,-3,1,-158,3,1,33,-1,1
1366,11/30/2002,East Carolina,7,30,91,22,8,63,1,1,Southern Miss,24,55,195,25,14,219,1,1,V,-9,-17,-25,-104,-3,-6,-156,0,0
1367,11/30/2002,Florida,14,27,83,47,24,303,1,0,Florida State,31,43,225,30,13,194,0,0,V,-2.5,-17,-16,-142,17,11,109,1,0
1368,11/30/2002,Florida State,31,43,225,30,13,194,0,0,Florida,14,27,83,47,24,303,1,0,H,2.5,17,16,142,-17,-11,-109,-1,0
1369,11/30/2002,Georgia,51,57,230,25,17,322,0,0,Georgia Tech,7,22,71,36,18,222,2,3,H,7.5,44,35,159,-11,-1,100,-2,-3
1370,11/30/2002,Georgia Tech,7,22,71,36,18,222,2,3,Georgia,51,57,230,25,17,322,0,0,V,-7.5,-44,-35,-159,11,1,-100,2,3
1371,11/30/2002,Hawaii,16,8,-12,53,26,372,4,1,Alabama,21,62,280,17,9,93,0,1,H,-11.5,-5,-54,-292,36,17,279,4,0
1372,11/30/2002,Houston,27,49,151,26,15,261,0,0,Louisville,10,21,115,29,15,184,1,1,H,-15.5,17,28,36,-3,0,77,-1,-1
1373,11/30/2002,Kentucky,0,29,89,30,12,83,0,1,Tennessee,24,42,155,26,13,175,0,0,V,-7,-24,-13,-66,4,-1,-92,0,1
1374,11/30/2002,Louisville,10,21,115,29,15,184,1,1,Houston,27,49,151,26,15,261,0,0,V,15.5,-17,-28,-36,3,0,-77,1,1
1375,11/30/2002,Marshall,38,30,92,54,44,465,2,0,Ball State,14,28,105,25,14,177,3,0,H,14.5,24,2,-13,29,30,288,-1,0
1376,11/30/2002,Maryland,32,52,258,28,17,275,0,2,Wake Forest,14,45,198,21,8,153,2,0,H,13,18,7,60,7,9,122,-2,2
1377,11/30/2002,Memphis,20,28,108,38,13,177,2,1,Texas Christian,27,55,318,19,12,85,1,2,V,-14,-7,-27,-210,19,1,92,1,-1
1378,11/30/2002,Miami-Florida,49,34,173,27,17,392,0,0,Syracuse,7,45,154,30,19,151,1,0,V,20.5,42,-11,19,-3,-2,241,-1,0
1379,11/30/2002,Mid Tennessee St,45,53,316,20,11,176,1,0,Utah State,28,23,11,54,32,442,1,3,H,7,17,30,305,-34,-21,-266,0,-3
1380,11/30/2002,Nevada-Las Vegas,36,43,390,26,16,185,2,1,Colorado State,33,44,232,29,17,218,1,2,V,-16.5,3,-1,158,-3,-1,-33,1,-1
1381,11/30/2002,New Mexico,49,51,292,12,7,164,1,0,Wyoming,20,37,99,28,17,270,3,0,H,7.5,29,14,193,-16,-10,-106,-2,0
1382,11/30/2002,Notre Dame,13,22,39,29,10,70,3,0,Southern Cal,44,39,181,45,32,425,2,1,V,-11,-31,-17,-142,-16,-22,-355,1,-1
1383,11/30/2002,Ohio,32,50,190,19,13,210,0,2,U-C-F,42,34,136,28,17,325,1,1,V,-17,-10,16,54,-9,-4,-115,-1,1
1384,11/30/2002,Oklahoma,28,31,122,38,25,211,0,0,Oklahoma State,38,38,149,27,18,357,0,0,V,15,-10,-7,-27,11,7,-146,0,0
1385,11/30/2002,Oklahoma State,38,38,149,27,18,357,0,0,Oklahoma,28,31,122,38,25,211,0,0,H,-15,10,7,27,-11,-7,146,0,0
1386,11/30/2002,Pittsburgh,17,45,195,30,17,252,2,2,West Virginia,24,53,231,10,6,148,0,0,H,3,-7,-8,-36,20,11,104,2,2
1387,11/30/2002,Rutgers,14,45,76,30,17,151,2,3,Boston College,44,49,313,24,10,163,3,0,V,-27.5,-30,-4,-237,6,7,-12,-1,3
1388,11/30/2002,Southern Cal,44,38,185,46,32,425,2,1,Notre Dame,13,22,39,29,10,70,3,0,H,11,31,16,146,17,22,355,-1,1
1389,11/30/2002,Southern Miss,24,55,195,25,14,219,1,1,East Carolina,7,30,91,22,8,63,1,1,H,9,17,25,104,3,6,156,0,0
1390,11/30/2002,Syracuse,7,45,154,30,19,151,1,0,Miami-Florida,49,34,173,27,17,392,0,0,H,-20.5,-42,11,-19,3,2,-241,1,0
1391,11/30/2002,Tennessee,24,42,155,26,13,175,0,0,Kentucky,0,29,89,30,12,83,0,1,H,7,24,13,66,-4,1,92,0,-1
1392,11/30/2002,Texas Christian,27,55,318,19,12,85,1,2,Memphis,20,28,108,38,13,177,2,1,H,14,7,27,210,-19,-1,-92,-1,1
1393,11/30/2002,Toledo,42,59,269,24,17,233,0,2,Bowling Green,24,30,77,30,15,165,2,1,H,1.5,18,29,192,-6,2,68,-2,1
1394,11/30/2002,U-C-F,42,34,136,28,17,325,1,1,Ohio,32,50,190,19,13,210,0,2,H,17,10,-16,-54,9,4,115,1,-1
1395,11/30/2002,Utah State,28,23,11,54,32,442,1,3,Mid Tennessee St,45,53,316,20,11,176,1,0,V,-7,-17,-30,-305,34,21,266,0,3
1396,11/30/2002,Virginia,9,37,152,24,13,51,1,0,Virginia Tech,21,50,272,11,5,85,1,2,V,-7,-12,-13,-120,13,8,-34,0,-2
1397,11/30/2002,Virginia Tech,21,50,272,11,5,85,1,2,Virginia,9,37,152,24,13,51,1,0,H,7,12,13,120,-13,-8,34,0,2
1398,11/30/2002,Wake Forest,14,45,198,21,8,153,2,0,Maryland,32,52,258,28,17,275,0,2,V,-13,-18,-7,-60,-7,-9,-122,2,-2
1399,11/30/2002,West Virginia,24,53,231,10,6,148,0,0,Pittsburgh,17,45,195,30,17,252,2,2,V,-3,7,8,36,-20,-11,-104,-2,-2
1400,11/30/2002,Wyoming,20,37,99,28,17,270,3,0,New Mexico,49,51,292,12,7,164,1,0,V,-7.5,-29,-14,-193,16,10,106,2,0
1401,12/05/2002,Fresno State,45,55,260,27,18,321,0,2,Louisiana Tech,13,26,123,40,19,222,1,2,V,1,32,29,137,-13,-1,99,-1,0
1402,12/05/2002,Louisiana Tech,13,26,123,40,19,222,1,2,Fresno State,45,55,260,27,18,321,0,2,H,-1,-32,-29,-137,13,1,-99,1,0
1403,12/06/2002,Cincinnati,42,35,159,28,15,323,1,0,East Carolina,26,40,161,45,21,297,2,0,V,8,16,-5,-2,-17,-6,26,-1,0
1404,12/06/2002,East Carolina,26,40,161,45,21,297,2,0,Cincinnati,42,35,159,28,15,323,1,0,H,-8,-16,5,2,17,6,-26,1,0
1405,12/07/2002,Arkansas,3,35,65,21,10,74,0,0,Georgia,30,40,124,33,19,257,0,0,N,-9,-27,-5,-59,-12,-9,-183,0,0
1406,12/07/2002,Army,12,30,56,30,17,185,1,1,Navy,58,68,421,5,4,87,0,0,N,-3.5,-46,-38,-365,25,13,98,1,1
1407,12/07/2002,Colorado,7,32,126,15,6,67,0,0,Oklahoma,29,56,287,25,14,114,0,0,N,-7.5,-22,-24,-161,-10,-8,-47,0,0
1408,12/07/2002,Georgia,30,40,124,33,19,257,0,0,Arkansas,3,35,65,21,10,74,0,0,N,9,27,5,59,12,9,183,0,0
1409,12/07/2002,Hawaii,41,29,173,54,33,437,4,1,San Diego State,40,25,125,49,32,507,0,1,H,14,1,4,48,5,1,-70,4,0
1410,12/07/2002,Marshall,49,18,46,42,32,404,1,2,Toledo,45,47,217,37,23,221,1,1,H,2.5,4,-29,-171,5,9,183,0,1
1411,12/07/2002,Miami-Florida,56,47,256,21,12,300,2,0,Virginia Tech,45,45,192,27,16,172,0,3,H,16.5,11,2,64,-6,-4,128,2,-3
1412,12/07/2002,Navy,58,68,421,5,4,87,0,0,Army,12,30,56,30,17,185,1,1,N,3.5,46,38,365,-25,-13,-98,-1,-1
1413,12/07/2002,Oklahoma,29,56,287,25,14,114,0,0,Colorado,7,32,126,15,6,67,0,0,N,7.5,22,24,161,10,8,47,0,0
1414,12/07/2002,San Diego State,40,25,125,49,32,507,0,1,Hawaii,41,29,173,54,33,437,4,1,V,-14,-1,-4,-48,-5,-1,70,-4,0
1415,12/07/2002,Toledo,45,47,217,37,23,221,1,1,Marshall,49,18,46,42,32,404,1,2,V,-2.5,-4,29,171,-5,-9,-183,0,-1
1416,12/07/2002,U.C.L.A.,27,27,53,36,18,254,2,1,Washington State,48,41,220,27,17,321,2,0,H,1,-21,-14,-167,9,1,-67,0,1
1417,12/07/2002,Virginia Tech,45,45,192,27,16,172,0,3,Miami-Florida,56,47,256,21,12,300,2,0,V,-16.5,-11,-2,-64,6,4,-128,-2,3
1418,12/07/2002,Washington State,48,41,220,27,17,321,2,0,U.C.L.A.,27,27,53,36,18,254,2,1,V,-1,21,14,167,-9,-1,67,0,-1
