,Date,TeamName,ScoreOff,RushAttOff,RushYdsOff,PassAttOff,PassCompOff,PassYdsOff,PassIntOff,FumblesOff,Opponent,ScoreDef,RushAttDef,RushYdsDef,PassAttDef,PassCompDef,PassYdsDef,PassIntDef,FumblesDef,Site,Line,ScoreDiff,RushAttDiff,RushYdsDiff,PassAttDiff,PassCompDiff,PassYdsDiff,PassIntDiff,FumblesDiff
0,09/02/2010,Ball State,27,55,243,17,10,85,1,0,S E Missouri St,10,29,125,18,12,112,0,3,H, ,17,26,118,-1,-2,-27,1,-3
1,09/02/2010,Buffalo,31,28,91,42,25,332,1,1,Rhode Island,0,34,62,42,18,145,1,1,H, ,31,-6,29,0,7,187,0,0
2,09/02/2010,Central Michigan,33,42,168,36,22,259,0,0,Hampton,0,34,49,34,12,80,1,1,H, ,33,8,119,2,10,179,-1,-1
3,09/02/2010,Florida Atlantic,32,28,93,24,14,254,1,0,U-A-B,31,47,345,19,9,79,1,0,V,-13,1,-19,-252,5,5,175,0,0
4,09/02/2010,Hawaii,36,29,129,49,27,459,0,0,Southern Cal,49,35,246,27,20,278,0,1,H,-20.5,-13,-6,-117,22,7,181,0,-1
5,09/02/2010,Idaho,45,28,148,46,28,399,1,0,North Dakota,0,33,148,35,19,122,2,3,H, ,45,-5,0,11,9,277,-1,-3
6,09/02/2010,Indiana,51,26,155,30,18,205,0,0,Towson,17,42,227,35,16,165,3,0,H, ,34,-16,-72,-5,2,40,-3,0
7,09/02/2010,Iowa State,27,37,138,36,27,265,2,1,Northern Illinois,10,36,156,29,14,93,3,0,H,4,17,1,-18,7,13,172,-1,1
8,09/02/2010,Kent State,41,39,137,35,24,275,1,1,Murray State,10,22,-65,47,30,258,0,1,H, ,31,17,202,-12,-6,17,1,0
9,09/02/2010,Marshall,7,21,44,35,18,155,1,2,Ohio State,45,41,280,27,18,249,0,0,V,-28,-38,-20,-236,8,0,-94,1,2
10,09/02/2010,Miami-Florida,45,36,155,26,19,250,1,0,Florida A+M,0,39,52,11,5,58,1,0,H, ,45,-3,103,15,14,192,0,0
11,09/02/2010,Middle Tennessee,17,22,146,18,13,172,1,1,Minnesota,24,67,281,17,10,150,0,0,H,-1,-7,-45,-135,1,3,22,1,1
12,09/02/2010,Minnesota,24,67,281,17,10,150,0,0,Middle Tennessee,17,22,146,18,13,172,1,1,V,1,7,45,135,-1,-3,-22,-1,-1
13,09/02/2010,Nevada-Reno,49,44,214,38,27,339,0,1,Eastern Washington,24,28,162,40,21,270,1,1,H, ,25,16,52,-2,6,69,-1,0
14,09/02/2010,Northern Illinois,10,36,156,29,14,93,3,0,Iowa State,27,37,138,36,27,265,2,1,V,-4,-17,-1,18,-7,-13,-172,1,-1
15,09/02/2010,Ohio State,45,41,280,27,18,249,0,0,Marshall,7,21,44,35,18,155,1,2,H,28,38,20,236,-8,0,94,-1,-2
16,09/02/2010,Pittsburgh,24,36,82,28,16,184,1,1,Utah,27,27,122,36,21,283,1,2,V,-3.5,-3,9,-40,-8,-5,-99,0,-1
17,09/02/2010,Rutgers,31,50,268,21,11,154,0,0,Norfolk State,0,24,25,24,11,131,0,1,H, ,31,26,243,-3,0,23,0,-1
18,09/02/2010,South Carolina,41,35,224,30,20,225,1,0,Southern Miss,13,27,67,57,38,337,1,1,H,13,28,8,157,-27,-18,-112,0,-1
19,09/02/2010,Southern Cal,49,35,246,27,20,278,0,1,Hawaii,36,29,129,49,27,459,0,0,V,20.5,13,6,117,-22,-7,-181,0,1
20,09/02/2010,Southern Miss,13,27,67,57,38,337,1,1,South Carolina,41,35,224,30,20,225,1,0,V,-13,-28,-8,-157,27,18,112,0,1
21,09/02/2010,Tulane,27,41,123,26,17,129,1,1,S E Louisiana,21,28,64,35,17,202,1,3,H, ,6,13,59,-9,0,-73,0,-2
22,09/02/2010,U-A-B,31,47,345,19,9,79,1,0,Florida Atlantic,32,28,93,24,14,254,1,0,H,13,-1,19,252,-5,-5,-175,0,0
23,09/02/2010,Utah,27,27,122,36,21,283,1,2,Pittsburgh,24,36,82,28,16,184,1,1,H,3.5,3,-9,40,8,5,99,0,1
24,09/02/2010,Wake Forest,53,50,415,24,10,94,0,1,Presbyterian,13,34,70,42,24,292,1,0,H, ,40,16,345,-18,-14,-198,-1,1
25,09/03/2010,Arizona,41,25,105,44,37,413,1,0,Toledo,2,28,80,23,14,103,1,1,V,15,39,-3,25,21,23,310,0,-1
26,09/03/2010,Temple,31,37,122,27,16,200,0,1,Villanova,24,32,139,28,20,172,1,1,H, ,7,5,-17,-1,-4,28,-1,0
27,09/03/2010,Toledo,2,28,80,23,14,103,1,1,Arizona,41,25,105,44,37,413,1,0,H,-15,-39,3,-25,-21,-23,-310,0,1
28,09/04/2010,Air Force,65,61,437,12,7,179,0,1,Northwestern St(LA),21,32,62,37,22,249,1,0,H, ,44,29,375,-25,-15,-70,-1,1
29,09/04/2010,Akron,3,24,55,35,12,111,0,0,Syracuse,29,45,202,27,17,229,1,2,H,-8.5,-26,-21,-147,8,-5,-118,-1,-2
30,09/04/2010,Alabama,48,41,257,30,22,334,0,1,San Jose State,3,29,89,19,8,86,1,0,H,39.5,45,12,168,11,14,248,-1,1
31,09/04/2010,Arizona State,54,35,242,31,20,311,1,0,Portland State,9,29,54,37,18,209,3,0,H, ,45,6,188,-6,2,102,-2,0
32,09/04/2010,Arkansas,44,28,196,30,23,323,2,1,Tennessee Tech,3,43,79,14,7,108,0,0,H, ,41,-15,117,16,16,215,2,1
33,09/04/2010,Arkansas State,26,35,43,49,33,323,0,0,Auburn,52,49,367,16,11,241,0,2,V,-31,-26,-14,-324,33,22,82,0,-2
34,09/04/2010,Army,31,55,309,11,5,65,0,1,Eastern Michigan,27,51,285,9,4,31,1,2,V,9.5,4,4,24,2,1,34,-1,-1
35,09/04/2010,Auburn,52,49,367,16,11,241,0,2,Arkansas State,26,35,43,49,33,323,0,0,H,31,26,14,324,-33,-22,-82,0,2
36,09/04/2010,Baylor,34,25,200,42,21,263,0,1,Sam Houston State,3,39,88,27,13,107,0,1,H, ,31,-14,112,15,8,156,0,0
37,09/04/2010,Boston College,38,33,188,23,12,223,2,1,Weber State,20,39,104,47,29,277,1,2,H, ,18,-6,84,-24,-17,-54,1,-1
38,09/04/2010,Bowling Green,27,25,108,43,22,221,1,1,Troy,30,44,211,40,27,264,2,0,V,-14.5,-3,-19,-103,3,-5,-43,-1,1
39,09/04/2010,Brigham Young,23,33,146,40,24,262,0,0,Washington,17,31,128,39,20,266,0,0,H,-1.5,6,2,18,1,4,-4,0,0
40,09/04/2010,California,52,47,230,28,20,287,0,1,UC-Davis,3,19,14,26,9,67,0,1,H, ,49,28,216,2,11,220,0,0
41,09/04/2010,Cincinnati,14,32,15,41,24,219,0,1,Fresno State,28,30,49,24,18,247,1,0,V,-2.5,-14,2,-34,17,6,-28,-1,1
42,09/04/2010,Clemson,35,25,246,21,10,177,1,0,North Texas,10,49,193,34,22,269,2,0,H,27.5,25,-24,53,-13,-12,-92,-1,0
43,09/04/2010,Colorado,24,35,115,25,17,192,1,0,Colorado State,3,25,49,33,24,196,3,0,N,12,21,10,66,-8,-7,-4,-2,0
44,09/04/2010,Colorado State,3,25,49,33,24,196,3,0,Colorado,24,35,115,25,17,192,1,0,N,-12,-21,-10,-66,8,7,4,2,0
45,09/04/2010,Connecticut,10,30,138,38,18,205,0,1,Michigan,30,61,287,22,19,186,0,0,V,-3,-20,-31,-149,16,-1,19,0,1
46,09/04/2010,Duke,41,45,192,39,31,350,0,0,Elon,27,21,125,42,22,281,2,0,H, ,14,24,67,-3,9,69,-2,0
47,09/04/2010,Eastern Michigan,27,51,285,9,4,31,1,2,Army,31,55,309,11,5,65,0,1,H,-9.5,-4,-4,-24,-2,-1,-34,1,1
48,09/04/2010,Florida,34,31,99,25,17,113,0,3,Miami-Ohio,12,22,4,46,26,208,4,0,H,38.5,22,9,95,-21,-9,-95,-4,3
49,09/04/2010,Florida State,59,26,185,27,22,296,2,0,Samford,6,38,77,39,27,223,1,0,H, ,53,-12,108,-12,-5,73,1,0
50,09/04/2010,Fresno State,28,30,49,24,18,247,1,0,Cincinnati,14,32,15,41,24,219,0,1,H,2.5,14,-2,34,-17,-6,28,1,-1
51,09/04/2010,Georgia,55,37,184,31,19,193,1,0,UL-Lafayette,7,29,14,24,8,114,3,0,H,29.5,48,8,170,7,11,79,-2,0
52,09/04/2010,Georgia Tech,41,56,372,8,2,12,1,1,So Carolina State,10,39,178,25,11,94,0,1,H, ,31,17,194,-17,-9,-82,1,0
53,09/04/2010,Houston,68,22,151,33,25,346,2,0,Texas State,28,57,180,31,15,165,3,1,H, ,40,-35,-29,2,10,181,-1,-1
54,09/04/2010,Illinois,13,41,200,23,9,81,3,1,Missouri,23,29,98,48,34,281,0,1,N,-13.5,-10,12,102,-25,-25,-200,3,0
55,09/04/2010,Iowa,37,39,179,26,21,256,0,2,Eastern Illinois,7,24,65,20,13,92,0,0,H, ,30,15,114,6,8,164,0,2
56,09/04/2010,Kansas,3,32,96,33,19,197,1,2,North Dakota St,6,32,73,22,12,95,1,0,H, ,-3,0,23,11,7,102,0,2
57,09/04/2010,Kansas State,31,54,313,17,12,64,0,2,U.C.L.A.,22,37,193,26,9,120,2,1,H,1,9,17,120,-9,3,-56,-2,1
58,09/04/2010,Kentucky,23,37,230,27,18,236,0,0,Louisville,16,32,190,29,14,127,1,1,V,3,7,5,40,-2,4,109,-1,-1
59,09/04/2010,Louisiana State,30,36,162,21,15,151,1,4,North Carolina,24,33,24,46,28,412,0,3,N,8.5,6,3,138,-25,-13,-261,1,1
60,09/04/2010,Louisiana Tech,20,38,140,31,23,196,0,1,Grambling,6,37,102,25,15,158,2,0,N, ,14,1,38,6,8,38,-2,1
61,09/04/2010,Louisville,16,32,190,29,14,127,1,1,Kentucky,23,37,230,27,18,236,0,0,H,-3,-7,-5,-40,2,-4,-109,1,1
62,09/04/2010,Memphis,7,21,41,32,20,196,2,0,Mississippi State,49,41,197,25,20,372,1,0,V,-21,-42,-20,-156,7,0,-176,1,0
63,09/04/2010,Miami-Ohio,12,22,4,46,26,208,4,0,Florida,34,31,99,25,17,113,0,3,V,-38.5,-22,-9,-95,21,9,95,4,-3
64,09/04/2010,Michigan,30,61,287,22,19,186,0,0,Connecticut,10,30,138,38,18,205,0,1,H,3,20,31,149,-16,1,-19,0,-1
65,09/04/2010,Michigan State,38,37,297,22,13,186,0,2,Western Michigan,14,32,85,53,30,238,1,2,H,22.5,24,5,212,-31,-17,-52,-1,0
66,09/04/2010,Mississippi,48,52,237,20,13,242,1,2,Jacksonville St,49,33,103,36,22,252,0,0,H, ,-1,19,134,-16,-9,-10,1,2
67,09/04/2010,Mississippi State,49,41,197,25,20,372,1,0,Memphis,7,21,41,32,20,196,2,0,H,21,42,20,156,-7,0,176,-1,0
68,09/04/2010,Missouri,23,29,98,48,34,281,0,1,Illinois,13,41,200,23,9,81,3,1,N,13.5,10,-12,-102,25,25,200,-3,0
69,09/04/2010,Nebraska,49,33,289,25,17,247,0,2,Western Kentucky,10,40,179,22,12,120,1,1,H,39.5,39,-7,110,3,5,127,-1,1
70,09/04/2010,Nevada-Las Vegas,21,27,112,26,10,105,0,1,Wisconsin,41,50,278,20,15,197,1,1,H,-20,-20,-23,-166,6,-5,-92,-1,0
71,09/04/2010,New Mexico,0,32,25,29,13,82,2,3,Oregon,72,58,369,37,23,351,1,0,V,-36.5,-72,-26,-344,-8,-10,-269,1,3
72,09/04/2010,No Carolina State,48,36,129,38,25,351,0,0,Western Carolina,7,31,86,18,10,103,0,1,H, ,41,5,43,20,15,248,0,-1
73,09/04/2010,North Carolina,24,33,24,46,28,412,0,3,Louisiana State,30,36,162,21,15,151,1,4,N,-8.5,-6,-3,-138,25,13,261,-1,-1
74,09/04/2010,North Texas,10,49,193,34,22,269,2,0,Clemson,35,25,246,21,10,177,1,0,V,-27.5,-25,24,-53,13,12,92,1,0
75,09/04/2010,Northwestern,23,46,143,21,19,222,0,1,Vanderbilt,21,38,192,33,19,240,1,0,V,3.5,2,8,-49,-12,0,-18,-1,1
76,09/04/2010,Notre Dame,23,36,153,26,19,205,0,1,Purdue,12,32,102,42,31,220,2,0,H,10.5,11,4,51,-16,-12,-15,-2,1
77,09/04/2010,Ohio,33,47,230,17,8,101,1,1,Wofford,10,51,220,4,0,0,0,3,H, ,23,-4,10,13,8,101,1,-2
78,09/04/2010,Oklahoma,31,45,205,36,17,217,2,0,Utah State,24,38,80,37,17,341,3,1,H,35,7,7,125,-1,0,-124,-1,-1
79,09/04/2010,Oklahoma State,65,44,291,37,27,253,0,0,Washington State,17,41,112,30,14,212,0,2,H,17,48,3,179,7,13,41,0,-2
80,09/04/2010,Oregon,72,58,369,37,23,351,1,0,New Mexico,0,32,25,29,13,82,2,3,H,36.5,72,26,344,8,10,269,-1,-3
81,09/04/2010,Oregon State,21,25,73,26,10,182,0,0,Texas Christian,30,54,278,27,17,175,2,0,V,-13,-9,-29,-205,-1,-7,7,-2,0
82,09/04/2010,Penn State,44,29,132,29,20,239,1,0,Youngstown State,14,34,75,25,21,189,0,0,H, ,30,-5,57,4,-1,50,1,0
83,09/04/2010,Purdue,12,32,102,42,31,220,2,0,Notre Dame,23,36,153,26,19,205,0,1,V,-10.5,-11,-4,-51,16,12,15,2,-1
84,09/04/2010,Rice,17,42,88,18,12,131,1,1,Texas,34,46,197,24,14,172,0,1,H,-31.5,-17,-4,-109,-6,-2,-41,1,0
85,09/04/2010,San Diego State,47,34,218,27,18,313,0,1,Nicholls State,0,37,88,26,12,83,0,1,H, ,47,-3,130,1,6,230,0,0
86,09/04/2010,San Jose State,3,29,89,19,8,86,1,0,Alabama,48,41,257,30,22,334,0,1,V,-39.5,-45,-12,-168,-11,-14,-248,1,-1
87,09/04/2010,South Florida,59,32,180,36,24,383,0,2,Stony Brook,14,37,142,21,9,112,4,0,H, ,45,-5,38,15,15,271,-4,2
88,09/04/2010,Stanford,52,38,213,24,17,316,0,2,Sacramento State,17,30,54,27,15,113,0,1,H, ,35,8,159,-3,2,203,0,1
89,09/04/2010,Syracuse,29,45,202,27,17,229,1,2,Akron,3,24,55,35,12,111,0,0,V,8.5,26,21,147,-8,5,118,1,2
90,09/04/2010,Tennessee,50,43,332,30,17,205,1,1,Tennessee-Martin,0,29,56,26,11,86,2,0,H, ,50,14,276,4,6,119,-1,1
91,09/04/2010,Texas,34,46,197,24,14,172,0,1,Rice,17,42,88,18,12,131,1,1,V,31.5,17,4,109,6,2,41,-1,0
92,09/04/2010,Texas A+M,48,55,192,44,31,347,0,0,Stephen F Austin,7,17,31,45,26,235,1,1,H, ,41,38,161,-1,5,112,-1,-1
93,09/04/2010,Texas Christian,30,54,278,27,17,175,2,0,Oregon State,21,25,73,26,10,182,0,0,H,13,9,29,205,1,7,-7,2,0
94,09/04/2010,Troy,30,44,211,40,27,264,2,0,Bowling Green,27,25,108,43,22,221,1,1,H,14.5,3,19,103,-3,5,43,1,-1
95,09/04/2010,U-C-F,38,46,231,22,18,241,0,0,South Dakota,7,26,116,19,10,104,0,0,H, ,31,20,115,3,8,137,0,0
96,09/04/2010,U.C.L.A.,22,37,193,26,9,120,2,1,Kansas State,31,54,313,17,12,64,0,2,V,-1,-9,-17,-120,9,-3,56,2,-1
97,09/04/2010,UL-Lafayette,7,29,14,24,8,114,3,0,Georgia,55,37,184,31,19,193,1,0,V,-29.5,-48,-8,-170,-7,-11,-79,2,0
98,09/04/2010,UTEP,31,40,234,28,17,229,1,1,Arkansas-Pine Bluff,10,26,76,33,20,202,2,0,H, ,21,14,158,-5,-3,27,-1,1
99,09/04/2010,Utah State,24,38,80,37,17,341,3,1,Oklahoma,31,45,205,36,17,217,2,0,V,-35,-7,-7,-125,1,0,124,1,1
100,09/04/2010,Vanderbilt,21,38,192,33,19,240,1,0,Northwestern,23,46,143,21,19,222,0,1,H,-3.5,-2,-8,49,12,0,18,1,-1
101,09/04/2010,Virginia,34,35,205,35,24,283,0,1,Richmond,13,30,144,33,19,189,1,0,H, ,21,5,61,2,5,94,-1,1
102,09/04/2010,Washington,17,31,128,39,20,266,0,0,Brigham Young,23,33,146,40,24,262,0,0,V,1.5,-6,-2,-18,-1,-4,4,0,0
103,09/04/2010,Washington State,17,41,112,30,14,212,0,2,Oklahoma State,65,44,291,37,27,253,0,0,V,-17,-48,-3,-179,-7,-13,-41,0,2
104,09/04/2010,West Virginia,31,39,184,32,23,216,1,2,Coastal Carolina,0,33,63,27,14,123,1,1,H, ,31,6,121,5,9,93,0,1
105,09/04/2010,Western Kentucky,10,40,179,22,12,120,1,1,Nebraska,49,33,289,25,17,247,0,2,V,-39.5,-39,7,-110,-3,-5,-127,1,-1
106,09/04/2010,Western Michigan,14,32,85,53,30,238,1,2,Michigan State,38,37,297,22,13,186,0,2,V,-22.5,-24,-5,-212,31,17,52,1,0
107,09/04/2010,Wisconsin,41,50,278,20,15,197,1,1,Nevada-Las Vegas,21,27,112,26,10,105,0,1,V,20,20,23,166,-6,5,92,1,0
108,09/04/2010,Wyoming,28,25,36,32,26,319,1,1,Southern Utah,20,42,191,37,22,193,0,0,H, ,8,-17,-155,-5,4,126,1,1
109,09/05/2010,East Carolina,51,34,155,47,27,383,1,0,Tulsa,49,41,180,43,28,399,1,1,H,-7,2,-7,-25,4,-1,-16,0,-1
110,09/05/2010,S-M-U,27,27,109,38,21,218,3,1,Texas Tech,35,31,72,53,34,359,0,1,V,-13.5,-8,-4,37,-15,-13,-141,3,0
111,09/05/2010,Texas Tech,35,31,72,53,34,359,0,1,S-M-U,27,27,109,38,21,218,3,1,H,13.5,8,4,-37,15,13,141,-3,0
112,09/05/2010,Tulsa,49,41,180,43,28,399,1,1,East Carolina,51,34,155,47,27,383,1,0,V,7,-2,7,25,-4,1,16,0,1
113,09/06/2010,Boise State,33,24,167,38,23,215,0,2,Virginia Tech,30,44,128,22,15,186,0,1,N,-1.5,3,-20,39,16,8,29,0,1
114,09/06/2010,Maryland,17,34,261,5,2,11,1,1,Navy,14,72,412,10,6,73,0,2,N,6.5,3,-38,-151,-5,-4,-62,1,-1
115,09/06/2010,Navy,14,72,412,10,6,73,0,2,Maryland,17,34,261,5,2,11,1,1,N,-6.5,-3,38,151,5,4,62,-1,1
116,09/06/2010,Virginia Tech,30,44,128,22,15,186,0,1,Boise State,33,24,168,38,23,215,0,2,N,1.5,-3,20,-40,-16,-8,-29,0,-1
117,09/09/2010,Auburn,17,46,190,21,12,158,1,1,Mississippi State,14,33,117,35,16,129,1,1,V,1.5,3,13,73,-14,-4,29,0,0
118,09/09/2010,Central Michigan,10,33,43,35,25,299,2,1,Temple,13,36,114,22,16,151,0,2,V,-7.5,-3,-3,-71,13,9,148,2,-1
119,09/09/2010,Mississippi State,14,33,117,35,16,129,1,1,Auburn,17,46,190,21,12,158,1,1,H,-1.5,-3,-13,-73,14,4,-29,0,0
120,09/09/2010,Temple,13,36,114,22,16,151,0,2,Central Michigan,10,33,43,35,25,299,2,1,H,7.5,3,3,71,-13,-9,-148,-2,1
121,09/10/2010,Houston,54,42,308,34,24,348,1,1,UTEP,24,21,100,55,30,340,0,1,H,21,30,21,208,-21,-6,8,1,0
122,09/10/2010,Marshall,21,27,135,29,20,229,0,1,West Virginia,24,42,153,45,32,316,0,2,H,-12,-3,-15,-18,-16,-12,-87,0,-1
123,09/10/2010,UTEP,24,21,100,55,30,340,0,1,Houston,54,42,308,34,24,348,1,1,V,-21,-30,-21,-208,21,6,-8,-1,0
124,09/10/2010,West Virginia,24,42,153,45,32,316,0,2,Marshall,21,27,135,29,20,229,0,1,V,12,3,15,18,16,12,87,0,1
125,09/11/2010,Air Force,35,65,409,13,5,68,1,0,Brigham Young,14,34,221,25,10,88,1,2,H,1.5,21,31,188,-12,-5,-20,0,-2
126,09/11/2010,Akron,37,44,224,21,14,165,1,1,Gardner-Webb,38,37,101,43,25,290,1,0,H, ,-1,7,123,-22,-11,-125,0,1
127,09/11/2010,Alabama,24,34,180,24,16,229,0,1,Penn State,3,31,127,31,14,156,3,1,H,14,21,3,53,-7,2,73,-3,0
128,09/11/2010,Arizona,52,36,214,33,25,275,1,0,The Citadel,6,50,150,14,3,21,0,3,H, ,46,-14,64,19,22,254,1,-3
129,09/11/2010,Arizona State,41,29,56,52,34,394,2,0,Northern Arizona,20,35,62,27,15,169,1,0,H, ,21,-6,-6,25,19,225,1,0
130,09/11/2010,Arkansas,31,31,99,43,28,400,1,2,UL-Monroe,7,37,116,19,8,72,1,1,N,34,24,-6,-17,24,20,328,0,1
131,09/11/2010,Arkansas State,24,19,18,46,25,438,1,2,UL-Lafayette,31,42,242,29,17,214,0,0,V,-2,-7,-23,-224,17,8,224,1,2
132,09/11/2010,Army,28,64,250,6,4,58,0,2,Hawaii,31,11,10,37,25,343,0,2,H,3,-3,53,240,-31,-21,-285,0,0
133,09/11/2010,Ball State,23,34,145,31,18,193,0,2,Liberty,27,28,119,38,24,276,3,0,H, ,-4,6,26,-7,-6,-83,-3,2
134,09/11/2010,Baylor,34,38,173,37,22,320,1,1,Buffalo,6,35,162,47,18,163,1,1,H,14.5,28,3,11,-10,4,157,0,0
135,09/11/2010,Boston College,26,40,87,30,19,218,1,1,Kent State,13,17,4,37,23,201,3,2,H,17,13,23,83,-7,-4,17,-2,-1
136,09/11/2010,Bowling Green,20,25,41,40,29,262,3,1,Tulsa,33,39,186,49,28,360,1,1,V,-17,-13,-14,-145,-9,1,-98,2,0
137,09/11/2010,Brigham Young,14,34,221,25,10,88,1,2,Air Force,35,65,409,13,5,68,1,0,V,-1.5,-21,-31,-188,12,5,20,0,2
138,09/11/2010,Buffalo,6,35,162,47,18,163,1,1,Baylor,34,38,173,37,22,320,1,1,V,-14.5,-28,-3,-11,10,-4,-157,0,0
139,09/11/2010,California,52,36,159,24,15,197,0,0,Colorado,7,42,73,34,18,166,3,2,H,10.5,45,-6,86,-10,-3,31,-3,-2
140,09/11/2010,Cincinnati,40,45,263,17,11,130,0,2,Indiana State,7,32,93,38,23,161,0,1,H, ,33,13,170,-21,-12,-31,0,1
141,09/11/2010,Clemson,58,39,212,20,11,201,1,0,Presbyterian,21,36,140,33,17,139,1,2,H, ,37,3,72,-13,-6,62,0,-2
142,09/11/2010,Colorado,7,42,73,34,18,166,3,2,California,52,36,159,24,15,197,0,0,V,-10.5,-45,6,-86,10,3,-31,3,2
143,09/11/2010,Colorado State,6,31,78,36,23,194,1,0,Nevada-Reno,51,46,376,33,23,255,0,0,V,-24,-45,-15,-298,3,0,-61,1,0
144,09/11/2010,Connecticut,62,42,307,15,9,137,0,1,Texas Southern,3,32,18,29,16,151,3,1,H, ,59,10,289,-14,-7,-14,-3,0
145,09/11/2010,Duke,48,29,129,44,28,358,3,1,Wake Forest,54,53,229,24,13,271,2,0,V,-6,-6,-24,-100,20,15,87,1,1
146,09/11/2010,East Carolina,49,37,173,40,28,252,0,0,Memphis,27,37,101,31,21,312,1,2,H,14,22,0,72,9,7,-60,-1,-2
147,09/11/2010,Eastern Michigan,21,32,66,34,20,256,3,0,Miami-Ohio,28,37,181,25,16,164,1,0,V,-14,-7,-5,-115,9,4,92,2,0
148,09/11/2010,Florida,38,37,251,31,18,172,0,0,South Florida,14,39,244,23,6,86,4,1,H,15.5,24,-2,7,8,12,86,-4,-1
149,09/11/2010,Florida Atlantic,17,33,42,38,25,259,0,1,Michigan State,30,30,225,17,9,142,1,1,N,-26,-13,3,-183,21,16,117,-1,0
150,09/11/2010,Florida Intl,14,36,167,32,17,204,2,3,Rutgers,19,38,76,16,8,96,1,2,H,-16.5,-5,-2,91,16,9,108,1,1
151,09/11/2010,Florida State,17,32,123,36,15,222,2,1,Oklahoma,47,41,93,42,32,394,0,1,V,-6.5,-30,-9,30,-6,-17,-172,2,0
152,09/11/2010,Georgia,6,26,61,21,14,192,0,1,South Carolina,17,52,189,17,12,165,0,1,V,-3,-11,-26,-128,4,2,27,0,0
153,09/11/2010,Georgia Tech,25,52,291,15,5,116,0,1,Kansas,28,41,141,30,18,179,1,0,V,14,-3,11,150,-15,-13,-63,-1,1
154,09/11/2010,Hawaii,31,11,10,37,25,343,0,2,Army,28,64,250,6,4,58,0,2,V,-3,3,-53,-240,31,21,285,0,0
155,09/11/2010,Idaho,17,36,38,41,23,241,5,1,Nebraska,38,41,360,18,13,111,1,3,V,-27.5,-21,-5,-322,23,10,130,4,-2
156,09/11/2010,Illinois,35,43,168,22,15,239,2,1,Southern Illinois,3,29,46,37,21,184,0,2,H, ,32,14,122,-15,-6,55,2,-1
157,09/11/2010,Iowa,35,50,275,20,11,204,0,0,Iowa State,7,25,78,44,20,197,3,0,H,13.5,28,25,197,-24,-9,7,-3,0
158,09/11/2010,Iowa State,7,25,78,44,20,197,3,0,Iowa,35,50,275,20,11,204,0,0,V,-13.5,-28,-25,-197,24,9,-7,3,0
159,09/11/2010,Kansas,28,41,141,30,18,179,1,0,Georgia Tech,25,52,291,15,5,116,0,1,H,-14,3,-11,-150,15,13,63,1,-1
160,09/11/2010,Kansas State,48,35,206,27,19,290,0,0,Missouri State,24,42,166,42,20,281,0,1,H, ,24,-7,40,-15,-1,9,0,-1
161,09/11/2010,Kent State,13,17,4,37,23,201,3,2,Boston College,26,40,87,30,19,218,1,1,V,-17,-13,-23,-83,7,4,-17,2,1
162,09/11/2010,Kentucky,63,44,206,23,19,276,0,0,Western Kentucky,28,33,187,15,8,97,1,1,H,24.5,35,11,19,8,11,179,-1,-1
163,09/11/2010,Louisiana State,27,50,280,21,9,112,1,0,Vanderbilt,3,32,65,16,8,70,0,1,V,10.5,24,18,215,5,1,42,1,-1
164,09/11/2010,Louisiana Tech,16,40,61,41,21,208,2,2,Texas A+M,48,41,216,38,25,349,0,4,V,-18,-32,-1,-155,3,-4,-141,2,-2
165,09/11/2010,Louisville,23,35,169,23,15,219,1,2,Eastern Kentucky,13,35,92,23,11,138,1,1,H, ,10,0,77,0,4,81,0,1
166,09/11/2010,Maryland,62,44,221,25,11,149,1,0,Morgan State,3,28,37,28,7,48,2,1,H, ,59,16,184,-3,4,101,-1,-1
167,09/11/2010,Memphis,27,37,101,31,21,312,1,2,East Carolina,49,37,173,40,28,252,0,0,V,-14,-22,0,-72,-9,-7,60,1,2
168,09/11/2010,Miami-Florida,24,28,120,39,22,232,4,0,Ohio State,36,49,181,28,12,233,0,0,V,-8.5,-12,-21,-61,11,10,-1,4,0
169,09/11/2010,Miami-Ohio,28,37,181,25,16,164,1,0,Eastern Michigan,21,32,66,34,20,256,3,0,H,14,7,5,115,-9,-4,-92,-2,0
170,09/11/2010,Michigan,28,41,288,40,24,244,0,0,Notre Dame,24,32,154,44,21,381,3,0,V,-3.5,4,9,134,-4,3,-137,-3,0
171,09/11/2010,Michigan State,30,30,225,17,9,142,1,1,Florida Atlantic,17,34,45,37,24,256,0,1,N,26,13,-4,180,-20,-15,-114,1,0
172,09/11/2010,Middle Tennessee,56,61,353,36,23,301,1,3,Austin Peay,33,36,124,40,16,224,2,0,H, ,23,25,229,-4,7,77,-1,3
173,09/11/2010,Minnesota,38,38,204,31,21,258,0,2,South Dakota,41,29,92,30,21,352,2,0,H, ,-3,9,112,1,0,-94,-2,2
174,09/11/2010,Mississippi,27,37,92,22,16,282,1,0,Tulane,13,29,94,31,22,218,0,2,V,21,14,8,-2,-9,-6,64,1,-2
175,09/11/2010,Missouri,50,30,193,39,32,245,0,2,McNeese State,6,33,65,31,21,180,3,2,H, ,44,-3,128,8,11,65,-3,0
176,09/11/2010,Navy,13,43,109,8,5,84,0,0,Georgia Southern,7,39,73,9,4,36,0,1,H, ,6,4,36,-1,1,48,0,-1
177,09/11/2010,Nebraska,38,41,360,18,13,111,1,3,Idaho,17,38,60,39,21,219,5,1,H,27.5,21,3,300,-21,-8,-108,-4,2
178,09/11/2010,Nevada-Las Vegas,10,42,102,37,18,217,0,1,Utah,38,28,131,20,13,207,0,1,V,-20.5,-28,14,-29,17,5,10,0,0
179,09/11/2010,Nevada-Reno,51,46,376,33,23,255,0,0,Colorado State,6,31,78,36,23,194,1,0,H,24,45,15,298,-3,0,61,-1,0
180,09/11/2010,New Mexico,17,27,97,52,32,336,2,1,Texas Tech,52,36,152,41,24,310,0,2,H,-25,-35,-9,-55,11,8,26,2,-1
181,09/11/2010,New Mexico State,21,26,105,34,17,223,0,1,San Diego State,41,40,244,43,20,319,0,0,H,-14,-20,-14,-139,-9,-3,-96,0,1
182,09/11/2010,No Carolina State,28,40,134,30,10,105,0,0,U-C-F,21,34,95,29,17,213,3,2,V,-3,7,6,39,1,-7,-108,-3,-2
183,09/11/2010,North Texas,31,31,124,41,22,296,1,2,Rice,32,39,106,33,15,244,1,1,H,3.5,-1,-8,18,8,7,52,0,1
184,09/11/2010,Northern Illinois,23,49,364,25,14,146,1,0,North Dakota,17,31,67,31,18,267,1,1,H, ,6,18,297,-6,-4,-121,0,-1
185,09/11/2010,Northwestern,37,50,163,27,21,271,0,1,Illinois State,3,30,92,32,18,171,3,1,H, ,34,20,71,-5,3,100,-3,0
186,09/11/2010,Notre Dame,24,32,154,44,21,381,3,0,Michigan,28,41,288,40,24,244,0,0,H,3.5,-4,-9,-134,4,-3,137,3,0
187,09/11/2010,Ohio,13,28,46,28,17,137,3,1,Toledo,20,48,102,20,13,110,2,0,H,10,-7,-20,-56,8,4,27,1,1
188,09/11/2010,Ohio State,36,49,181,28,12,233,0,0,Miami-Florida,24,28,120,39,22,232,4,0,H,8.5,12,21,61,-11,-10,1,-4,0
189,09/11/2010,Oklahoma,47,41,83,42,32,394,0,1,Florida State,17,32,123,36,15,222,2,1,H,6.5,30,9,-40,6,17,172,-2,0
190,09/11/2010,Oklahoma State,41,37,174,39,29,348,2,3,Troy,38,36,101,40,29,270,0,4,H,14,3,1,73,-1,0,78,2,-1
191,09/11/2010,Oregon,48,44,245,32,17,202,0,1,Tennessee,13,36,182,29,15,151,1,0,V,11,35,8,63,3,2,51,-1,1
192,09/11/2010,Penn State,3,31,127,31,14,156,3,1,Alabama,24,34,180,24,16,229,0,1,V,-14,-21,-3,-53,7,-2,-73,3,0
193,09/11/2010,Pittsburgh,38,29,169,36,25,276,1,0,New Hampshire,16,35,73,37,21,225,1,0,H, ,22,-6,96,-1,4,51,0,0
194,09/11/2010,Purdue,31,35,227,38,24,175,1,0,Western Illinois,21,36,120,38,25,286,0,1,H, ,10,-1,107,0,-1,-111,1,-1
195,09/11/2010,Rice,32,39,106,33,15,245,1,1,North Texas,31,31,124,41,22,296,1,2,V,-3.5,1,8,-18,-8,-7,-51,0,-1
196,09/11/2010,Rutgers,19,38,76,16,8,96,1,2,Florida Intl,14,35,158,32,17,204,2,3,V,16.5,5,3,-82,-16,-9,-108,-1,-1
197,09/11/2010,S-M-U,28,37,247,34,19,174,0,1,U-A-B,7,32,108,26,13,153,1,1,H,11,21,5,139,8,6,21,-1,0
198,09/11/2010,San Diego State,41,40,244,43,20,319,0,0,New Mexico State,21,26,105,34,17,223,0,1,V,14,20,14,139,9,3,96,0,-1
199,09/11/2010,San Jose State,14,20,55,30,22,252,2,0,Wisconsin,27,46,212,22,15,191,1,1,V,-39.5,-13,-26,-157,8,7,61,1,-1
200,09/11/2010,South Carolina,17,52,189,17,12,165,0,1,Georgia,6,26,61,21,14,192,0,1,H,3,11,26,128,-4,-2,-27,0,0
201,09/11/2010,South Florida,14,39,244,23,6,86,4,1,Florida,38,37,251,31,18,172,0,0,V,-15.5,-24,2,-7,-8,-12,-86,4,1
202,09/11/2010,Southern Cal,17,33,127,35,20,202,0,1,Virginia,14,36,150,36,17,190,1,0,H,20,3,-3,-23,-1,3,12,-1,1
203,09/11/2010,Southern Miss,34,47,253,26,16,211,1,1,Prairie View,7,27,67,32,13,144,1,1,H, ,27,20,186,-6,3,67,0,0
204,09/11/2010,Stanford,35,49,211,24,11,151,0,0,U.C.L.A.,0,33,152,21,11,81,2,2,V,6.5,35,16,59,3,0,70,-2,-2
205,09/11/2010,Syracuse,20,31,112,37,19,224,1,1,Washington,41,33,175,34,23,292,0,1,V,-13,-21,-2,-63,3,-4,-68,1,0
206,09/11/2010,Tennessee,13,36,182,29,15,151,1,0,Oregon,48,44,245,32,17,202,0,1,H,-11,-35,-8,-63,-3,-2,-51,1,-1
207,09/11/2010,Texas,34,29,167,35,22,222,0,0,Wyoming,7,30,58,31,20,199,0,0,H,27.5,27,-1,109,4,2,23,0,0
208,09/11/2010,Texas A+M,48,41,216,38,25,349,0,4,Louisiana Tech,16,40,61,41,21,208,2,2,H,18,32,1,155,-3,4,141,-2,2
209,09/11/2010,Texas Christian,62,41,270,21,15,182,0,1,Tennessee Tech,7,41,92,14,9,58,1,4,H, ,55,0,178,7,6,124,-1,-3
210,09/11/2010,Texas Tech,52,36,152,41,24,310,0,2,New Mexico,17,27,97,52,32,336,2,1,V,25,35,9,55,-11,-8,-26,-2,1
211,09/11/2010,Toledo,20,48,102,20,13,110,2,0,Ohio,13,28,46,28,17,137,3,1,V,-10,7,20,56,-8,-4,-27,-1,-1
212,09/11/2010,Troy,38,35,97,41,30,274,0,4,Oklahoma State,41,37,174,39,29,348,2,4,V,-14,-3,-2,-77,2,1,-74,-2,0
213,09/11/2010,Tulane,13,29,94,31,22,218,0,2,Mississippi,27,37,92,22,16,282,1,0,H,-21,-14,-8,2,9,6,-64,-1,2
214,09/11/2010,Tulsa,33,40,190,48,27,356,1,1,Bowling Green,20,25,41,40,29,262,3,0,H,17,13,15,149,8,-2,94,-2,1
215,09/11/2010,U-A-B,7,32,108,26,13,153,1,1,S-M-U,28,36,244,35,20,177,0,1,V,-11,-21,-4,-136,-9,-7,-24,1,0
216,09/11/2010,U-C-F,21,34,95,29,17,213,3,2,No Carolina State,28,40,134,30,10,105,0,0,H,3,-7,-6,-39,-1,7,108,3,2
217,09/11/2010,U.C.L.A.,0,33,152,21,11,81,2,2,Stanford,35,49,211,24,11,151,0,0,H,-6.5,-35,-16,-59,-3,0,-70,2,2
218,09/11/2010,UL-Lafayette,31,42,242,29,17,214,0,0,Arkansas State,24,19,18,46,25,438,1,2,H,2,7,23,224,-17,-8,-224,-1,-2
219,09/11/2010,UL-Monroe,7,37,116,19,8,72,1,1,Arkansas,31,31,99,43,28,400,1,2,N,-34,-24,6,17,-24,-20,-328,0,-1
220,09/11/2010,Utah,38,28,131,20,13,207,0,1,Nevada-Las Vegas,10,42,102,37,18,217,0,1,H,20.5,28,-14,29,-17,-5,-10,0,0
221,09/11/2010,Utah State,38,46,275,30,23,267,1,2,Idaho State,17,24,39,40,20,236,2,0,H, ,21,22,236,-10,3,31,-1,2
222,09/11/2010,Vanderbilt,3,32,65,16,8,70,0,1,Louisiana State,27,50,280,21,9,112,1,0,H,-10.5,-24,-18,-215,-5,-1,-42,-1,1
223,09/11/2010,Virginia,14,36,150,36,17,190,1,0,Southern Cal,17,33,127,35,20,202,0,1,V,-20,-3,3,23,1,-3,-12,1,-1
224,09/11/2010,Virginia Tech,16,44,238,16,10,124,1,2,James Madison,21,41,114,8,5,121,0,0,H, ,-5,3,124,8,5,3,1,2
225,09/11/2010,Wake Forest,54,53,229,24,13,271,2,0,Duke,48,29,129,44,28,358,3,1,H,6,6,24,100,-20,-15,-87,-1,-1
226,09/11/2010,Washington,41,33,175,34,23,292,0,1,Syracuse,20,31,112,37,19,224,1,1,H,13,21,2,63,-3,4,68,-1,0
227,09/11/2010,Washington State,23,36,112,29,18,204,1,2,Montana State,22,30,123,39,26,284,3,0,H, ,1,6,-11,-10,-8,-80,-2,2
228,09/11/2010,Western Kentucky,28,33,187,15,8,97,1,1,Kentucky,63,44,206,23,19,276,0,0,V,-24.5,-35,-11,-19,-8,-11,-179,1,1
229,09/11/2010,Western Michigan,49,43,129,36,27,355,1,0,Nicholls State,14,28,112,22,12,129,0,2,H, ,35,15,17,14,15,226,1,-2
230,09/11/2010,Wisconsin,27,46,212,22,15,191,1,1,San Jose State,14,20,55,30,22,252,2,0,H,39.5,13,26,157,-8,-7,-61,-1,1
231,09/11/2010,Wyoming,7,30,58,31,20,199,0,0,Texas,34,29,167,35,22,222,0,0,V,-27.5,-27,1,-109,-4,-2,-23,0,0
232,09/16/2010,Cincinnati,19,31,75,31,19,310,0,1,No Carolina State,30,36,158,40,26,333,0,2,V,-2,-11,-5,-83,-9,-7,-23,0,-1
233,09/16/2010,No Carolina State,30,36,158,40,26,333,0,2,Cincinnati,19,31,75,31,19,310,0,1,H,2,11,5,83,9,7,23,0,1
234,09/17/2010,California,31,30,225,37,23,277,3,0,Nevada-Reno,52,49,318,15,10,181,0,1,V,3,-21,-19,-93,22,13,96,3,-1
235,09/17/2010,Kansas,16,44,136,26,16,138,0,0,Southern Miss,31,35,202,26,20,156,1,0,V,-5.5,-15,9,-66,0,-4,-18,-1,0
236,09/17/2010,Nevada-Reno,52,49,316,15,10,181,0,1,California,31,30,225,37,23,277,3,0,H,-3,21,19,91,-22,-13,-96,-3,1
237,09/17/2010,Southern Miss,31,35,202,26,20,156,1,0,Kansas,16,44,136,26,16,138,0,0,H,5.5,15,-9,66,0,4,18,1,0
238,09/18/2010,Air Force,24,63,351,14,8,107,0,1,Oklahoma,27,34,113,42,26,254,0,0,V,-16.5,-3,29,238,-28,-18,-147,0,1
239,09/18/2010,Akron,10,37,67,24,6,105,0,0,Kentucky,47,38,290,30,22,254,0,0,V,-24.5,-37,-1,-223,-6,-16,-149,0,0
240,09/18/2010,Alabama,62,35,315,26,17,311,1,2,Duke,13,36,146,42,19,156,1,0,V,24.5,49,-1,169,-16,-2,155,0,2
241,09/18/2010,Arizona,34,30,63,39,28,303,1,2,Iowa,27,26,29,33,18,278,1,0,H,2,7,4,34,6,10,25,0,2
242,09/18/2010,Arizona State,19,28,169,33,21,211,0,0,Wisconsin,20,42,194,25,19,246,0,0,V,-11.5,-1,-14,-25,8,2,-35,0,0
243,09/18/2010,Arkansas,31,23,53,33,21,380,0,0,Georgia,24,41,139,27,15,253,1,0,V,-1.5,7,-18,-86,6,6,127,-1,0
244,09/18/2010,Arkansas State,34,48,234,33,21,240,0,1,UL-Monroe,20,31,106,31,19,267,2,0,H,4.5,14,17,128,2,2,-27,-2,1
245,09/18/2010,Army,24,57,292,10,5,45,0,0,North Texas,0,29,95,29,14,106,1,1,H,5,24,28,197,-19,-9,-61,-1,-1
246,09/18/2010,Auburn,27,47,221,14,7,203,2,0,Clemson,24,47,187,35,21,227,0,0,H,7.5,3,0,34,-21,-14,-24,2,0
247,09/18/2010,Ball State,13,37,150,23,13,106,2,0,Purdue,24,46,203,26,15,200,1,0,V,-16,-11,-9,-53,-3,-2,-94,1,0
248,09/18/2010,Baylor,10,26,99,30,16,164,0,0,Texas Christian,45,48,291,23,21,267,0,0,V,-21,-35,-22,-192,7,-5,-103,0,0
249,09/18/2010,Boise State,50,55,275,31,21,373,1,1,Wyoming,6,28,-21,21,12,156,2,1,V,23.5,44,27,296,10,9,217,-1,0
250,09/18/2010,Bowling Green,44,44,101,33,24,292,1,1,Marshall,28,26,185,47,20,191,4,1,H,-3.5,16,18,-84,-14,4,101,-3,0
251,09/18/2010,Brigham Young,10,35,76,35,16,115,1,1,Florida State,34,44,278,21,14,149,0,1,V,-10.5,-24,-9,-202,14,2,-34,1,0
252,09/18/2010,Buffalo,10,49,136,32,15,190,2,0,U-C-F,24,41,158,27,15,130,0,0,H,-7.5,-14,8,-22,5,0,60,2,0
253,09/18/2010,Central Michigan,52,46,269,23,15,254,0,1,Eastern Michigan,14,32,76,44,25,282,0,2,V,10,38,14,193,-21,-10,-28,0,-1
254,09/18/2010,Clemson,24,47,187,35,21,227,0,0,Auburn,27,47,221,14,7,203,2,0,V,-7.5,-3,0,-34,21,14,24,-2,0
255,09/18/2010,Colorado,31,52,254,26,19,200,0,2,Hawaii,13,13,7,42,27,330,1,1,H,14,18,39,247,-16,-8,-130,-1,1
256,09/18/2010,Colorado State,10,21,1,40,26,305,2,2,Miami-Ohio,31,39,68,22,18,231,0,0,V,-7,-21,-18,-67,18,8,74,2,2
257,09/18/2010,Connecticut,16,42,240,33,16,150,0,1,Temple,30,36,194,22,12,162,0,1,V,4.5,-14,6,46,11,4,-12,0,0
258,09/18/2010,Duke,13,36,146,42,19,156,1,0,Alabama,62,35,315,26,17,311,1,2,H,-24.5,-49,1,-169,16,2,-155,0,-2
259,09/18/2010,East Carolina,27,29,98,45,31,263,2,0,Virginia Tech,49,41,249,16,8,199,0,1,V,-20,-22,-12,-151,29,23,64,2,-1
260,09/18/2010,Eastern Michigan,14,32,76,44,25,282,0,2,Central Michigan,52,46,269,23,15,254,0,1,H,-10,-38,-14,-193,21,10,28,0,1
261,09/18/2010,Florida,31,48,155,23,14,167,0,2,Tennessee,17,23,29,31,19,259,2,1,V,13,14,25,126,-8,-5,-92,-2,1
262,09/18/2010,Florida Intl,20,39,115,33,14,117,1,0,Texas A+M,27,45,206,31,11,194,4,1,V,-28,-7,-6,-91,2,3,-77,-3,-1
263,09/18/2010,Florida State,34,44,278,21,14,149,0,1,Brigham Young,10,35,76,35,16,115,1,1,H,10.5,24,9,202,-14,-2,34,-1,0
264,09/18/2010,Fresno State,41,44,230,23,15,149,1,1,Utah State,24,45,205,23,11,106,0,0,V,3.5,17,-1,25,0,4,43,1,1
265,09/18/2010,Georgia,24,41,139,27,15,253,1,0,Arkansas,31,23,53,33,21,380,0,0,H,1.5,-7,18,86,-6,-6,-127,1,0
266,09/18/2010,Georgia Tech,30,63,372,4,3,76,0,1,North Carolina,24,32,143,25,18,209,0,2,V,-3,6,31,229,-21,-15,-133,0,-1
267,09/18/2010,Hawaii,13,13,7,42,27,330,1,1,Colorado,31,52,252,26,19,200,0,2,V,-14,-18,-39,-245,16,8,130,1,-1
268,09/18/2010,Houston,13,30,108,38,23,252,2,1,U.C.L.A.,31,51,266,17,9,99,1,2,V,4,-18,-21,-158,21,14,153,1,-1
269,09/18/2010,Idaho,30,39,122,27,15,210,1,0,Nevada-Las Vegas,7,36,59,15,7,128,1,1,H,6.52,23,3,63,12,8,82,0,-1
270,09/18/2010,Illinois,28,49,319,16,8,70,0,0,Northern Illinois,22,33,163,26,20,227,0,1,H,7.5,6,16,156,-10,-12,-157,0,-1
271,09/18/2010,Indiana,38,31,100,42,32,366,0,1,Western Kentucky,21,31,144,20,13,144,0,1,V,13.5,17,0,-44,22,19,222,0,0
272,09/18/2010,Iowa,27,26,29,33,18,278,1,0,Arizona,34,30,63,39,28,303,1,2,V,-2,-7,-4,-34,-6,-10,-25,0,-2
273,09/18/2010,Iowa State,20,40,171,28,15,122,0,1,Kansas State,27,50,262,12,6,104,1,0,N,-4,-7,-10,-91,16,9,18,-1,1
274,09/18/2010,Kansas State,27,50,262,12,6,104,1,0,Iowa State,20,40,171,28,15,122,0,1,N,4,7,10,91,-16,-9,-18,1,-1
275,09/18/2010,Kent State,0,25,58,36,20,170,2,0,Penn State,24,40,162,30,18,220,2,1,V,-21.5,-24,-15,-104,6,2,-50,0,-1
276,09/18/2010,Kentucky,47,38,290,30,22,254,0,0,Akron,10,37,67,24,6,105,0,0,H,24.5,37,1,223,6,16,149,0,0
277,09/18/2010,Louisiana State,29,39,167,16,10,97,0,1,Mississippi State,7,44,152,18,10,116,5,0,H,7.5,22,-5,15,-2,0,-19,-5,1
278,09/18/2010,Louisiana Tech,23,32,154,43,31,251,2,1,Navy,37,61,297,14,8,219,1,0,H,-3,-14,-29,-143,29,23,32,1,1
279,09/18/2010,Louisville,28,39,165,38,22,288,1,1,Oregon State,35,34,177,27,15,142,0,0,V,-20.5,-7,5,-12,11,7,146,1,1
280,09/18/2010,Marshall,28,26,185,47,20,191,4,1,Bowling Green,44,44,101,33,24,292,1,1,V,3.5,-16,-18,84,14,-4,-101,3,0
281,09/18/2010,Maryland,17,27,-10,24,13,227,0,1,West Virginia,31,55,201,30,19,268,1,2,V,-10,-14,-28,-211,-6,-6,-41,-1,-1
282,09/18/2010,Memphis,24,44,158,28,15,129,0,0,Middle Tennessee,17,33,55,40,23,260,3,1,H,-3.5,7,11,103,-12,-8,-131,-3,-1
283,09/18/2010,Miami-Ohio,31,39,68,22,18,231,0,0,Colorado State,10,21,1,40,26,305,2,2,H,7,21,18,67,-18,-8,-74,-2,-2
284,09/18/2010,Michigan,42,42,284,14,10,241,1,1,Massachusetts,37,49,217,29,22,222,1,1,H, ,5,-7,67,-15,-12,19,0,0
285,09/18/2010,Michigan State,34,43,203,34,24,274,1,0,Notre Dame,31,26,92,55,32,369,1,2,H,3.5,3,17,111,-21,-8,-95,0,-2
286,09/18/2010,Middle Tennessee,17,34,67,39,22,248,3,1,Memphis,24,44,158,28,15,129,0,0,V,3.5,-7,-10,-91,11,7,119,3,1
287,09/18/2010,Minnesota,21,37,83,29,15,224,2,1,Southern Cal,32,38,216,26,17,192,2,1,H,-11.5,-11,-1,-133,3,-2,32,0,0
288,09/18/2010,Mississippi,14,44,195,35,19,190,2,1,Vanderbilt,28,41,227,19,9,73,0,0,H,11.5,-14,3,-32,16,10,117,2,1
289,09/18/2010,Mississippi State,7,44,152,18,10,116,5,0,Louisiana State,29,39,167,16,10,97,0,1,V,-7.5,-22,5,-15,2,0,19,5,-1
290,09/18/2010,Missouri,27,27,89,51,28,351,2,1,San Diego State,24,33,250,44,20,190,1,0,H,14.5,3,-6,-161,7,8,161,1,1
291,09/18/2010,Navy,37,61,297,14,8,219,1,0,Louisiana Tech,23,32,154,43,31,251,2,1,V,3,14,29,143,-29,-23,-32,-1,-1
292,09/18/2010,Nebraska,56,54,383,11,7,150,0,1,Washington,21,39,175,20,4,71,2,0,V,3.5,35,15,208,-9,3,79,-2,1
293,09/18/2010,Nevada-Las Vegas,7,36,59,15,7,128,1,1,Idaho,30,39,122,27,15,210,1,0,V,-6.52,-23,-3,-63,-12,-8,-82,0,1
294,09/18/2010,New Mexico,14,37,69,35,18,161,1,0,Utah,56,35,180,23,20,248,0,3,H,-23,-42,2,-111,12,-2,-87,1,-3
295,09/18/2010,New Mexico State,10,24,96,40,21,200,1,0,UTEP,42,35,249,32,19,246,0,0,V,-16,-32,-11,-153,8,2,-46,1,0
296,09/18/2010,North Carolina,24,32,143,25,18,209,0,2,Georgia Tech,30,63,372,4,3,76,0,1,H,3,-6,-31,-229,21,15,133,0,1
297,09/18/2010,North Texas,0,29,95,29,14,106,1,1,Army,24,57,292,10,5,45,0,0,V,-5,-24,-28,-197,19,9,61,1,1
298,09/18/2010,Northern Illinois,22,33,163,26,20,227,0,1,Illinois,28,49,319,16,8,70,0,0,V,-7.5,-6,-16,-156,10,12,157,0,1
299,09/18/2010,Northwestern,30,45,144,33,24,307,0,1,Rice,13,23,86,52,30,291,2,2,V,6.5,17,22,58,-19,-6,16,-2,-1
300,09/18/2010,Notre Dame,31,26,92,55,32,369,1,2,Michigan State,34,43,203,34,24,274,1,0,V,-3.5,-3,-17,-111,21,8,95,0,2
301,09/18/2010,Ohio,7,31,76,17,9,82,2,3,Ohio State,43,41,158,36,26,281,2,0,V,-30,-36,-10,-82,-19,-17,-199,0,3
302,09/18/2010,Ohio State,43,41,158,36,26,281,2,0,Ohio,7,31,76,17,9,82,2,3,H,30,36,10,82,19,17,199,0,-3
303,09/18/2010,Oklahoma,27,34,113,42,26,254,0,0,Air Force,24,63,351,14,8,107,0,1,H,16.5,3,-29,-238,28,18,147,0,-1
304,09/18/2010,Oklahoma State,65,34,148,43,31,574,1,0,Tulsa,28,44,199,35,23,229,3,0,H,7,37,-10,-51,8,8,345,-2,0
305,09/18/2010,Oregon,69,63,528,20,9,140,1,2,Portland State,0,36,74,32,12,66,2,3,H, ,69,27,454,-12,-3,74,-1,-1
306,09/18/2010,Oregon State,35,34,177,27,15,142,0,0,Louisville,28,39,165,38,22,288,1,1,H,20.5,7,-5,12,-11,-7,-146,-1,-1
307,09/18/2010,Penn State,24,40,162,30,18,220,2,1,Kent State,0,25,58,36,20,170,2,0,H,21.5,24,15,104,-6,-2,50,0,1
308,09/18/2010,Purdue,24,46,203,26,15,200,1,0,Ball State,13,37,150,23,13,106,2,0,H,16,11,9,53,3,2,94,-1,0
309,09/18/2010,Rice,13,23,86,52,30,291,2,2,Northwestern,30,45,144,33,24,307,0,1,H,-6.5,-17,-22,-58,19,6,-16,2,1
310,09/18/2010,S-M-U,35,28,140,34,19,280,0,1,Washington State,21,28,66,33,18,284,0,0,H,23.5,14,0,74,1,1,-4,0,1
311,09/18/2010,San Diego State,24,33,250,44,20,190,1,0,Missouri,27,27,89,51,28,351,2,1,V,-14.5,-3,6,161,-7,-8,-161,-1,-1
312,09/18/2010,San Jose State,16,30,57,35,24,193,0,3,Southern Utah,11,29,79,48,25,255,1,0,H, ,5,1,-22,-13,-1,-62,-1,3
313,09/18/2010,South Carolina,38,40,182,25,17,192,2,0,Furman,19,27,51,32,19,274,2,0,H, ,19,13,131,-7,-2,-82,0,0
314,09/18/2010,Southern Cal,32,38,216,26,17,192,2,1,Minnesota,21,37,83,29,15,224,2,1,V,11.5,11,1,133,-3,2,-32,0,0
315,09/18/2010,Stanford,68,38,303,28,20,232,0,0,Wake Forest,24,53,207,20,8,76,1,1,H,17.5,44,-15,96,8,12,156,-1,-1
316,09/18/2010,Syracuse,38,26,78,29,19,260,0,0,Maine,14,32,66,29,21,129,0,2,H, ,24,-6,12,0,-2,131,0,-2
317,09/18/2010,Temple,30,36,194,22,12,162,0,1,Connecticut,16,42,240,33,16,150,0,1,H,-4.5,14,-6,-46,-11,-4,12,0,0
318,09/18/2010,Tennessee,17,23,29,31,19,259,2,1,Florida,31,49,150,23,14,167,0,2,H,-13,-14,-26,-121,8,5,92,2,-1
319,09/18/2010,Texas,24,43,93,36,21,227,3,1,Texas Tech,14,18,-14,36,21,158,2,1,V,3.5,10,25,107,0,0,69,1,0
320,09/18/2010,Texas A+M,27,45,206,31,11,194,4,1,Florida Intl,20,39,115,33,14,117,1,0,H,28,7,6,91,-2,-3,77,3,1
321,09/18/2010,Texas Christian,45,48,291,23,21,267,0,0,Baylor,10,26,99,30,16,164,0,0,H,21,35,22,192,-7,5,103,0,0
322,09/18/2010,Texas Tech,14,18,-14,36,21,158,2,1,Texas,24,43,93,36,21,227,3,1,H,-3.5,-10,-25,-107,0,0,-69,-1,0
323,09/18/2010,Toledo,37,40,95,19,11,173,2,0,Western Michigan,24,26,13,64,43,403,4,2,V,-3.5,13,14,82,-45,-32,-230,-2,-2
324,09/18/2010,Troy,33,34,150,46,28,416,0,2,U-A-B,34,30,159,45,25,376,2,2,V,3.5,-1,4,-9,1,3,40,-2,0
325,09/18/2010,Tulsa,28,44,199,35,23,229,3,0,Oklahoma State,65,34,148,43,31,574,1,0,V,-7,-37,10,51,-8,-8,-345,2,0
326,09/18/2010,U-A-B,34,30,159,45,25,376,2,2,Troy,33,34,150,46,28,416,0,2,H,-3.5,1,-4,9,-1,-3,-40,2,0
327,09/18/2010,U-C-F,24,41,158,27,15,130,0,0,Buffalo,10,49,136,32,15,190,2,0,V,7.5,14,-8,22,-5,0,-60,-2,0
328,09/18/2010,U.C.L.A.,31,51,266,17,9,99,1,2,Houston,13,30,108,38,23,252,2,1,H,-4,18,21,158,-21,-14,-153,-1,1
329,09/18/2010,UL-Monroe,20,30,124,32,19,267,2,0,Arkansas State,34,48,234,33,21,240,0,1,V,-4.5,-14,-18,-110,-1,-2,27,2,-1
330,09/18/2010,UTEP,42,35,249,32,19,246,0,0,New Mexico State,10,24,96,40,21,200,1,0,H,16,32,11,153,-8,-2,46,-1,0
331,09/18/2010,Utah,56,35,180,23,20,248,0,3,New Mexico,14,37,69,35,18,161,1,0,V,23,42,-2,111,-12,2,87,-1,3
332,09/18/2010,Utah State,24,45,205,23,11,106,0,0,Fresno State,41,44,230,23,15,149,1,1,H,-3.5,-17,1,-25,0,-4,-43,-1,-1
333,09/18/2010,Vanderbilt,28,41,227,19,9,73,0,0,Mississippi,14,44,195,35,19,190,2,1,V,-11.5,14,-3,32,-16,-10,-117,-2,-1
334,09/18/2010,Virginia Tech,49,41,249,16,8,199,0,1,East Carolina,27,30,110,44,30,251,2,0,H,20,22,11,139,-28,-22,-52,-2,1
335,09/18/2010,Wake Forest,24,53,207,20,8,76,1,1,Stanford,68,38,303,28,20,232,0,0,V,-17.5,-44,15,-96,-8,-12,-156,1,1
336,09/18/2010,Washington,21,39,175,20,4,71,2,0,Nebraska,56,54,383,11,7,150,0,1,H,-3.5,-35,-15,-208,9,-3,-79,2,-1
337,09/18/2010,Washington State,21,28,66,33,18,284,0,0,S-M-U,35,28,140,34,19,280,0,1,V,-23.5,-14,0,-74,-1,-1,4,0,-1
338,09/18/2010,West Virginia,31,55,201,30,19,268,1,2,Maryland,17,27,-10,24,13,227,0,1,H,10,14,28,211,6,6,41,1,1
339,09/18/2010,Western Kentucky,21,31,144,20,13,144,0,1,Indiana,38,31,100,42,32,366,0,1,H,-13.5,-17,0,44,-22,-19,-222,0,0
340,09/18/2010,Western Michigan,24,26,13,64,43,403,4,2,Toledo,37,40,95,19,11,173,2,0,H,3.5,-13,-14,-82,45,32,230,2,2
341,09/18/2010,Wisconsin,20,42,194,25,19,246,0,0,Arizona State,19,28,169,33,21,211,0,0,H,11.5,1,14,25,-8,-2,35,0,0
342,09/18/2010,Wyoming,6,28,-21,21,12,156,2,1,Boise State,50,55,275,31,21,373,1,1,H,-23.5,-44,-27,-296,-10,-9,-217,1,0
343,09/23/2010,Miami-Florida,31,35,100,32,21,248,2,0,Pittsburgh,3,36,128,24,13,104,2,1,V,4.5,28,-1,-28,8,8,144,0,-1
344,09/23/2010,Pittsburgh,3,36,128,24,13,104,2,1,Miami-Florida,31,35,100,32,21,248,2,0,H,-4.5,-28,1,28,-8,-8,-144,0,1
345,09/24/2010,S-M-U,24,29,192,35,14,169,1,0,Texas Christian,41,46,190,27,15,185,2,0,H,-18.5,-17,-17,2,8,-1,-16,-1,0
346,09/24/2010,Texas Christian,41,46,190,27,15,185,2,0,S-M-U,24,29,192,35,14,169,1,0,V,18.5,17,17,-2,-8,1,16,1,0
347,09/25/2010,Air Force,20,71,379,13,5,66,1,0,Wyoming,14,34,174,11,6,66,1,1,V,14,6,37,205,2,-1,0,0,-1
348,09/25/2010,Akron,20,30,160,27,15,175,0,0,Indiana,35,29,84,33,23,342,0,0,V,-22.5,-15,1,76,-6,-8,-167,0,0
349,09/25/2010,Alabama,24,40,227,26,18,194,2,-1,Arkansas,20,20,64,38,25,357,3,0,V,7,4,20,163,-12,-7,-163,-1,-1
350,09/25/2010,Arizona,10,26,99,39,25,212,1,1,California,9,36,146,27,13,116,1,0,H,6.5,1,-10,-47,12,12,96,0,1
351,09/25/2010,Arizona State,31,46,210,53,30,387,4,3,Oregon,42,36,145,33,19,260,1,1,H,-11.5,-11,10,65,20,11,127,3,2
352,09/25/2010,Arkansas,20,20,64,38,25,357,3,0,Alabama,24,40,227,26,18,194,2,0,H,-7,-4,-20,-163,12,7,163,1,0
353,09/25/2010,Arkansas State,28,47,213,33,16,237,2,1,Troy,35,41,186,39,19,319,1,1,V,-10.5,-7,6,27,-6,-3,-82,1,0
354,09/25/2010,Army,35,66,248,6,4,85,0,0,Duke,21,24,111,30,17,261,3,2,V,-6.5,14,42,137,-24,-13,-176,-3,-2
355,09/25/2010,Auburn,35,57,334,21,16,158,0,2,South Carolina,27,28,79,28,18,298,2,2,H,3,8,29,255,-7,-2,-140,-2,0
356,09/25/2010,Ball State,0,31,56,19,8,56,1,1,Iowa,45,44,256,29,21,306,0,1,V,-28,-45,-13,-200,-10,-13,-250,1,0
357,09/25/2010,Baylor,30,37,188,28,20,268,1,1,Rice,13,32,92,38,27,204,2,0,V,8,17,5,96,-10,-7,64,-1,1
358,09/25/2010,Boise State,37,36,175,28,20,294,0,1,Oregon State,24,33,78,26,12,159,0,0,H,18.5,13,3,97,2,8,135,0,1
359,09/25/2010,Boston College,0,28,70,32,16,180,2,1,Virginia Tech,19,40,106,21,16,237,1,0,H,-3.5,-19,-12,-36,11,0,-57,1,1
360,09/25/2010,Bowling Green,21,27,32,31,19,251,2,0,Michigan,65,56,466,26,23,255,0,2,V,-25,-44,-29,-434,5,-4,-4,2,-2
361,09/25/2010,Brigham Young,13,25,91,45,24,229,0,0,Nevada-Reno,27,53,239,26,16,196,1,1,H,-4,-14,-28,-148,19,8,33,-1,-1
362,09/25/2010,Buffalo,21,44,141,46,18,227,4,0,Connecticut,45,35,166,25,14,233,1,2,V,-21,-24,9,-25,21,4,-6,3,-2
363,09/25/2010,California,9,36,146,27,13,116,1,0,Arizona,10,26,99,39,25,212,1,1,V,-6.5,-1,10,47,-12,-12,-96,0,-1
364,09/25/2010,Central Michigan,25,23,76,43,29,347,2,1,Northwestern,30,47,149,30,23,280,1,1,V,-7,-5,-24,-73,13,6,67,1,0
365,09/25/2010,Cincinnati,29,32,156,38,23,305,1,3,Oklahoma,31,43,82,51,36,370,1,0,H,-14,-2,-11,74,-13,-13,-65,0,3
366,09/25/2010,Colorado State,36,32,108,37,29,386,1,0,Idaho,34,33,112,30,25,347,0,1,H,-8,2,-1,-4,7,4,39,1,-1
367,09/25/2010,Connecticut,45,35,166,25,14,233,1,2,Buffalo,21,44,141,46,18,227,4,0,H,21,24,-9,25,-21,-4,6,-3,2
368,09/25/2010,Duke,21,24,111,30,17,261,3,2,Army,35,66,248,6,4,85,0,-1,H,6.5,-14,-42,-137,24,13,176,3,3
369,09/25/2010,Eastern Michigan,20,29,40,28,14,208,0,1,Ohio State,73,41,342,33,26,303,0,1,V,-44,-53,-12,-302,-5,-12,-95,0,0
370,09/25/2010,Florida,48,33,176,36,25,290,1,0,Kentucky,14,28,99,41,22,253,2,0,H,14,34,5,77,-5,3,37,-1,0
371,09/25/2010,Florida Atlantic,17,24,84,31,20,273,1,1,North Texas,21,54,257,15,10,146,1,1,H,10,-4,-30,-173,16,10,127,0,0
372,09/25/2010,Florida Intl,28,40,117,58,35,355,2,0,Maryland,42,28,169,27,18,250,0,0,V,-10,-14,12,-52,31,17,105,2,0
373,09/25/2010,Florida State,31,39,201,39,26,284,0,2,Wake Forest,0,42,103,17,11,82,1,1,H,20,31,-3,98,22,15,202,-1,1
374,09/25/2010,Fresno State,38,33,30,43,32,390,0,1,Mississippi,55,47,425,12,8,153,1,1,V,-2,-17,-14,-395,31,24,237,-1,0
375,09/25/2010,Georgia,12,34,113,31,18,274,0,2,Mississippi State,24,44,179,14,8,135,1,0,V,-1,-12,-10,-66,17,10,139,-1,2
376,09/25/2010,Georgia Tech,28,48,247,18,5,116,0,2,No Carolina State,45,40,159,41,28,368,1,1,H,7.5,-17,8,88,-23,-23,-252,-1,1
377,09/25/2010,Hawaii,66,23,93,42,26,490,3,1,Charleston Southern,7,41,52,36,19,175,2,2,H, ,59,-18,41,6,7,315,1,-1
378,09/25/2010,Houston,42,45,175,28,19,174,1,2,Tulane,23,32,105,36,18,226,3,0,H,19,19,13,70,-8,1,-52,-2,2
379,09/25/2010,Idaho,34,33,112,30,25,347,0,1,Colorado State,36,32,108,37,29,386,1,0,V,8,-2,1,4,-7,-4,-39,-1,1
380,09/25/2010,Indiana,35,29,84,33,23,342,0,0,Akron,20,30,160,27,15,175,0,0,H,22.5,15,-1,-76,6,8,167,0,0
381,09/25/2010,Iowa,45,44,256,29,21,306,0,1,Ball State,0,31,56,19,8,56,1,1,H,28,45,13,200,10,13,250,-1,0
382,09/25/2010,Iowa State,27,35,117,24,12,93,0,0,Northern Iowa,0,43,146,23,12,174,3,2,H, ,27,-8,-29,1,0,-81,-3,-2
383,09/25/2010,Kansas,42,44,237,29,18,264,0,0,New Mexico State,16,35,128,20,12,147,0,0,H,24,26,9,109,9,6,117,0,0
384,09/25/2010,Kansas State,17,32,83,22,11,189,1,1,U-C-F,13,51,252,18,8,92,2,0,H,7,4,-19,-169,4,3,97,-1,1
385,09/25/2010,Kentucky,14,28,99,41,22,253,2,0,Florida,48,33,176,36,25,290,1,0,V,-14,-34,-5,-77,5,-3,-37,1,0
386,09/25/2010,Louisiana State,20,36,150,23,11,80,2,0,West Virginia,14,27,58,29,14,119,1,1,H,9.5,6,9,92,-6,-3,-39,1,-1
387,09/25/2010,Louisiana Tech,12,25,47,39,22,262,3,1,Southern Miss,13,54,192,38,22,233,1,1,H,-3.5,-1,-29,-145,1,0,29,2,0
388,09/25/2010,Marshall,24,35,96,30,21,295,0,0,Ohio,23,35,130,22,12,201,1,0,H,6,1,0,-34,8,9,94,-1,0
389,09/25/2010,Maryland,42,28,169,27,18,250,0,0,Florida Intl,28,40,117,58,35,355,2,0,H,10,14,-12,52,-31,-17,-105,-2,0
390,09/25/2010,Memphis,13,40,144,30,20,144,2,0,UTEP,16,30,117,33,16,171,1,0,V,-12,-3,10,27,-3,4,-27,1,0
391,09/25/2010,Miami-Ohio,13,34,70,34,25,246,1,2,Missouri,51,38,236,23,17,233,1,0,V,-20,-38,-4,-166,11,8,13,0,2
392,09/25/2010,Michigan,65,56,466,26,23,255,0,2,Bowling Green,21,27,32,31,19,251,2,0,H,25,44,29,434,-5,4,4,-2,2
393,09/25/2010,Michigan State,45,37,201,25,19,331,0,1,Northern Colorado,7,33,119,28,9,147,4,0,H, ,38,4,82,-3,10,184,-4,1
394,09/25/2010,Middle Tennessee,34,34,217,36,21,207,1,0,UL-Lafayette,14,47,126,37,19,214,0,2,V,2,20,-13,91,-1,2,-7,1,-2
395,09/25/2010,Minnesota,23,32,97,46,31,373,1,0,Northern Illinois,34,28,297,17,11,81,0,1,H,4,-11,4,-200,29,20,292,1,-1
396,09/25/2010,Mississippi,55,47,425,12,8,153,1,1,Fresno State,38,33,30,43,32,390,0,1,H,2,17,14,395,-31,-24,-237,1,0
397,09/25/2010,Mississippi State,24,44,179,14,8,135,1,0,Georgia,12,34,113,31,18,274,0,2,H,1,12,10,66,-17,-10,-139,1,-2
398,09/25/2010,Missouri,51,38,236,23,17,233,1,0,Miami-Ohio,13,34,70,34,25,246,1,2,H,20,38,4,166,-11,-8,-13,0,-2
399,09/25/2010,Nebraska,17,48,205,16,6,140,2,1,South Dakota State,3,37,141,28,12,95,2,0,H, ,14,11,64,-12,-6,45,0,1
400,09/25/2010,Nevada-Las Vegas,45,39,185,25,17,230,0,0,New Mexico,10,38,114,40,17,177,2,1,H,10.5,35,1,71,-15,0,53,-2,-1
401,09/25/2010,Nevada-Reno,27,53,239,26,16,196,1,1,Brigham Young,13,25,91,45,24,229,0,0,V,4,14,28,148,-19,-8,-33,1,1
402,09/25/2010,New Mexico,10,38,114,40,17,177,2,1,Nevada-Las Vegas,45,39,185,25,17,230,0,0,V,-10.5,-35,-1,-71,15,0,-53,2,1
403,09/25/2010,New Mexico State,16,35,128,20,12,147,0,0,Kansas,42,44,237,29,18,264,0,0,V,-24,-26,-9,-109,-9,-6,-117,0,0
404,09/25/2010,No Carolina State,45,40,159,41,28,368,1,1,Georgia Tech,28,48,247,18,5,116,0,2,V,-7.5,17,-8,-88,23,23,252,1,-1
405,09/25/2010,North Carolina,17,30,91,30,22,204,1,2,Rutgers,13,37,87,32,17,157,2,0,V,3,4,-7,4,-2,5,47,-1,2
406,09/25/2010,North Texas,21,54,257,15,10,146,1,1,Florida Atlantic,17,24,84,31,20,273,1,1,V,-10,4,30,173,-16,-10,-127,0,0
407,09/25/2010,Northern Illinois,34,28,297,17,11,81,0,1,Minnesota,23,32,97,46,31,373,1,0,V,-4,11,-4,200,-29,-20,-292,-1,1
408,09/25/2010,Northwestern,30,47,149,30,23,280,1,1,Central Michigan,25,23,76,43,29,347,2,1,H,7,5,24,73,-13,-6,-67,-1,0
409,09/25/2010,Notre Dame,14,23,44,45,26,307,1,1,Stanford,37,44,166,32,19,238,2,1,H,-5,-23,-21,-122,13,7,69,-1,0
410,09/25/2010,Ohio,23,35,134,22,12,201,1,0,Marshall,24,35,96,30,21,295,0,0,V,-6,-1,0,38,-8,-9,-94,1,0
411,09/25/2010,Ohio State,73,41,342,33,26,303,0,1,Eastern Michigan,20,29,44,28,14,208,0,1,H,44,53,12,298,5,12,95,0,0
412,09/25/2010,Oklahoma,31,43,82,51,36,370,1,0,Cincinnati,29,32,156,38,23,305,1,3,V,14,2,11,-74,13,13,65,0,-3
413,09/25/2010,Oregon,42,36,145,33,19,260,1,1,Arizona State,31,46,210,53,30,387,4,3,V,11.5,11,-10,-65,-20,-11,-127,-3,-2
414,09/25/2010,Oregon State,24,33,78,26,12,159,0,0,Boise State,37,36,175,28,20,294,0,1,V,-18.5,-13,-3,-97,-2,-8,-135,0,-1
415,09/25/2010,Penn State,22,46,216,28,18,223,0,1,Temple,13,32,156,19,8,46,3,1,H,14,9,14,60,9,10,177,-3,0
416,09/25/2010,Purdue,20,43,220,34,18,150,1,2,Toledo,31,38,169,31,24,209,0,2,H,11.5,-11,5,51,3,-6,-59,1,0
417,09/25/2010,Rice,13,32,92,38,27,204,2,0,Baylor,30,37,188,28,20,268,1,1,H,-8,-17,-5,-96,10,7,-64,1,-1
418,09/25/2010,Rutgers,13,37,87,32,17,157,2,0,North Carolina,17,31,100,30,22,204,1,2,H,-3,-4,6,-13,2,-5,-47,1,-2
419,09/25/2010,San Diego State,41,38,142,24,17,362,1,1,Utah State,7,40,115,31,14,130,1,0,H,8.5,34,-2,27,-7,3,232,0,1
420,09/25/2010,San Jose State,3,32,94,13,9,78,0,0,Utah,56,40,272,24,18,155,0,0,V,-30.5,-53,-8,-178,-11,-9,-77,0,0
421,09/25/2010,South Carolina,27,28,79,29,19,305,2,2,Auburn,35,57,334,21,16,158,0,2,V,-3,-8,-29,-255,8,3,147,2,0
422,09/25/2010,South Florida,24,44,226,11,7,57,1,0,Western Kentucky,12,31,88,38,20,226,1,0,H,28,12,13,138,-27,-13,-169,0,0
423,09/25/2010,Southern Cal,50,39,285,30,20,328,2,1,Washington State,16,26,67,41,26,256,3,0,V,22.5,34,13,218,-11,-6,72,-1,1
424,09/25/2010,Southern Miss,13,54,192,38,22,233,1,1,Louisiana Tech,12,25,47,39,22,262,3,1,V,3.5,1,29,145,-1,0,-29,-2,0
425,09/25/2010,Stanford,37,44,166,32,19,238,2,1,Notre Dame,14,23,34,45,26,307,1,1,V,5,23,21,132,-13,-7,-69,1,0
426,09/25/2010,Syracuse,42,29,249,17,9,188,0,1,Colgate,7,52,230,31,20,146,2,0,H, ,35,-23,19,-14,-11,42,-2,1
427,09/25/2010,Temple,13,32,156,19,8,46,3,1,Penn State,22,46,216,28,18,223,0,1,V,-14,-9,-14,-60,-9,-10,-177,3,0
428,09/25/2010,Tennessee,32,27,42,34,19,245,0,0,U-A-B,29,32,115,60,33,429,1,0,H,14,3,-5,-73,-26,-14,-184,-1,0
429,09/25/2010,Texas,12,23,85,45,30,264,1,4,U.C.L.A.,34,56,264,9,5,27,0,2,H,16,-22,-33,-179,36,25,237,1,2
430,09/25/2010,Toledo,31,38,169,31,24,209,0,2,Purdue,20,43,220,34,18,150,1,2,V,-11.5,11,-5,-51,-3,6,59,-1,0
431,09/25/2010,Troy,35,41,186,39,19,319,1,1,Arkansas State,28,47,213,33,16,237,2,1,H,10.5,7,-6,-27,6,3,82,-1,0
432,09/25/2010,Tulane,23,32,105,36,18,226,3,0,Houston,42,45,175,28,19,174,1,2,V,-19,-19,-13,-70,8,-1,52,2,-2
433,09/25/2010,Tulsa,41,42,282,37,24,257,2,0,Central Arkansas,14,39,136,32,15,183,1,1,H, ,27,3,146,5,9,74,1,-1
434,09/25/2010,U-A-B,29,32,115,60,33,429,1,0,Tennessee,32,27,42,34,19,245,0,0,V,-14,-3,5,73,26,14,184,1,0
435,09/25/2010,U-C-F,13,51,252,18,8,92,2,0,Kansas State,17,32,83,22,11,189,1,1,V,-7,-4,19,169,-4,-3,-97,1,-1
436,09/25/2010,U.C.L.A.,34,56,264,9,5,27,0,2,Texas,12,23,85,45,30,264,1,4,V,-16,22,33,179,-36,-25,-237,-1,-2
437,09/25/2010,UL-Lafayette,14,47,126,37,19,214,0,2,Middle Tennessee,34,34,217,36,21,207,1,0,H,-2,-20,13,-91,1,-2,7,-1,2
438,09/25/2010,UL-Monroe,21,52,114,34,23,249,1,2,S E Louisiana,20,24,54,41,20,212,1,0,H, ,1,28,60,-7,3,37,0,2
439,09/25/2010,UTEP,16,30,117,33,16,171,1,0,Memphis,13,40,144,30,20,144,2,0,H,12,3,-10,-27,3,-4,27,-1,0
440,09/25/2010,Utah,56,40,272,24,18,155,0,0,San Jose State,3,32,94,13,9,78,0,0,H,30.5,53,8,178,11,9,77,0,0
441,09/25/2010,Utah State,7,40,115,31,14,130,1,0,San Diego State,41,38,142,24,17,362,1,1,V,-8.5,-34,2,-27,7,-3,-232,0,-1
442,09/25/2010,Virginia,48,36,125,34,24,341,1,2,Virginia Military,7,33,46,21,11,133,2,0,H, ,41,3,79,13,13,208,-1,2
443,09/25/2010,Virginia Tech,19,40,106,21,16,237,1,0,Boston College,0,28,70,32,16,180,2,1,V,3.5,19,12,36,-11,0,57,-1,-1
444,09/25/2010,Wake Forest,0,42,103,17,11,82,1,1,Florida State,31,39,201,39,26,284,0,2,V,-20,-31,3,-98,-22,-15,-202,1,-1
445,09/25/2010,Washington State,16,26,67,41,26,256,3,0,Southern Cal,50,39,285,30,20,328,2,1,H,-22.5,-34,-13,-218,11,6,-72,1,-1
446,09/25/2010,West Virginia,14,27,58,29,14,119,1,1,Louisiana State,20,36,150,23,11,80,2,0,V,-9.5,-6,-9,-92,6,3,39,-1,1
447,09/25/2010,Western Kentucky,12,31,88,38,20,226,1,0,South Florida,24,44,226,11,7,57,1,0,V,-28,-12,-13,-138,27,13,169,0,0
448,09/25/2010,Wisconsin,70,44,346,24,21,272,0,0,Austin Peay,3,32,42,19,9,115,0,0,H, ,67,12,304,5,12,157,0,0
449,09/25/2010,Wyoming,14,34,174,11,6,66,1,1,Air Force,20,71,379,13,5,66,1,0,H,-14,-6,-37,-205,-2,1,0,0,1
450,09/30/2010,Oklahoma State,38,26,67,42,28,284,2,1,Texas A+M,35,44,126,62,40,409,4,1,H,3,3,-18,-59,-20,-12,-125,-2,0
451,09/30/2010,Texas A+M,35,44,126,62,40,409,4,1,Oklahoma State,38,26,67,42,28,284,2,1,V,-3,-3,18,59,20,12,125,2,0
452,10/01/2010,Brigham Young,16,25,65,55,27,270,2,0,Utah State,31,59,242,13,10,192,0,1,V,4.5,-15,-34,-177,42,17,78,2,-1
453,10/01/2010,Utah State,31,59,242,13,10,192,0,1,Brigham Young,16,25,65,55,27,270,2,0,H,-4.5,15,34,177,-42,-17,-78,-2,1
454,10/02/2010,Air Force,14,53,292,7,5,83,0,2,Navy,6,50,209,18,6,103,2,0,H,9.5,8,3,83,-11,-1,-20,-2,2
455,10/02/2010,Akron,14,27,129,27,14,128,2,0,Northern Illinois,50,47,228,22,17,292,0,1,H,-14,-36,-20,-99,5,-3,-164,2,-1
456,10/02/2010,Alabama,31,34,170,18,12,103,0,0,Florida,6,31,79,32,16,202,3,1,H,8,25,3,91,-14,-4,-99,-3,-1
457,10/02/2010,Arizona State,28,51,161,29,14,203,3,0,Oregon State,31,31,136,29,19,260,0,0,V,-3,-3,20,25,0,-5,-57,3,0
458,10/02/2010,Arkansas State,24,36,200,25,12,209,2,2,Louisville,34,50,267,33,20,308,1,1,H,-6.5,-10,-14,-67,-8,-8,-99,1,1
459,10/02/2010,Army,35,57,235,17,9,124,0,0,Temple,42,36,256,17,8,151,0,1,H,-6,-7,21,-21,0,1,-27,0,-1
460,10/02/2010,Auburn,52,33,233,24,17,272,1,0,UL-Monroe,3,33,38,41,29,232,1,3,H,35.5,49,0,195,-17,-12,40,0,-3
461,10/02/2010,Ball State,31,43,306,18,12,130,0,1,Central Michigan,17,26,76,48,25,295,3,1,V,-19.5,14,17,230,-30,-13,-165,-3,0
462,10/02/2010,Baylor,55,46,244,38,28,434,0,0,Kansas,7,37,99,28,16,171,2,2,H,9,48,9,145,10,12,263,-2,-2
463,10/02/2010,Boise State,59,39,299,24,18,309,0,0,New Mexico State,0,41,118,22,8,90,1,2,V,43.5,59,-2,181,2,10,219,-1,-2
464,10/02/2010,Boston College,13,23,5,47,27,265,2,0,Notre Dame,31,31,112,45,24,203,1,2,H,-3,-18,-8,-107,2,3,62,1,-2
465,10/02/2010,Bowling Green,26,25,9,37,12,167,3,2,Buffalo,28,58,200,34,19,241,4,2,H,2.5,-2,-33,-191,3,-7,-74,-1,0
466,10/02/2010,Buffalo,28,58,200,34,19,241,4,2,Bowling Green,26,25,9,37,12,167,3,2,V,-2.5,2,33,191,-3,7,74,1,0
467,10/02/2010,Central Michigan,17,26,76,48,25,295,3,1,Ball State,31,43,306,18,12,130,0,1,H,19.5,-14,-17,-230,30,13,165,3,0
468,10/02/2010,Clemson,21,40,162,33,14,149,3,3,Miami-Florida,30,43,171,33,13,205,2,0,H,-4,-9,-3,-9,0,1,-56,1,3
469,10/02/2010,Colorado,29,47,235,20,13,158,1,0,Georgia,27,32,188,27,16,221,1,1,H,-4.5,2,15,47,-7,-3,-63,0,-1
470,10/02/2010,Colorado State,0,26,45,28,17,116,0,2,Texas Christian,27,49,346,25,12,128,0,0,H,-33.5,-27,-23,-301,3,5,-12,0,2
471,10/02/2010,Connecticut,40,45,196,30,21,179,1,1,Vanderbilt,21,31,169,25,15,157,2,1,H,8.5,19,14,27,5,6,22,-1,0
472,10/02/2010,Duke,16,23,48,56,28,351,2,0,Maryland,21,39,124,26,9,170,0,0,V,-9.5,-5,-16,-76,30,19,181,2,0
473,10/02/2010,East Carolina,17,16,64,52,34,283,3,0,North Carolina,42,46,263,26,18,181,0,0,V,-14,-25,-30,-199,26,16,102,3,0
474,10/02/2010,Eastern Michigan,17,35,166,30,15,208,1,0,Ohio,30,42,194,25,15,218,1,1,H,-10,-13,-7,-28,5,0,-10,0,-1
475,10/02/2010,Florida,6,32,74,32,16,202,3,1,Alabama,31,34,170,18,12,103,0,0,V,-8,-25,-2,-96,14,4,99,3,1
476,10/02/2010,Florida Atlantic,3,39,72,25,17,136,2,1,South Florida,31,39,136,20,14,155,0,0,V,-21.5,-28,0,-64,5,3,-19,2,1
477,10/02/2010,Florida Intl,17,32,93,38,23,223,0,1,Pittsburgh,44,36,300,25,15,169,0,1,V,-17,-27,-4,-207,13,8,54,0,0
478,10/02/2010,Florida State,34,42,256,29,17,172,0,1,Virginia,14,26,25,39,21,279,2,0,V,6.5,20,16,231,-10,-4,-107,-2,1
479,10/02/2010,Fresno State,38,41,253,17,12,206,1,2,Cal-San Luis Obispo,17,50,203,7,3,18,0,0,H, ,21,-9,50,10,9,188,1,2
480,10/02/2010,Georgia,27,32,188,27,16,221,1,1,Colorado,29,46,222,21,14,171,1,0,V,4.5,-2,-14,-34,6,2,50,0,1
481,10/02/2010,Georgia Tech,24,48,209,21,11,130,0,2,Wake Forest,20,43,161,23,10,107,0,0,V,10,4,5,48,-2,1,23,0,2
482,10/02/2010,Hawaii,41,22,115,58,42,532,0,2,Louisiana Tech,21,28,127,39,24,223,3,0,H,9,20,-6,-12,19,18,309,-3,2
483,10/02/2010,Idaho,33,33,97,50,30,380,2,2,Western Michigan,13,30,80,34,14,104,1,2,V,4,20,3,17,16,16,276,1,0
484,10/02/2010,Illinois,13,36,119,23,13,132,1,0,Ohio State,24,42,213,18,10,77,2,0,H,-16.5,-11,-6,-94,5,3,55,-1,0
485,10/02/2010,Indiana,35,34,88,64,45,480,1,0,Michigan,42,28,297,17,11,277,0,1,H,-10,-7,6,-209,47,34,203,1,-1
486,10/02/2010,Iowa,24,36,122,22,16,227,1,0,Penn State,3,23,54,42,22,247,1,0,H,7.5,21,13,68,-20,-6,-20,0,0
487,10/02/2010,Iowa State,52,50,251,28,20,190,0,0,Texas Tech,38,25,131,62,42,377,1,2,H,-7,14,25,120,-34,-22,-187,-1,-2
488,10/02/2010,Kansas,7,37,99,28,16,171,2,2,Baylor,55,46,244,38,28,434,0,0,V,-9,-48,-9,-145,-10,-12,-263,2,2
489,10/02/2010,Kent State,21,35,132,26,11,152,2,0,Miami-Ohio,27,29,52,47,31,294,0,1,V,3,-6,6,80,-21,-20,-142,2,-1
490,10/02/2010,Kentucky,35,30,124,47,27,300,1,2,Mississippi,42,51,211,17,9,90,0,0,V,-2.5,-7,-21,-87,30,18,210,1,2
491,10/02/2010,Louisiana State,16,36,219,33,19,215,3,1,Tennessee,14,37,96,23,12,121,0,0,H,16.5,2,-1,123,10,7,94,3,1
492,10/02/2010,Louisiana Tech,21,28,127,39,24,223,3,0,Hawaii,41,22,115,58,42,532,0,2,V,-9,-20,6,12,-19,-18,-309,3,-2
493,10/02/2010,Louisville,34,50,267,33,20,308,1,1,Arkansas State,24,36,200,25,12,209,2,2,V,6.5,10,14,67,8,8,99,-1,-1
494,10/02/2010,Marshall,16,23,45,28,17,125,0,1,Southern Miss,41,47,205,29,16,164,0,0,V,-9,-25,-24,-160,-1,1,-39,0,1
495,10/02/2010,Maryland,21,39,124,26,9,170,0,0,Duke,16,23,48,56,28,351,2,0,H,9.5,5,16,76,-30,-19,-181,-2,0
496,10/02/2010,Memphis,7,36,125,19,9,82,1,3,Tulsa,48,47,233,31,18,214,0,0,H,-8.5,-41,-11,-108,-12,-9,-132,1,3
497,10/02/2010,Miami-Florida,30,43,171,33,13,205,2,0,Clemson,21,40,162,33,14,149,3,3,V,4,9,3,9,0,-1,56,-1,-3
498,10/02/2010,Miami-Ohio,27,29,52,47,31,294,0,1,Kent State,21,35,132,26,11,152,2,0,H,-3,6,-6,-80,21,20,142,-2,1
499,10/02/2010,Michigan,42,28,297,17,11,277,0,1,Indiana,35,34,88,64,45,480,1,0,V,10,7,-6,209,-47,-34,-203,-1,1
500,10/02/2010,Michigan State,34,45,175,29,20,269,2,1,Wisconsin,24,31,165,25,11,127,0,0,H,-3,10,14,10,4,9,142,2,1
501,10/02/2010,Minnesota,28,37,165,24,15,202,1,0,Northwestern,29,43,177,30,23,309,1,2,H,-5,-1,-6,-12,-6,-8,-107,0,-2
502,10/02/2010,Mississippi,42,51,211,17,9,90,0,0,Kentucky,35,30,124,47,27,300,1,2,H,2.5,7,21,87,-30,-18,-210,-1,-2
503,10/02/2010,Mississippi State,49,32,217,30,20,349,1,1,Alcorn State,16,37,121,27,14,209,0,0,H, ,33,-5,96,3,6,140,1,1
504,10/02/2010,Navy,6,50,209,18,6,103,2,0,Air Force,14,53,292,7,5,83,0,2,V,-9.5,-8,-3,-83,11,1,20,2,-2
505,10/02/2010,Nevada-Las Vegas,26,33,80,23,14,214,1,1,Nevada-Reno,44,50,374,19,14,142,1,2,H,-20.5,-18,-17,-294,4,0,72,0,-1
506,10/02/2010,Nevada-Reno,44,50,374,19,14,142,1,2,Nevada-Las Vegas,26,33,80,23,14,214,1,1,V,20.5,18,17,294,-4,0,-72,0,1
507,10/02/2010,New Mexico,20,31,98,32,18,139,2,1,UTEP,38,40,169,39,21,266,0,2,H,-15.5,-18,-9,-71,-7,-3,-127,2,-1
508,10/02/2010,New Mexico State,0,41,118,22,8,90,1,2,Boise State,59,39,299,24,18,309,0,0,H,-43.5,-59,2,-181,-2,-10,-219,1,2
509,10/02/2010,No Carolina State,30,33,145,49,21,362,3,0,Virginia Tech,41,37,317,24,12,123,1,0,H,-3.5,-11,-4,-172,25,9,239,2,0
510,10/02/2010,North Carolina,42,46,263,26,18,181,0,0,East Carolina,17,16,64,52,34,283,3,0,H,14,25,30,199,-26,-16,-102,-3,0
511,10/02/2010,North Texas,27,44,187,31,22,191,1,1,UL-Lafayette,28,25,41,32,18,310,0,0,H,4.5,-1,19,146,-1,4,-119,1,1
512,10/02/2010,Northern Illinois,50,47,228,22,17,292,0,1,Akron,14,27,129,27,14,128,2,0,V,14,36,20,99,-5,3,164,-2,1
513,10/02/2010,Northwestern,29,43,177,30,23,309,1,2,Minnesota,28,37,165,24,15,202,1,0,V,5,1,6,12,6,8,107,0,2
514,10/02/2010,Notre Dame,31,31,112,45,24,203,1,2,Boston College,13,23,5,47,27,265,2,0,V,3,18,8,107,-2,-3,-62,-1,2
515,10/02/2010,Ohio,30,42,194,25,15,218,1,1,Eastern Michigan,17,35,166,30,15,208,1,0,V,10,13,7,28,-5,0,10,0,1
516,10/02/2010,Ohio State,24,42,213,18,10,77,2,0,Illinois,13,36,119,23,13,132,1,0,V,16.5,11,6,94,-5,-3,-55,1,0
517,10/02/2010,Oklahoma,28,52,124,39,24,236,0,0,Texas,20,22,107,42,27,266,1,1,N,3.5,8,30,17,-3,-3,-30,-1,-1
518,10/02/2010,Oregon,52,51,368,29,20,238,2,1,Stanford,31,31,177,46,29,341,2,1,H,6.5,21,20,191,-17,-9,-103,0,0
519,10/02/2010,Oregon State,31,31,156,29,19,260,0,0,Arizona State,28,51,161,29,14,203,3,0,H,3,3,-20,-5,0,5,57,-3,0
520,10/02/2010,Penn State,3,23,54,42,22,247,1,0,Iowa,24,36,122,22,16,227,1,0,V,-7.5,-21,-13,-68,20,6,20,0,0
521,10/02/2010,Pittsburgh,44,36,300,25,15,169,0,1,Florida Intl,17,32,93,38,23,223,0,1,H,17,27,4,207,-13,-8,-54,0,0
522,10/02/2010,Rice,31,43,120,43,27,276,2,0,S-M-U,42,21,101,32,24,371,0,1,H,-11.5,-11,22,19,11,3,-95,2,-1
523,10/02/2010,Rutgers,14,33,148,34,15,205,1,0,Tulane,17,28,37,33,20,208,0,0,H,17.5,-3,5,111,1,-5,-3,1,0
524,10/02/2010,S-M-U,42,21,101,32,24,371,0,1,Rice,31,43,120,43,27,276,2,0,V,11.5,11,-22,-19,-11,-3,95,-2,1
525,10/02/2010,San Jose State,13,33,114,24,16,225,1,1,UC-Davis,14,24,37,34,20,223,0,0,H, ,-1,9,77,-10,-4,2,1,1
526,10/02/2010,South Florida,31,39,136,20,14,155,0,0,Florida Atlantic,3,40,67,25,17,136,2,1,H,21.5,28,-1,69,-5,-3,19,-2,-1
527,10/02/2010,Southern Cal,31,39,298,20,14,186,0,1,Washington,32,34,225,41,25,311,0,1,H,10,-1,5,73,-21,-11,-125,0,0
528,10/02/2010,Southern Miss,41,47,205,29,16,164,0,0,Marshall,16,23,45,28,17,125,0,1,H,9,25,24,160,1,-1,39,0,-1
529,10/02/2010,Stanford,31,31,177,46,29,341,2,1,Oregon,52,51,388,29,20,238,2,1,V,-6.5,-21,-20,-211,17,9,103,0,0
530,10/02/2010,Temple,42,36,256,17,8,151,0,1,Army,35,57,235,17,9,124,0,0,V,6,7,-21,21,0,-1,27,0,1
531,10/02/2010,Tennessee,14,37,96,23,12,121,0,0,Louisiana State,16,36,219,33,19,215,3,1,V,-16.5,-2,1,-123,-10,-7,-94,-3,-1
532,10/02/2010,Texas,20,22,107,42,27,266,1,1,Oklahoma,28,52,124,39,24,236,0,0,N,-3.5,-8,-30,-17,3,3,30,1,1
533,10/02/2010,Texas Christian,27,49,346,25,12,128,0,0,Colorado State,0,26,45,29,17,116,0,2,V,33.5,27,23,301,-4,-5,12,0,-2
534,10/02/2010,Texas Tech,38,25,131,62,42,377,1,2,Iowa State,52,50,251,28,20,190,0,0,V,7,-14,-25,-120,34,22,187,1,2
535,10/02/2010,Toledo,15,37,190,35,14,184,0,1,Wyoming,20,44,93,24,13,173,1,1,H,5,-5,-7,97,11,1,11,-1,0
536,10/02/2010,Tulane,17,28,37,33,20,208,0,0,Rutgers,14,33,148,34,15,205,1,0,V,-17.5,3,-5,-111,-1,5,3,-1,0
537,10/02/2010,Tulsa,48,47,233,31,18,214,0,0,Memphis,7,36,125,19,9,82,1,3,V,8.5,41,11,108,12,9,132,-1,-3
538,10/02/2010,U.C.L.A.,42,56,437,23,12,128,0,2,Washington State,28,31,73,37,20,311,0,1,H,23.5,14,25,364,-14,-8,-183,0,1
539,10/02/2010,UL-Lafayette,28,25,41,32,18,310,0,0,North Texas,27,44,187,31,22,191,1,1,V,-4.5,1,-19,-146,1,-4,119,-1,-1
540,10/02/2010,UL-Monroe,3,33,38,41,29,232,1,3,Auburn,52,33,233,24,17,272,1,0,V,-35.5,-49,0,-195,17,12,-40,0,3
541,10/02/2010,UTEP,38,40,169,39,21,266,0,2,New Mexico,20,31,98,32,18,139,2,1,V,15.5,18,9,71,7,3,127,-2,1
542,10/02/2010,Vanderbilt,21,31,169,25,15,157,2,1,Connecticut,40,45,196,30,21,179,1,1,V,-8.5,-19,-14,-27,-5,-6,-22,1,0
543,10/02/2010,Virginia,14,26,25,39,21,279,2,0,Florida State,34,42,256,29,17,172,0,1,H,-6.5,-20,-16,-231,10,4,107,2,-1
544,10/02/2010,Virginia Tech,41,37,317,24,12,123,1,0,No Carolina State,30,33,145,49,21,362,3,0,V,3.5,11,4,172,-25,-9,-239,-2,0
545,10/02/2010,Wake Forest,20,43,161,23,10,107,0,0,Georgia Tech,24,48,209,21,11,130,0,2,H,-10,-4,-5,-48,2,-1,-23,0,-2
546,10/02/2010,Washington,32,34,225,41,25,311,0,1,Southern Cal,31,39,298,20,14,186,0,1,V,-10,1,-5,-73,21,11,125,0,0
547,10/02/2010,Washington State,28,31,73,37,20,311,0,1,U.C.L.A.,42,56,437,23,12,128,0,2,V,-23.5,-14,-25,-364,14,8,183,0,-1
548,10/02/2010,Western Michigan,13,30,80,35,14,104,1,2,Idaho,33,33,97,50,30,380,2,2,H,-4,-20,-3,-17,-15,-16,-276,-1,0
549,10/02/2010,Wisconsin,24,31,165,25,11,127,0,0,Michigan State,34,45,175,29,20,269,2,1,V,3,-10,-14,-10,-4,-9,-142,-2,-1
550,10/02/2010,Wyoming,20,44,93,24,13,173,1,1,Toledo,15,37,190,35,14,184,0,1,V,-5,5,7,-97,-11,-1,-11,1,0
551,10/05/2010,Middle Tennessee,13,28,28,41,24,179,1,1,Troy,42,40,238,40,29,281,0,0,H,4,-29,-12,-210,1,-5,-102,1,1
552,10/05/2010,Troy,42,40,238,40,29,281,0,0,Middle Tennessee,13,28,28,41,24,179,1,1,V,-4,29,12,210,-1,5,102,-1,-1
553,10/06/2010,U-A-B,7,35,116,34,15,153,2,1,U-C-F,42,48,228,15,12,171,0,2,V,-11,-35,-13,-112,19,3,-18,2,-1
554,10/06/2010,U-C-F,42,48,228,15,12,171,0,2,U-A-B,7,35,116,34,15,153,2,1,H,11,35,13,112,-19,-3,18,-2,1
555,10/07/2010,Kansas State,13,44,180,27,19,135,1,0,Nebraska,48,42,451,10,6,136,0,0,H,-11,-35,2,-271,17,13,-1,1,0
556,10/07/2010,Nebraska,48,42,451,10,6,136,0,0,Kansas State,13,44,180,27,19,135,1,0,V,11,35,-2,271,-17,-13,1,-1,0
557,10/08/2010,Connecticut,24,26,131,34,17,153,1,0,Rutgers,27,38,88,32,19,365,0,0,V,5,-3,-12,43,2,-2,-212,1,0
558,10/08/2010,Oklahoma State,54,36,141,47,29,351,2,0,UL-Lafayette,28,25,34,62,36,334,1,1,V,24,26,11,107,-15,-7,17,1,-1
559,10/08/2010,Rutgers,27,38,88,32,19,365,0,0,Connecticut,24,26,131,34,17,153,1,0,H,-5,3,12,-43,-2,2,212,-1,0
560,10/08/2010,UL-Lafayette,28,25,34,62,36,334,1,1,Oklahoma State,54,36,141,47,29,351,2,0,H,-24,-26,-11,-107,15,7,-17,-1,1
561,10/09/2010,Air Force,49,47,248,10,6,185,1,1,Colorado State,27,50,285,35,22,136,1,1,H,24,22,-3,-37,-25,-16,49,0,0
562,10/09/2010,Akron,17,35,62,33,16,133,3,2,Kent State,28,32,75,34,17,186,0,0,V,-17,-11,3,-13,-1,-1,-53,3,2
563,10/09/2010,Alabama,21,29,36,35,27,315,0,1,South Carolina,35,37,110,20,17,201,1,0,V,7,-14,-8,-74,15,10,114,-1,1
564,10/09/2010,Arizona,27,19,101,46,35,440,1,0,Oregon State,29,35,93,42,30,393,1,0,H,8,-2,-16,8,4,5,47,0,0
565,10/09/2010,Arizona State,24,37,99,34,21,288,1,0,Washington,14,35,145,39,23,209,1,0,V,-1,10,2,-46,-5,-2,79,0,0
566,10/09/2010,Arkansas,24,36,132,38,27,310,1,1,Texas A+M,17,33,112,41,15,212,1,3,N,6,7,3,20,-3,12,98,0,-2
567,10/09/2010,Arkansas State,24,39,158,27,14,169,0,1,North Texas,19,46,215,18,9,77,0,1,V,3.5,5,-7,-57,9,5,92,0,0
568,10/09/2010,Army,41,62,312,5,3,31,0,1,Tulane,23,23,63,41,23,235,0,3,V,-1,18,39,249,-36,-20,-204,0,-2
569,10/09/2010,Auburn,37,52,311,21,13,210,1,0,Kentucky,34,30,110,29,24,226,0,1,V,6.5,3,22,201,-8,-11,-16,1,-1
570,10/09/2010,Ball State,16,38,239,24,10,109,2,3,Western Michigan,45,45,209,30,18,271,0,0,H,5.5,-29,-7,30,-6,-8,-162,2,3
571,10/09/2010,Baylor,38,30,80,45,33,427,0,0,Texas Tech,45,36,173,59,42,462,1,0,N,-1.5,-7,-6,-93,-14,-9,-35,-1,0
572,10/09/2010,Boise State,57,40,207,23,17,293,0,0,Toledo,14,31,65,29,21,222,2,3,H,38.5,43,9,142,-6,-4,71,-2,-3
573,10/09/2010,Boston College,17,29,99,32,11,173,3,0,No Carolina State,44,28,75,56,41,347,2,0,V,-10,-27,1,24,-24,-30,-174,1,0
574,10/09/2010,Bowling Green,25,37,137,37,23,277,1,1,Ohio,49,36,257,16,10,123,0,1,V,-8,-24,1,-120,21,13,154,1,0
575,10/09/2010,Brigham Young,24,62,271,22,16,142,1,1,San Diego State,21,12,53,36,20,220,1,0,H,-5,3,50,218,-14,-4,-78,0,1
576,10/09/2010,California,35,55,304,16,9,83,0,1,U.C.L.A.,7,26,26,37,15,118,1,1,H,8,28,29,278,-21,-6,-35,-1,0
577,10/09/2010,Central Michigan,21,36,135,48,21,266,1,0,Virginia Tech,45,28,230,25,14,164,0,1,V,-21.5,-24,8,-95,23,7,102,1,-1
578,10/09/2010,Cincinnati,45,46,384,21,15,225,0,0,Miami-Ohio,3,25,42,42,28,227,0,0,H,17,42,21,342,-21,-13,-2,0,0
579,10/09/2010,Clemson,16,27,91,39,21,214,0,0,North Carolina,21,32,91,34,18,164,0,0,V,-2,-5,-5,0,5,3,50,0,0
580,10/09/2010,Colorado,0,26,61,46,31,250,1,0,Missouri,26,32,119,33,20,226,1,1,V,-12.5,-26,-6,-58,13,11,24,0,-1
581,10/09/2010,Colorado State,27,50,285,35,22,136,1,1,Air Force,49,47,248,10,6,185,1,1,V,-24,-22,3,37,25,16,-49,0,0
582,10/09/2010,East Carolina,44,24,33,36,18,305,3,1,Southern Miss,43,45,167,39,20,237,0,0,V,-8,1,-21,-134,-3,-2,68,3,1
583,10/09/2010,Eastern Michigan,6,37,105,25,11,104,1,1,Vanderbilt,52,39,205,31,19,353,0,2,V,-25,-46,-2,-100,-6,-8,-249,1,-1
584,10/09/2010,Florida,29,32,89,24,16,154,1,1,Louisiana State,33,47,161,24,16,224,1,1,H,7,-4,-15,-72,0,0,-70,0,0
585,10/09/2010,Florida Atlantic,17,37,140,26,13,141,1,1,UL-Monroe,20,40,80,42,26,338,1,1,V,-2.5,-3,-3,60,-16,-13,-197,0,0
586,10/09/2010,Florida Intl,28,34,235,19,12,108,1,0,Western Kentucky,21,41,106,31,14,193,0,1,H,9,7,-7,129,-12,-2,-85,1,-1
587,10/09/2010,Florida State,45,41,298,21,12,173,1,0,Miami-Florida,17,36,189,49,20,235,1,1,V,-5.5,28,5,109,-28,-8,-62,0,-1
588,10/09/2010,Fresno State,27,32,104,37,19,258,3,0,Hawaii,49,18,96,49,29,376,1,0,H,10.5,-22,14,8,-12,-10,-118,2,0
589,10/09/2010,Georgia,41,36,136,25,17,266,0,0,Tennessee,14,26,9,25,17,260,1,2,H,11.5,27,10,127,0,0,6,-1,-2
590,10/09/2010,Georgia Tech,33,74,477,6,3,59,1,1,Virginia,21,28,137,31,18,239,0,1,H,10,12,46,340,-25,-15,-180,1,0
591,10/09/2010,Hawaii,49,18,96,49,29,376,1,0,Fresno State,27,32,104,37,19,258,3,0,V,-10.5,22,-14,-8,12,10,118,-2,0
592,10/09/2010,Houston,24,16,47,59,32,356,2,1,Mississippi State,47,57,409,23,12,129,0,0,H,-4.5,-23,-41,-362,36,20,227,2,1
593,10/09/2010,Illinois,33,54,282,20,16,155,0,2,Penn State,13,26,65,26,10,170,1,0,V,-9,20,28,217,-6,6,-15,-1,2
594,10/09/2010,Indiana,10,29,69,35,19,141,3,0,Ohio State,38,32,130,32,25,348,1,1,V,-24.5,-28,-3,-61,3,-6,-207,2,-1
595,10/09/2010,Iowa State,27,32,170,31,13,178,2,0,Utah,68,43,239,36,26,354,1,1,H,-6,-41,-11,-69,-5,-13,-176,1,-1
596,10/09/2010,Kent State,28,32,75,34,17,186,0,0,Akron,17,35,62,33,16,133,3,2,H,17,11,-3,13,1,1,53,-3,-2
597,10/09/2010,Kentucky,34,30,110,29,24,226,0,1,Auburn,37,52,311,21,13,210,1,0,H,-6.5,-3,-22,-201,8,11,16,-1,1
598,10/09/2010,Louisiana State,33,47,161,24,16,224,1,1,Florida,29,32,89,24,16,154,1,1,V,-7,4,15,72,0,0,70,0,0
599,10/09/2010,Louisiana Tech,24,47,278,32,20,149,1,0,Utah State,6,35,122,23,14,73,0,0,H,2.5,18,12,156,9,6,76,1,0
600,10/09/2010,Louisville,56,34,299,22,17,275,0,0,Memphis,0,34,39,30,16,184,1,0,H,16,56,0,260,-8,1,91,-1,0
601,10/09/2010,Memphis,0,34,39,30,16,184,1,0,Louisville,56,34,299,22,17,275,0,0,V,-16,-56,0,-260,8,-1,-91,1,0
602,10/09/2010,Miami-Florida,17,36,189,49,20,235,1,1,Florida State,45,41,298,21,12,173,1,0,H,5.5,-28,-5,-109,28,8,62,0,1
603,10/09/2010,Miami-Ohio,3,25,42,42,28,227,0,0,Cincinnati,45,46,384,21,15,225,0,0,V,-17,-42,-21,-342,21,13,2,0,0
604,10/09/2010,Michigan,17,34,162,29,17,215,3,0,Michigan State,34,42,249,26,19,287,0,0,H,4.5,-17,-8,-87,3,-2,-72,3,0
605,10/09/2010,Michigan State,34,42,249,26,19,287,0,0,Michigan,17,34,162,29,17,215,3,0,V,-4.5,17,8,87,-3,2,72,-3,0
606,10/09/2010,Minnesota,23,32,96,25,11,249,0,0,Wisconsin,41,46,250,23,17,223,0,0,V,-21,-18,-14,-154,2,-6,26,0,0
607,10/09/2010,Mississippi State,47,57,409,23,12,129,0,0,Houston,24,16,47,59,32,356,2,1,V,4.5,23,41,362,-36,-20,-227,-2,-1
608,10/09/2010,Missouri,26,32,119,33,20,226,1,1,Colorado,0,26,61,46,31,250,1,0,H,12.5,26,6,58,-13,-11,-24,0,1
609,10/09/2010,Navy,28,51,274,19,8,94,1,0,Wake Forest,27,24,77,53,37,326,0,2,V,3,1,27,197,-34,-29,-232,1,-2
610,10/09/2010,Nevada-Las Vegas,10,40,96,32,20,180,2,0,West Virginia,49,33,219,20,13,226,0,0,V,-26,-39,7,-123,12,7,-46,2,0
611,10/09/2010,Nevada-Reno,35,41,367,28,20,273,2,0,San Jose State,13,36,178,37,16,194,2,1,H,37.5,22,5,189,-9,4,79,0,-1
612,10/09/2010,New Mexico,14,42,114,23,12,160,1,4,New Mexico State,16,49,168,12,7,38,1,1,V,-2.5,-2,-7,-54,11,5,122,0,3
613,10/09/2010,New Mexico State,16,49,168,12,7,38,1,1,New Mexico,14,42,114,23,12,160,1,4,H,2.5,2,7,54,-11,-5,-122,0,-3
614,10/09/2010,No Carolina State,44,28,75,56,41,347,2,0,Boston College,17,29,99,32,11,173,3,0,H,10,27,-1,-24,24,30,174,-1,0
615,10/09/2010,North Carolina,21,32,91,34,18,164,0,0,Clemson,16,27,91,39,21,214,0,0,H,2,5,5,0,-5,-3,-50,0,0
616,10/09/2010,North Texas,19,46,215,18,9,77,0,1,Arkansas State,24,39,158,27,14,169,0,1,H,-3.5,-5,7,57,-9,-5,-92,0,0
617,10/09/2010,Northern Illinois,31,50,209,25,20,211,0,1,Temple,17,27,124,27,13,148,1,0,H,3,14,23,85,-2,7,63,-1,1
618,10/09/2010,Northwestern,17,42,84,41,30,305,0,1,Purdue,20,42,232,18,6,47,1,0,H,8.5,-3,0,-148,23,24,258,-1,1
619,10/09/2010,Notre Dame,23,31,87,39,24,242,0,0,Pittsburgh,17,31,110,39,27,272,1,1,H,6,6,0,-23,0,-3,-30,-1,-1
620,10/09/2010,Ohio,49,36,257,16,10,123,0,1,Bowling Green,25,37,137,37,23,277,1,1,H,8,24,-1,120,-21,-13,-154,-1,0
621,10/09/2010,Ohio State,38,32,130,32,25,348,1,1,Indiana,10,29,69,35,19,141,3,0,H,24.5,28,3,61,-3,6,207,-2,1
622,10/09/2010,Oregon,43,40,252,27,21,304,0,3,Washington State,23,36,91,40,25,245,1,0,V,36,20,4,161,-13,-4,59,-1,3
623,10/09/2010,Oregon State,29,35,93,42,30,393,1,0,Arizona,27,19,101,46,35,440,1,0,V,-8,2,16,-8,-4,-5,-47,0,0
624,10/09/2010,Penn State,13,26,65,26,10,170,1,0,Illinois,33,54,282,20,16,155,0,2,H,9,-20,-28,-217,6,-6,15,1,-2
625,10/09/2010,Pittsburgh,17,31,110,39,27,272,1,1,Notre Dame,23,31,87,39,24,242,0,0,V,-6,-6,0,23,0,3,30,1,1
626,10/09/2010,Purdue,20,42,232,18,6,47,1,0,Northwestern,17,42,84,41,30,305,0,1,V,-8.5,3,0,148,-23,-24,-258,1,-1
627,10/09/2010,Rice,24,38,141,38,23,201,0,0,UTEP,44,35,136,33,19,327,0,0,V,-9,-20,3,5,5,4,-126,0,0
628,10/09/2010,S-M-U,21,25,106,40,27,381,1,1,Tulsa,18,32,135,41,20,229,0,0,H,6,3,-7,-29,-1,7,152,1,1
629,10/09/2010,San Diego State,21,12,53,36,20,220,1,0,Brigham Young,24,62,271,23,16,142,1,1,V,5,-3,-50,-218,13,4,78,0,-1
630,10/09/2010,San Jose State,13,36,178,37,16,194,2,1,Nevada-Reno,35,41,367,28,20,273,2,0,V,-37.5,-22,-5,-189,9,-4,-79,0,1
631,10/09/2010,South Carolina,35,37,110,20,17,201,1,0,Alabama,21,29,36,35,27,315,0,1,H,-7,14,8,74,-15,-10,-114,1,-1
632,10/09/2010,South Florida,9,37,95,23,9,124,2,0,Syracuse,13,43,178,22,12,129,0,1,H,8,-4,-6,-83,1,-3,-5,2,-1
633,10/09/2010,Southern Cal,35,28,108,46,28,390,0,1,Stanford,37,36,193,24,20,285,0,3,V,-10,-2,-8,-85,22,8,105,0,-2
634,10/09/2010,Southern Miss,43,45,167,39,20,237,0,0,East Carolina,44,24,33,36,18,305,3,1,H,8,-1,21,134,3,2,-68,-3,-1
635,10/09/2010,Stanford,37,36,193,24,20,285,0,3,Southern Cal,35,28,108,46,28,390,0,1,H,10,2,8,85,-22,-8,-105,0,2
636,10/09/2010,Syracuse,13,43,178,22,12,129,0,1,South Florida,9,37,95,23,9,124,2,0,V,-8,4,6,83,-1,3,5,-2,1
637,10/09/2010,Temple,17,27,124,27,13,148,1,0,Northern Illinois,31,50,209,25,20,211,0,1,V,-3,-14,-23,-85,2,-7,-63,1,-1
638,10/09/2010,Tennessee,14,26,9,25,17,260,1,2,Georgia,41,36,136,25,17,266,0,0,V,-11.5,-27,-10,-127,0,0,-6,1,2
639,10/09/2010,Texas A+M,17,33,112,41,15,212,1,3,Arkansas,24,36,132,38,27,310,1,1,N,-6,-7,-3,-20,3,-12,-98,0,2
640,10/09/2010,Texas Christian,45,44,297,18,15,281,0,0,Wyoming,0,28,75,17,11,116,1,0,H,35,45,16,222,1,4,165,-1,0
641,10/09/2010,Texas Tech,45,36,173,59,42,462,1,0,Baylor,38,30,80,45,33,427,0,0,N,1.5,7,6,93,14,9,35,1,0
642,10/09/2010,Toledo,14,31,65,29,21,222,2,3,Boise State,57,40,207,23,17,293,0,0,V,-38.5,-43,-9,-142,6,4,-71,2,3
643,10/09/2010,Tulane,23,23,63,41,23,235,0,3,Army,41,62,312,5,3,31,0,1,H,1,-18,-39,-249,36,20,204,0,2
644,10/09/2010,Tulsa,18,32,135,41,20,229,0,0,S-M-U,21,25,106,40,27,381,1,1,V,-6,-3,7,29,1,-7,-152,-1,-1
645,10/09/2010,U.C.L.A.,7,26,26,37,15,118,1,1,California,35,55,304,16,9,83,0,1,V,-8,-28,-29,-278,21,6,35,1,0
646,10/09/2010,UL-Monroe,20,40,80,42,26,338,1,1,Florida Atlantic,17,37,140,26,13,141,1,1,H,2.5,3,3,-60,16,13,197,0,0
647,10/09/2010,UTEP,44,35,136,33,19,327,0,0,Rice,24,38,141,38,23,201,0,0,H,9,20,-3,-5,-5,-4,126,0,0
648,10/09/2010,Utah,68,43,239,36,26,354,1,1,Iowa State,27,32,170,31,13,178,2,0,V,6,41,11,69,5,13,176,-1,1
649,10/09/2010,Utah State,6,35,122,23,14,73,0,0,Louisiana Tech,24,47,278,31,20,149,1,0,V,-2.5,-18,-12,-156,-8,-6,-76,-1,0
650,10/09/2010,Vanderbilt,52,39,205,31,19,353,0,2,Eastern Michigan,6,37,105,25,11,104,1,1,H,25,46,2,100,6,8,249,-1,1
651,10/09/2010,Virginia,21,28,137,31,18,239,0,1,Georgia Tech,33,74,477,6,3,59,1,1,V,-10,-12,-46,-340,25,15,180,-1,0
652,10/09/2010,Virginia Tech,45,28,230,25,14,164,0,1,Central Michigan,21,36,135,48,21,266,1,0,H,21.5,24,-8,95,-23,-7,-102,-1,1
653,10/09/2010,Wake Forest,27,24,77,53,37,326,0,2,Navy,28,51,274,19,8,94,1,0,H,-3,-1,-27,-197,34,29,232,-1,2
654,10/09/2010,Washington,14,35,145,39,23,209,1,0,Arizona State,24,37,99,34,21,288,1,0,H,1,-10,-2,46,5,2,-79,0,0
655,10/09/2010,Washington State,23,36,91,40,25,245,1,0,Oregon,43,40,252,27,21,304,0,3,H,-36,-20,-4,-161,13,4,-59,1,-3
656,10/09/2010,West Virginia,49,33,219,20,13,226,0,0,Nevada-Las Vegas,10,40,96,32,20,180,2,0,H,26,39,-7,123,-12,-7,46,-2,0
657,10/09/2010,Western Kentucky,21,41,106,31,14,193,0,1,Florida Intl,28,34,235,19,12,108,1,0,V,-9,-7,7,-129,12,2,85,-1,1
658,10/09/2010,Western Michigan,45,45,209,30,18,271,0,0,Ball State,16,38,239,24,10,109,2,3,V,-5.5,29,7,-30,6,8,162,-2,-3
659,10/09/2010,Wisconsin,41,46,250,23,17,223,0,0,Minnesota,23,32,96,25,11,249,0,0,H,21,18,14,154,-2,6,-26,0,0
660,10/09/2010,Wyoming,0,28,75,17,11,116,1,0,Texas Christian,45,44,297,18,15,281,0,0,V,-35,-45,-16,-222,-1,-4,-165,1,0
661,10/13/2010,Marshall,14,20,37,37,17,226,1,0,U-C-F,35,53,248,21,11,138,1,0,H,-6.5,-21,-33,-211,16,6,88,0,0
662,10/13/2010,U-C-F,35,53,248,21,11,138,1,0,Marshall,14,20,37,37,17,226,1,0,V,6.5,21,33,211,-16,-6,-88,0,0
663,10/14/2010,Kansas,7,36,103,46,26,228,1,2,Kansas State,59,41,286,17,15,184,0,1,H,-3,-52,-5,-183,29,11,44,1,1
664,10/14/2010,Kansas State,59,41,286,17,15,184,0,1,Kansas,7,36,103,46,26,228,1,2,V,3,52,5,183,-29,-11,-44,-1,-1
665,10/14/2010,South Florida,6,29,65,33,22,137,3,0,West Virginia,20,33,79,31,24,219,0,0,V,-10,-14,-4,-14,2,-2,-82,3,0
666,10/14/2010,West Virginia,20,33,79,31,24,219,0,0,South Florida,6,29,65,33,22,137,3,0,H,10,14,4,14,-2,2,82,-3,0
667,10/15/2010,Cincinnati,35,33,178,28,18,275,2,1,Louisville,27,34,228,28,19,206,0,0,V,3,8,-1,-50,0,-1,69,2,1
668,10/15/2010,Louisville,27,31,227,28,19,206,0,0,Cincinnati,35,29,161,26,17,265,2,1,H,-3,-8,2,66,2,2,-59,-2,-1
669,10/16/2010,Air Force,25,62,312,30,13,175,1,0,San Diego State,27,31,205,27,14,247,1,0,V,1,-2,31,107,3,-1,-72,0,0
670,10/16/2010,Akron,10,24,72,34,21,206,2,0,Ohio,38,44,258,23,16,238,1,0,V,-16.5,-28,-20,-186,11,5,-32,1,0
671,10/16/2010,Alabama,23,34,100,25,17,219,0,1,Mississippi,10,26,133,40,18,110,1,0,H,20.5,13,8,-33,-15,-1,109,-1,1
672,10/16/2010,Arizona,24,47,142,27,20,210,1,0,Washington State,7,34,40,32,18,257,2,2,V,23.5,17,13,102,-5,2,-47,-1,-2
673,10/16/2010,Arkansas,43,28,138,49,35,428,2,1,Auburn,65,49,330,15,10,140,0,0,V,-3.5,-22,-21,-192,34,25,288,2,1
674,10/16/2010,Arkansas State,34,22,61,45,34,276,2,1,Indiana,36,35,113,42,26,382,0,2,V,-10,-2,-13,-52,3,8,-106,2,-1
675,10/16/2010,Army,20,59,289,14,8,115,0,2,Rutgers,23,35,-1,31,18,251,1,0,N,-6.5,-3,24,290,-17,-10,-136,-1,2
676,10/16/2010,Auburn,65,49,330,15,10,140,0,0,Arkansas,43,28,138,49,35,428,2,1,H,3.5,22,21,192,-34,-25,-288,-2,-1
677,10/16/2010,Ball State,38,32,98,29,16,145,0,1,Eastern Michigan,41,55,265,18,10,225,1,1,H,15,-3,-23,-167,11,6,-80,-1,0
678,10/16/2010,Baylor,31,35,309,27,22,234,1,2,Colorado,25,49,192,28,21,207,1,1,V,2,6,-14,117,-1,1,27,0,1
679,10/16/2010,Boise State,48,39,213,32,23,322,0,2,San Jose State,0,29,-12,23,10,92,1,0,V,41,48,10,225,9,13,230,-1,2
680,10/16/2010,Boston College,19,33,171,24,9,95,0,0,Florida State,24,37,141,31,19,170,3,1,V,-23,-5,-4,30,-7,-10,-75,-3,-1
681,10/16/2010,Bowling Green,27,36,36,52,30,287,0,1,Temple,28,27,133,18,10,174,1,1,V,-20.5,-1,9,-97,34,20,113,-1,0
682,10/16/2010,Brigham Young,3,27,56,30,14,91,2,0,Texas Christian,31,38,108,36,24,273,0,0,V,-29.5,-28,-11,-52,-6,-10,-182,2,0
683,10/16/2010,Buffalo,14,33,130,26,9,120,1,1,Northern Illinois,45,50,281,26,13,160,2,0,V,-14.5,-31,-17,-151,0,-4,-40,-1,1
684,10/16/2010,California,14,20,52,29,15,193,2,0,Southern Cal,48,36,211,44,30,391,0,1,V,-2.5,-34,-16,-159,-15,-15,-198,2,-1
685,10/16/2010,Central Michigan,20,24,72,52,29,329,3,1,Miami-Ohio,27,25,71,47,29,399,0,1,H,14,-7,-1,1,5,0,-70,3,0
686,10/16/2010,Clemson,31,44,94,21,8,119,0,0,Maryland,7,21,44,47,25,306,3,0,H,14.5,24,23,50,-26,-17,-187,-3,0
687,10/16/2010,Colorado,25,49,192,28,21,207,1,1,Baylor,31,35,309,27,22,234,1,2,H,-2,-6,14,-117,1,-1,-27,0,-1
688,10/16/2010,Colorado State,43,42,259,14,10,233,0,0,Nevada-Las Vegas,10,45,149,24,16,125,0,2,H,3.5,33,-3,110,-10,-6,108,0,-2
689,10/16/2010,Duke,13,41,105,44,22,187,5,2,Miami-Florida,28,42,224,34,17,224,0,2,H,-18,-15,-1,-119,10,5,-37,5,0
690,10/16/2010,East Carolina,33,33,120,53,37,376,0,4,No Carolina State,27,39,154,52,26,322,3,1,H,-8,6,-6,-34,1,11,54,-3,3
691,10/16/2010,Eastern Michigan,41,55,265,18,10,225,1,1,Ball State,38,32,98,29,16,145,0,1,V,-15,3,23,167,-11,-6,80,1,0
692,10/16/2010,Florida,7,35,151,39,24,210,1,1,Mississippi State,10,49,212,9,4,33,0,0,H,9,-3,-14,-61,30,20,177,1,1
693,10/16/2010,Florida Intl,34,44,191,31,17,288,0,0,North Texas,10,38,143,28,13,142,0,0,V,5,24,6,48,3,4,146,0,0
694,10/16/2010,Florida State,24,36,141,32,20,170,3,1,Boston College,19,33,171,24,9,95,0,0,H,23,5,3,-30,8,11,75,3,1
695,10/16/2010,Fresno State,33,37,222,20,12,132,0,1,New Mexico State,10,36,111,27,13,156,0,1,H,30.5,23,1,111,-7,-1,-24,0,0
696,10/16/2010,Georgia,43,45,232,28,19,315,0,0,Vanderbilt,0,27,58,20,6,82,1,1,H,14,43,18,174,8,13,233,-1,-1
697,10/16/2010,Georgia Tech,42,57,329,14,5,86,0,2,Middle Tennessee,14,39,143,35,20,173,4,2,H,18.5,28,18,186,-21,-15,-87,-4,0
698,10/16/2010,Hawaii,27,21,59,36,26,287,0,1,Nevada-Reno,21,43,134,26,14,159,2,2,H,-6.5,6,-22,-75,10,12,128,-2,-1
699,10/16/2010,Houston,31,39,154,45,23,282,1,0,Rice,34,51,138,21,14,206,0,0,V,9.5,-3,-12,16,24,9,76,1,0
700,10/16/2010,Idaho,35,18,20,60,32,513,1,0,Louisiana Tech,48,53,261,44,31,422,0,4,V,1.5,-13,-35,-241,16,1,91,1,-4
701,10/16/2010,Illinois,6,42,114,27,15,141,3,1,Michigan State,26,31,93,24,13,201,0,1,V,-7,-20,11,21,3,2,-60,3,0
702,10/16/2010,Indiana,36,35,113,42,26,382,0,2,Arkansas State,34,22,61,45,34,276,2,1,H,10,2,13,52,-3,-8,106,-2,1
703,10/16/2010,Iowa,38,36,135,24,17,248,0,0,Michigan,28,42,187,44,30,335,3,1,V,4,10,-6,-52,-20,-13,-87,-3,-1
704,10/16/2010,Iowa State,0,33,59,27,15,124,0,0,Oklahoma,52,56,325,38,32,347,0,1,V,-22,-52,-23,-266,-11,-17,-223,0,-1
705,10/16/2010,Kent State,21,31,130,28,16,145,1,2,Toledo,34,36,167,47,30,229,0,0,V,-4,-13,-5,-37,-19,-14,-84,1,2
706,10/16/2010,Kentucky,31,33,52,42,32,349,0,0,South Carolina,28,23,90,32,20,382,2,2,H,-5,3,10,-38,10,12,-33,-2,-2
707,10/16/2010,Louisiana State,32,41,179,22,14,103,0,2,McNeese State,10,34,101,32,15,118,1,1,H, ,22,7,78,-10,-1,-15,-1,1
708,10/16/2010,Louisiana Tech,48,52,263,45,32,420,0,4,Idaho,35,18,20,60,32,513,1,0,H,-1.5,13,34,243,-15,0,-93,-1,4
709,10/16/2010,Maryland,7,21,44,47,25,306,3,0,Clemson,31,44,94,21,8,119,0,0,V,-14.5,-24,-23,-50,26,17,187,3,0
710,10/16/2010,Memphis,19,22,15,22,10,227,0,2,Southern Miss,41,45,239,30,19,275,0,0,H,-16.5,-22,-23,-224,-8,-9,-48,0,2
711,10/16/2010,Miami-Florida,28,42,224,34,17,224,0,2,Duke,13,40,105,45,23,187,5,2,V,18,15,2,119,-11,-6,37,-5,0
712,10/16/2010,Miami-Ohio,27,25,71,47,29,399,0,1,Central Michigan,20,24,72,52,29,329,3,1,V,-14,7,1,-1,-5,0,70,-3,0
713,10/16/2010,Michigan,28,42,187,44,30,335,3,1,Iowa,38,36,135,24,17,248,0,0,H,-4,-10,6,52,20,13,87,3,1
714,10/16/2010,Michigan State,26,31,93,24,13,201,0,1,Illinois,6,42,114,27,15,141,3,1,H,7,20,-11,-21,-3,-2,60,-3,0
715,10/16/2010,Middle Tennessee,14,39,143,35,20,173,4,2,Georgia Tech,42,57,329,14,5,86,0,2,V,-18.5,-28,-18,-186,21,15,87,4,0
716,10/16/2010,Minnesota,17,25,65,45,20,214,2,1,Purdue,28,46,230,20,13,163,1,1,V,-6,-11,-21,-165,25,7,51,1,0
717,10/16/2010,Mississippi,10,26,133,40,18,110,1,0,Alabama,23,34,100,25,17,219,0,1,V,-20.5,-13,-8,33,15,1,-109,1,-1
718,10/16/2010,Mississippi State,10,49,212,9,4,33,0,0,Florida,7,35,151,39,24,210,1,1,V,-9,3,14,61,-30,-20,-177,-1,-1
719,10/16/2010,Missouri,30,25,56,47,31,361,0,0,Texas A+M,9,33,57,48,27,322,0,0,V,-4,21,-8,-1,-1,4,39,0,0
720,10/16/2010,Navy,28,55,253,9,6,84,0,0,S-M-U,21,24,121,42,28,254,1,2,H,1.5,7,31,132,-33,-22,-170,-1,-2
721,10/16/2010,Nebraska,13,44,125,21,8,77,0,1,Texas,20,46,209,16,4,62,0,0,H,9.5,-7,-2,-84,5,4,15,0,1
722,10/16/2010,Nevada-Las Vegas,10,45,149,24,16,125,0,2,Colorado State,43,42,259,14,10,233,0,0,V,-3.5,-33,3,-110,10,6,-108,0,2
723,10/16/2010,Nevada-Reno,21,43,134,26,14,159,2,2,Hawaii,27,21,59,36,26,287,0,1,V,6.5,-6,22,75,-10,-12,-128,2,1
724,10/16/2010,New Mexico State,10,36,111,27,13,156,0,1,Fresno State,33,37,222,20,12,132,0,1,V,-30.5,-23,-1,-111,7,1,24,0,0
725,10/16/2010,No Carolina State,27,39,154,52,26,322,3,1,East Carolina,33,33,120,53,37,376,0,4,V,8,-6,6,34,-1,-11,-54,3,-3
726,10/16/2010,North Carolina,44,35,140,23,18,339,0,1,Virginia,10,42,151,34,18,184,5,0,V,6.5,34,-7,-11,-11,0,155,-5,1
727,10/16/2010,North Texas,10,38,143,28,13,142,0,0,Florida Intl,34,44,191,31,17,288,0,0,H,-5,-24,-6,-48,-3,-4,-146,0,0
728,10/16/2010,Northern Illinois,45,50,281,26,13,160,2,0,Buffalo,14,33,130,26,9,120,1,1,H,14.5,31,17,151,0,4,40,1,-1
729,10/16/2010,Notre Dame,44,34,149,30,20,299,1,0,Western Michigan,20,26,37,43,28,277,2,2,H,24,24,8,112,-13,-8,22,-1,-2
730,10/16/2010,Ohio,38,44,258,23,16,238,1,0,Akron,10,24,72,34,21,206,2,0,H,16.5,28,20,186,-11,-5,32,-1,0
731,10/16/2010,Ohio State,18,41,155,28,14,156,1,0,Wisconsin,31,43,184,16,13,152,1,0,V,4,-13,-2,-29,12,1,4,0,0
732,10/16/2010,Oklahoma,52,56,325,38,32,347,0,1,Iowa State,0,33,59,27,15,124,0,0,H,22,52,23,266,11,17,223,0,1
733,10/16/2010,Oklahoma State,34,48,225,35,24,356,2,0,Texas Tech,17,38,175,43,28,226,0,2,V,-3,17,10,50,-8,-4,130,2,-2
734,10/16/2010,Oregon State,34,44,147,31,17,206,3,0,Washington,35,43,189,35,21,286,1,2,V,-1.5,-1,1,-42,-4,-4,-80,2,-2
735,10/16/2010,Pittsburgh,45,34,123,24,17,266,0,0,Syracuse,14,25,77,46,25,231,2,2,V,3,31,9,46,-22,-8,35,-2,-2
736,10/16/2010,Purdue,28,46,230,20,13,163,1,1,Minnesota,17,25,65,45,20,214,2,1,H,6,11,21,165,-25,-7,-51,-1,0
737,10/16/2010,Rice,34,51,138,21,14,206,0,0,Houston,31,39,154,45,23,282,1,0,H,-9.5,3,12,-16,-24,-9,-76,-1,0
738,10/16/2010,Rutgers,23,35,-1,31,18,251,1,0,Army,20,59,289,14,8,115,0,2,N,6.5,3,-24,-290,17,10,136,1,-2
739,10/16/2010,S-M-U,21,24,121,42,28,254,1,2,Navy,28,55,253,9,6,84,0,0,V,-1.5,-7,-31,-132,33,22,170,1,2
740,10/16/2010,San Diego State,27,31,205,27,14,247,1,0,Air Force,25,62,312,30,13,175,1,0,H,-1,2,-31,-107,-3,1,72,0,0
741,10/16/2010,San Jose State,0,29,-12,23,10,92,1,0,Boise State,48,39,213,32,23,322,0,2,H,-41,-48,-10,-225,-9,-13,-230,1,-2
742,10/16/2010,South Carolina,28,23,90,32,20,382,2,2,Kentucky,31,33,52,42,32,349,0,0,V,5,-3,-10,38,-10,-12,33,2,2
743,10/16/2010,Southern Cal,48,36,211,44,30,391,0,1,California,14,20,52,29,15,193,2,0,H,2.5,34,16,159,15,15,198,-2,1
744,10/16/2010,Southern Miss,41,48,240,30,19,275,0,0,Memphis,19,26,32,24,11,237,0,2,V,16.5,22,22,208,6,8,38,0,-2
745,10/16/2010,Syracuse,14,25,77,46,25,231,2,2,Pittsburgh,45,34,123,24,17,266,0,0,H,-3,-31,-9,-46,22,8,-35,2,2
746,10/16/2010,Temple,28,27,133,18,10,174,1,1,Bowling Green,27,36,36,52,30,287,0,1,H,20.5,1,-9,97,-34,-20,-113,1,0
747,10/16/2010,Texas,20,46,209,16,4,62,0,0,Nebraska,13,44,125,21,8,77,0,1,V,-9.5,7,2,84,-5,-4,-15,0,-1
748,10/16/2010,Texas A+M,9,33,57,48,27,322,0,0,Missouri,30,25,56,47,31,361,0,0,H,4,-21,8,1,1,-4,-39,0,0
749,10/16/2010,Texas Christian,31,40,116,36,24,273,0,0,Brigham Young,3,27,56,30,14,91,2,0,H,29.5,28,13,60,6,10,182,-2,0
750,10/16/2010,Texas Tech,17,38,175,43,28,226,0,2,Oklahoma State,34,48,225,35,24,356,2,0,H,3,-17,-10,-50,8,4,-130,-2,2
751,10/16/2010,Toledo,34,36,167,47,30,229,0,0,Kent State,21,31,130,28,16,145,1,2,H,4,13,5,37,19,14,84,-1,-2
752,10/16/2010,Troy,31,35,109,35,25,271,3,2,UL-Lafayette,24,38,98,44,25,252,1,3,H,20.5,7,-3,11,-9,0,19,2,-1
753,10/16/2010,Tulane,24,35,81,56,38,446,1,1,Tulsa,52,43,332,25,15,206,0,0,V,-18.5,-28,-8,-251,31,23,240,1,1
754,10/16/2010,Tulsa,52,43,332,25,15,206,0,0,Tulane,24,35,81,56,38,446,1,1,H,18.5,28,8,251,-31,-23,-240,-1,-1
755,10/16/2010,U-A-B,21,42,228,28,20,272,0,2,UTEP,6,23,60,33,15,169,3,0,H,2.5,15,19,168,-5,5,103,-3,2
756,10/16/2010,UL-Lafayette,24,38,98,44,25,252,1,3,Troy,31,35,109,35,25,271,3,2,V,-20.5,-7,3,-11,9,0,-19,-2,1
757,10/16/2010,UL-Monroe,35,32,130,35,20,209,0,0,Western Kentucky,30,44,180,23,13,164,1,0,V,-2.5,5,-12,-50,12,7,45,-1,0
758,10/16/2010,UTEP,6,23,60,33,15,169,3,0,U-A-B,21,42,228,28,20,272,0,2,V,-2.5,-15,-19,-168,5,-5,-103,3,-2
759,10/16/2010,Utah,30,37,188,26,17,243,3,0,Wyoming,6,38,67,17,10,116,0,0,V,21.5,24,-1,121,9,7,127,3,0
760,10/16/2010,Vanderbilt,0,27,58,20,6,82,1,1,Georgia,43,45,232,28,19,315,0,0,V,-14,-43,-18,-174,-8,-13,-233,1,1
761,10/16/2010,Virginia,10,42,151,34,18,184,5,0,North Carolina,44,35,140,23,18,339,0,1,H,-6.5,-34,7,11,11,0,-155,5,-1
762,10/16/2010,Virginia Tech,52,54,291,35,22,314,0,0,Wake Forest,21,25,254,17,4,92,0,0,H,22.5,31,29,37,18,18,222,0,0
763,10/16/2010,Wake Forest,21,25,254,17,4,92,0,0,Virginia Tech,52,54,291,35,22,314,0,0,V,-22.5,-31,-29,-37,-18,-18,-222,0,0
764,10/16/2010,Washington,35,43,189,35,21,286,1,2,Oregon State,34,44,147,31,17,206,3,0,H,1.5,1,-1,42,4,4,80,-2,2
765,10/16/2010,Washington State,7,34,40,32,18,257,2,2,Arizona,24,46,124,28,21,228,1,0,H,-23.5,-17,-12,-84,4,-3,29,1,2
766,10/16/2010,Western Kentucky,30,44,180,23,13,164,1,0,UL-Monroe,35,32,130,35,20,209,0,0,H,2.5,-5,12,50,-12,-7,-45,1,0
767,10/16/2010,Western Michigan,20,26,37,43,28,277,2,2,Notre Dame,44,34,149,30,20,299,1,0,V,-24,-24,-8,-112,13,8,-22,1,2
768,10/16/2010,Wisconsin,31,43,184,16,13,152,1,0,Ohio State,18,41,155,28,14,156,1,0,H,-4,13,2,29,-12,-1,-4,0,0
769,10/16/2010,Wyoming,6,38,67,17,10,116,0,0,Utah,30,39,196,26,17,243,3,0,H,-21.5,-24,-1,-129,-9,-7,-127,-3,0
770,10/21/2010,Oregon,60,40,270,33,24,312,0,0,U.C.L.A.,13,47,131,23,16,159,1,2,H,27,47,-7,139,10,8,153,-1,-2
771,10/21/2010,U.C.L.A.,13,47,131,23,16,159,1,2,Oregon,60,40,270,33,24,312,0,0,V,-27,-47,7,-139,-10,-8,-153,1,2
772,10/22/2010,Cincinnati,30,29,78,61,34,512,1,0,South Florida,38,36,92,16,13,286,0,0,H,9.5,-8,-7,-14,45,21,226,1,0
773,10/22/2010,South Florida,38,36,92,16,13,286,0,0,Cincinnati,30,29,78,61,34,512,1,0,V,-9.5,8,7,14,-45,-21,-226,-1,0
774,10/23/2010,Air Force,7,41,184,7,3,47,0,0,Texas Christian,38,51,377,20,11,185,1,0,V,-18.5,-31,-10,-193,-13,-8,-138,-1,0
775,10/23/2010,Akron,10,41,154,24,12,120,1,2,Western Michigan,56,35,137,27,18,382,0,1,H,-7.5,-46,6,17,-3,-6,-262,1,1
776,10/23/2010,Alabama,41,34,210,35,24,326,0,0,Tennessee,10,30,159,36,17,156,2,0,V,17,31,4,51,-1,7,170,-2,0
777,10/23/2010,Arizona,44,43,234,22,18,233,0,1,Washington,14,33,98,33,18,192,0,1,H,6.5,30,10,136,-11,0,41,0,0
778,10/23/2010,Arizona State,17,27,57,33,16,177,3,0,California,50,43,131,29,19,240,0,1,V,-3,-33,-16,-74,4,-3,-63,3,-1
779,10/23/2010,Arkansas,38,27,197,29,16,267,1,1,Mississippi,24,42,185,36,21,327,0,2,H,10,14,-15,12,-7,-5,-60,1,-1
780,10/23/2010,Arkansas State,37,44,174,48,30,234,1,0,Florida Atlantic,16,30,92,28,13,227,2,1,H,7,21,14,82,20,17,7,-1,-1
781,10/23/2010,Auburn,24,52,440,16,10,86,0,1,Louisiana State,17,37,115,30,16,128,1,0,H,5,7,15,325,-14,-6,-42,-1,1
782,10/23/2010,Ball State,24,28,133,39,19,224,3,2,Toledo,31,50,249,18,14,197,2,0,V,-11.5,-7,-22,-116,21,5,27,1,2
783,10/23/2010,Baylor,47,38,279,38,26,404,1,1,Kansas State,42,34,109,31,21,298,1,1,H,6.5,5,4,170,7,5,106,0,0
784,10/23/2010,Boston College,21,34,96,33,18,189,2,1,Maryland,24,33,43,39,26,179,0,0,H,4.5,-3,1,53,-6,-8,10,2,1
785,10/23/2010,Bowling Green,6,24,-10,39,20,145,2,1,Kent State,30,38,128,32,26,223,0,2,H,-2.5,-24,-14,-138,7,-6,-78,2,-1
786,10/23/2010,Brigham Young,25,51,217,18,10,81,1,1,Wyoming,20,27,63,29,13,110,0,0,H,11,5,24,154,-11,-3,-29,1,1
787,10/23/2010,Buffalo,0,33,63,32,11,98,3,1,Temple,42,62,266,15,9,131,2,1,H,-8.5,-42,-29,-203,17,2,-33,1,0
788,10/23/2010,California,50,42,132,29,19,240,0,1,Arizona State,17,27,57,33,16,177,3,0,H,3,33,15,75,-4,3,63,-3,1
789,10/23/2010,Central Michigan,7,27,94,33,21,211,4,1,Northern Illinois,33,56,282,19,12,138,0,0,V,-10,-26,-29,-188,14,9,73,4,1
790,10/23/2010,Clemson,27,38,236,27,17,167,0,0,Georgia Tech,13,49,242,19,6,83,1,0,H,3.5,14,-11,-6,8,11,84,-1,0
791,10/23/2010,Colorado,24,32,28,53,31,336,0,0,Texas Tech,27,37,144,38,24,286,1,1,H,-3,-3,-5,-116,15,7,50,-1,-1
792,10/23/2010,Colorado State,6,24,28,28,19,185,1,1,Utah,59,29,221,40,32,427,0,1,V,-31,-53,-5,-193,-12,-13,-242,1,0
793,10/23/2010,Connecticut,0,25,108,20,10,87,1,2,Louisville,26,38,160,30,18,195,0,0,V,-3.5,-26,-13,-52,-10,-8,-108,1,2
794,10/23/2010,Duke,7,30,92,36,12,116,2,0,Virginia Tech,44,39,159,31,19,332,0,1,V,-27.5,-37,-9,-67,5,-7,-216,2,-1
795,10/23/2010,East Carolina,37,26,194,47,28,261,1,0,Marshall,10,28,94,54,30,234,3,1,H,13.5,27,-2,100,-7,-2,27,-2,-1
796,10/23/2010,Eastern Michigan,21,41,290,13,7,64,1,0,Virginia,48,36,181,34,20,270,0,1,V,-24,-27,5,109,-21,-13,-206,1,-1
797,10/23/2010,Florida Atlantic,16,30,92,28,13,227,2,1,Arkansas State,37,44,174,47,29,234,1,0,V,-7,-21,-14,-82,-19,-16,-7,1,1
798,10/23/2010,Fresno State,33,47,185,19,11,168,0,0,San Jose State,18,21,12,37,24,327,2,1,V,18,15,26,173,-18,-13,-159,-2,-1
799,10/23/2010,Georgia,44,39,177,12,9,113,0,1,Kentucky,31,31,70,43,27,353,1,3,V,5.5,13,8,107,-31,-18,-240,-1,-2
800,10/23/2010,Georgia Tech,13,49,242,19,6,83,1,0,Clemson,27,38,236,27,17,167,0,0,V,-3.5,-14,11,6,-8,-11,-84,1,0
801,10/23/2010,Hawaii,45,29,216,43,25,389,2,0,Utah State,7,35,58,26,10,123,2,1,V,3,38,-6,158,17,15,266,0,-1
802,10/23/2010,Houston,45,44,164,32,19,233,0,1,S-M-U,20,28,127,46,26,318,2,1,V,-8.5,25,16,37,-14,-7,-85,-2,0
803,10/23/2010,Idaho,37,27,88,51,27,304,0,1,New Mexico State,14,43,170,29,8,134,0,1,H,24.5,23,-16,-82,22,19,170,0,0
804,10/23/2010,Illinois,43,32,166,21,13,123,0,1,Indiana,13,34,109,49,26,279,4,1,H,13,30,-2,57,-28,-13,-156,-4,0
805,10/23/2010,Indiana,13,34,109,49,26,279,4,1,Illinois,43,32,166,22,14,123,0,1,V,-13,-30,2,-57,27,12,156,4,0
806,10/23/2010,Iowa,30,30,118,37,25,258,0,0,Wisconsin,31,38,142,26,20,205,1,0,H,6.5,-1,-8,-24,11,5,53,-1,0
807,10/23/2010,Iowa State,28,45,199,23,11,136,1,0,Texas,21,29,96,57,34,344,3,1,V,-21,7,16,103,-34,-23,-208,-2,-1
808,10/23/2010,Kansas,10,46,201,31,16,130,2,0,Texas A+M,45,46,227,36,24,294,0,0,H,-14,-35,0,-26,-5,-8,-164,2,0
809,10/23/2010,Kansas State,42,34,109,31,21,298,1,1,Baylor,47,38,279,38,26,404,1,1,V,-6.5,-5,-4,-170,-7,-5,-106,0,0
810,10/23/2010,Kent State,30,38,128,32,26,223,0,2,Bowling Green,6,24,-10,39,20,145,2,1,V,2.5,24,14,138,-7,6,78,-2,1
811,10/23/2010,Kentucky,31,31,70,43,27,353,1,3,Georgia,44,39,177,12,9,113,0,1,H,-5.5,-13,-8,-107,31,18,240,1,2
812,10/23/2010,Louisiana State,17,37,115,30,16,128,1,0,Auburn,24,52,440,16,10,86,0,1,V,-5,-7,-15,-325,14,6,42,1,-1
813,10/23/2010,Louisville,26,38,160,30,18,195,0,0,Connecticut,0,25,108,20,10,87,1,2,H,3.5,26,13,52,10,8,108,-1,-2
814,10/23/2010,Marshall,10,28,94,54,30,234,3,1,East Carolina,37,26,194,47,28,261,1,0,V,-13.5,-27,2,-100,7,2,-27,2,1
815,10/23/2010,Maryland,24,33,43,39,26,179,0,0,Boston College,21,34,96,33,18,189,2,1,V,-4.5,3,-1,-53,6,8,-10,-2,-1
816,10/23/2010,Miami-Florida,33,44,225,32,21,217,1,0,North Carolina,10,29,149,21,12,140,2,1,H,6.5,23,15,76,11,9,77,-1,-1
817,10/23/2010,Miami-Ohio,13,21,11,36,21,332,4,2,Ohio,34,45,222,19,10,149,1,1,H,-3,-21,-24,-211,17,11,183,3,1
818,10/23/2010,Michigan State,35,26,105,44,30,352,0,1,Northwestern,27,47,170,30,19,215,1,1,V,5.5,8,-21,-65,14,11,137,-1,0
819,10/23/2010,Middle Tennessee,38,55,244,19,11,219,1,1,UL-Monroe,10,28,-4,45,27,273,2,0,H,12.5,28,27,248,-26,-16,-54,-1,1
820,10/23/2010,Minnesota,21,35,134,49,26,299,1,0,Penn State,33,30,145,26,17,206,1,0,H,-8.5,-12,5,-11,23,9,93,0,0
821,10/23/2010,Mississippi,24,42,185,36,21,327,0,2,Arkansas,38,27,197,29,16,267,1,1,V,-10,-14,15,-12,7,5,60,-1,1
822,10/23/2010,Mississippi State,29,53,271,19,8,107,0,0,U-A-B,24,33,118,45,23,236,0,3,H,19.5,5,20,153,-26,-15,-129,0,-3
823,10/23/2010,Missouri,36,39,178,42,30,308,0,2,Oklahoma,27,25,99,50,32,303,2,1,H,-3,9,14,79,-8,-2,5,-2,1
824,10/23/2010,Navy,35,60,367,2,2,71,0,0,Notre Dame,17,30,106,38,25,257,2,0,N,-6.5,18,30,261,-36,-23,-186,-2,0
825,10/23/2010,Nebraska,51,44,217,35,23,323,0,1,Oklahoma State,41,36,212,35,18,283,1,0,V,6,10,8,5,0,5,40,-1,1
826,10/23/2010,New Mexico,20,31,110,37,16,198,1,1,San Diego State,30,41,135,37,18,249,1,1,H,-24,-10,-10,-25,0,-2,-51,0,0
827,10/23/2010,New Mexico State,14,43,170,29,8,134,0,1,Idaho,37,27,88,51,27,304,0,1,V,-24.5,-23,16,82,-22,-19,-170,0,0
828,10/23/2010,North Carolina,10,29,149,21,12,140,2,1,Miami-Florida,33,44,225,32,21,217,1,0,V,-6.5,-23,-15,-76,-11,-9,-77,1,1
829,10/23/2010,Northern Illinois,33,56,282,19,12,138,0,0,Central Michigan,7,27,94,33,21,211,4,1,H,10,26,29,188,-14,-9,-73,-4,-1
830,10/23/2010,Northwestern,27,47,170,30,19,215,1,1,Michigan State,35,26,105,44,30,352,0,1,H,-5.5,-8,21,65,-14,-11,-137,1,0
831,10/23/2010,Notre Dame,17,30,106,38,25,257,2,0,Navy,35,60,367,2,2,71,0,0,N,6.5,-18,-30,-261,36,23,186,2,0
832,10/23/2010,Ohio,34,45,222,19,10,149,1,1,Miami-Ohio,13,21,11,36,21,332,4,2,V,3,21,24,211,-17,-11,-183,-3,-1
833,10/23/2010,Ohio State,49,48,184,25,19,305,2,0,Purdue,0,27,30,28,15,88,2,1,H,24,49,21,154,-3,4,217,0,-1
834,10/23/2010,Oklahoma,27,25,99,50,32,303,2,1,Missouri,36,39,178,42,30,308,0,2,V,3,-9,-14,-79,8,2,-5,2,-1
835,10/23/2010,Oklahoma State,41,36,212,35,18,283,1,0,Nebraska,51,44,217,35,23,323,0,1,H,-6,-10,-8,-5,0,-5,-40,1,-1
836,10/23/2010,Penn State,33,30,145,26,17,206,1,0,Minnesota,21,35,134,49,26,299,1,0,V,8.5,12,-5,11,-23,-9,-93,0,0
837,10/23/2010,Pittsburgh,41,39,206,28,22,322,1,1,Rutgers,21,36,95,22,10,108,1,1,H,13,20,3,111,6,12,214,0,0
838,10/23/2010,Purdue,0,27,30,28,15,88,2,1,Ohio State,49,48,184,25,19,305,2,0,V,-24,-49,-21,-154,3,-4,-217,0,1
839,10/23/2010,Rice,14,35,88,20,14,141,0,1,U-C-F,41,40,122,24,18,269,1,1,V,-24,-27,-5,-34,-4,-4,-128,-1,0
840,10/23/2010,Rutgers,21,36,95,22,10,108,1,1,Pittsburgh,41,39,206,28,22,307,1,1,V,-13,-20,-3,-111,-6,-12,-199,0,0
841,10/23/2010,S-M-U,20,28,127,46,26,318,2,1,Houston,45,44,164,32,19,233,0,1,H,8.5,-25,-16,-37,14,7,85,2,0
842,10/23/2010,San Diego State,30,41,135,37,18,249,1,1,New Mexico,20,31,110,37,16,198,1,1,V,24,10,10,25,0,2,51,0,0
843,10/23/2010,San Jose State,18,21,12,37,24,327,2,1,Fresno State,33,47,185,19,11,168,0,0,H,-18,-15,-26,-173,18,13,159,2,1
844,10/23/2010,South Carolina,21,45,129,39,31,355,1,0,Vanderbilt,7,30,108,31,13,142,0,0,V,12.5,14,15,21,8,18,213,1,0
845,10/23/2010,Stanford,38,47,249,28,20,190,1,0,Washington State,28,23,90,28,21,298,2,1,H,36,10,24,159,0,-1,-108,-1,-1
846,10/23/2010,Syracuse,19,38,183,15,5,63,0,1,West Virginia,14,35,106,37,20,193,3,0,V,-14,5,3,77,-22,-15,-130,-3,1
847,10/23/2010,Temple,42,62,266,15,9,131,2,1,Buffalo,0,33,63,32,11,98,3,1,V,8.5,42,29,203,-17,-2,33,-1,0
848,10/23/2010,Tennessee,10,30,159,36,17,156,2,0,Alabama,41,34,210,35,24,326,0,0,H,-17,-31,-4,-51,1,-7,-170,2,0
849,10/23/2010,Texas,21,29,96,57,34,344,3,1,Iowa State,28,45,199,23,11,136,1,0,H,21,-7,-16,-103,34,23,208,2,1
850,10/23/2010,Texas A+M,45,46,227,36,24,294,0,0,Kansas,10,46,201,31,16,130,2,0,V,14,35,0,26,5,8,164,-2,0
851,10/23/2010,Texas Christian,38,51,377,20,11,185,1,0,Air Force,7,41,184,7,3,47,0,0,H,18.5,31,10,193,13,8,138,1,0
852,10/23/2010,Texas Tech,27,37,144,38,24,286,1,1,Colorado,24,32,28,53,31,336,0,0,V,3,3,5,116,-15,-7,-50,1,1
853,10/23/2010,Toledo,31,50,249,18,14,197,2,0,Ball State,24,28,133,39,19,224,3,2,H,11.5,7,22,116,-21,-5,-27,-1,-2
854,10/23/2010,Tulane,34,51,260,35,19,201,1,0,UTEP,24,31,184,24,10,102,2,1,V,-10,10,20,76,11,9,99,-1,-1
855,10/23/2010,U-A-B,24,33,118,45,23,236,0,3,Mississippi State,29,53,271,19,8,107,0,0,V,-19.5,-5,-20,-153,26,15,129,0,3
856,10/23/2010,U-C-F,41,40,122,24,18,269,1,1,Rice,14,35,88,20,14,141,0,1,H,24,27,5,34,4,4,128,1,0
857,10/23/2010,UL-Lafayette,21,32,96,35,17,255,2,1,Western Kentucky,54,37,147,23,18,262,0,0,H,6,-33,-5,-51,12,-1,-7,2,1
858,10/23/2010,UL-Monroe,10,28,-3,45,27,272,2,0,Middle Tennessee,38,55,244,19,11,219,1,1,V,-12.5,-28,-27,-247,26,16,53,1,-1
859,10/23/2010,UTEP,24,31,184,24,10,102,2,1,Tulane,34,51,260,35,19,201,1,0,H,10,-10,-20,-76,-11,-9,-99,1,1
860,10/23/2010,Utah,59,29,221,40,32,427,0,1,Colorado State,6,24,28,28,19,185,1,1,H,31,53,5,193,12,13,242,-1,0
861,10/23/2010,Utah State,7,35,58,26,10,123,2,1,Hawaii,45,29,216,43,25,389,2,0,H,-3,-38,6,-158,-17,-15,-266,0,1
862,10/23/2010,Vanderbilt,7,30,108,31,13,142,0,0,South Carolina,21,45,129,39,31,355,1,0,H,-12.5,-14,-15,-21,-8,-18,-213,-1,0
863,10/23/2010,Virginia,48,36,181,34,20,270,0,1,Eastern Michigan,21,41,290,13,7,64,1,0,H,24,27,-5,-109,21,13,206,-1,1
864,10/23/2010,Virginia Tech,44,39,159,31,19,332,0,1,Duke,7,30,92,36,12,116,2,0,H,27.5,37,9,67,-5,7,216,-2,1
865,10/23/2010,Washington,14,33,98,33,18,192,0,1,Arizona,44,43,234,22,18,233,0,1,V,-6.5,-30,-10,-136,11,0,-41,0,0
866,10/23/2010,Washington State,28,23,90,28,21,298,2,1,Stanford,38,47,249,28,20,190,1,0,V,-36,-10,-24,-159,0,1,108,1,1
867,10/23/2010,West Virginia,14,35,106,37,20,178,3,0,Syracuse,19,38,183,15,5,63,0,1,H,14,-5,-3,-77,22,15,115,3,-1
868,10/23/2010,Western Kentucky,54,37,147,23,18,262,0,0,UL-Lafayette,21,32,97,35,17,254,2,1,V,-6,33,5,50,-12,1,8,-2,-1
869,10/23/2010,Western Michigan,56,35,137,27,18,382,0,1,Akron,10,41,154,24,12,120,1,2,V,7.5,46,-6,-17,3,6,262,-1,-1
870,10/23/2010,Wisconsin,31,38,142,26,20,205,1,0,Iowa,30,30,118,37,25,258,0,0,V,-6.5,1,8,24,-11,-5,-53,1,0
871,10/23/2010,Wyoming,20,27,63,29,13,110,0,0,Brigham Young,25,51,217,18,10,81,1,1,V,-11,-5,-24,-154,11,3,29,-1,-1
872,10/26/2010,Boise State,49,36,163,29,21,305,1,1,Louisiana Tech,20,49,172,40,24,222,0,2,H,37,29,-13,-9,-11,-3,83,1,-1
873,10/26/2010,Louisiana Tech,20,49,172,40,24,222,0,2,Boise State,49,36,163,29,21,305,1,1,V,-37,-29,13,9,11,3,-83,-1,1
874,10/28/2010,Florida State,24,33,177,28,17,196,0,2,No Carolina State,28,53,189,28,18,178,1,1,V,4,-4,-20,-12,0,-1,18,-1,1
875,10/28/2010,No Carolina State,28,53,189,28,18,178,1,1,Florida State,24,33,177,28,17,196,0,2,H,-4,4,20,12,0,1,-18,1,-1
876,10/29/2010,Connecticut,16,41,112,29,18,166,0,0,West Virginia,13,47,254,34,22,160,0,4,H,-5,3,-6,-142,-5,-4,6,0,-4
877,10/29/2010,West Virginia,13,47,254,34,22,160,0,4,Connecticut,16,41,112,29,18,166,0,0,V,5,-3,6,142,5,4,-6,0,4
878,10/30/2010,Air Force,23,41,210,13,8,201,2,3,Utah,28,51,203,23,15,148,1,0,H,-6.5,-5,-10,7,-10,-7,53,1,3
879,10/30/2010,Akron,0,28,20,27,15,134,1,0,Temple,30,40,190,22,15,209,0,1,V,-29.5,-30,-12,-170,5,0,-75,1,-1
880,10/30/2010,Arizona,29,52,264,36,24,319,1,1,U.C.L.A.,21,28,71,27,13,228,1,1,V,9,8,24,193,9,11,91,0,0
881,10/30/2010,Arizona State,42,34,118,43,32,375,0,1,Washington State,0,33,8,38,23,256,2,1,H,22,42,1,110,5,9,119,-2,0
882,10/30/2010,Arkansas,49,36,138,48,28,417,0,0,Vanderbilt,14,31,117,17,6,36,2,0,H,20.5,35,5,21,31,22,381,-2,0
883,10/30/2010,Army,29,49,316,11,4,65,0,2,Virginia Military,7,32,123,36,20,159,1,0,H, ,22,17,193,-25,-16,-94,-1,2
884,10/30/2010,Auburn,51,46,343,25,19,229,0,1,Mississippi,31,31,218,33,20,189,1,0,V,7,20,15,125,-8,-1,40,-1,1
885,10/30/2010,Ball State,14,31,72,32,15,200,3,1,Kent State,33,37,176,39,19,276,0,1,V,-10.5,-19,-6,-104,-7,-4,-76,3,0
886,10/30/2010,Baylor,30,38,109,24,16,219,1,1,Texas,22,37,171,40,23,257,1,1,V,-7.5,8,1,-62,-16,-7,-38,0,0
887,10/30/2010,Boston College,16,45,168,17,9,136,1,0,Clemson,10,23,86,39,21,176,2,1,H,-7,6,22,82,-22,-12,-40,-1,-1
888,10/30/2010,Bowling Green,17,33,107,39,22,200,2,0,Central Michigan,14,34,99,25,14,132,1,2,V,-13,3,-1,8,14,8,68,1,-2
889,10/30/2010,Buffalo,9,34,55,34,16,210,0,1,Miami-Ohio,21,30,66,36,21,231,2,0,H,-2.5,-12,4,-11,-2,-5,-21,-2,1
890,10/30/2010,California,7,25,23,29,17,183,0,1,Oregon State,35,39,197,30,21,195,0,0,V,-3,-28,-14,-174,-1,-4,-12,0,1
891,10/30/2010,Central Michigan,14,34,99,25,14,132,1,2,Bowling Green,17,33,107,39,22,200,2,0,H,13,-3,1,-8,-14,-8,-68,-1,2
892,10/30/2010,Cincinnati,7,29,109,39,21,168,1,2,Syracuse,31,44,137,26,16,125,1,1,H,6,-24,-15,-28,13,5,43,0,1
893,10/30/2010,Clemson,10,23,86,39,21,176,2,1,Boston College,16,45,168,17,9,136,1,0,V,7,-6,-22,-82,22,12,40,1,1
894,10/30/2010,Colorado,10,24,76,44,17,187,0,0,Oklahoma,43,44,147,49,34,488,0,0,V,-25,-33,-20,-71,-5,-17,-301,0,0
895,10/30/2010,Colorado State,38,50,328,26,17,256,0,0,New Mexico,14,34,96,22,12,141,0,0,H,15,24,16,232,4,5,115,0,0
896,10/30/2010,Duke,34,45,142,30,28,314,0,0,Navy,31,37,148,28,13,227,0,1,V,-13,3,8,-6,2,15,87,0,-1
897,10/30/2010,East Carolina,35,26,111,54,39,310,1,0,U-C-F,49,48,265,12,8,159,0,1,V,-9,-14,-22,-154,42,31,151,1,-1
898,10/30/2010,Eastern Michigan,7,33,100,39,21,226,2,0,Toledo,42,38,200,19,12,237,0,1,H,-11.5,-35,-5,-100,20,9,-11,2,-1
899,10/30/2010,Florida,34,50,231,27,18,219,1,0,Georgia,31,34,126,37,18,313,3,1,N,1.5,3,16,105,-10,0,-94,-2,-1
900,10/30/2010,Florida Atlantic,21,34,187,27,19,169,0,2,Florida Intl,9,37,150,34,20,210,3,1,H,-4.5,12,-3,37,-7,-1,-41,-3,1
901,10/30/2010,Florida Intl,9,37,150,34,20,210,3,1,Florida Atlantic,21,34,187,27,19,169,0,2,V,4.5,-12,3,-37,7,1,41,3,-1
902,10/30/2010,Georgia,31,34,126,37,18,313,3,1,Florida,34,50,231,27,18,219,1,0,N,-1.5,-3,-16,-105,10,0,94,2,1
903,10/30/2010,Hawaii,45,26,141,44,29,353,1,0,Idaho,10,20,56,52,30,312,2,2,H,15.5,35,6,85,-8,-1,41,-1,-2
904,10/30/2010,Houston,56,51,248,27,24,403,0,1,Memphis,17,42,229,12,4,92,1,0,V,14,39,9,19,15,20,311,-1,1
905,10/30/2010,Idaho,10,20,56,52,30,312,2,2,Hawaii,45,26,141,44,29,353,1,0,V,-15.5,-35,-6,-85,8,1,-41,1,2
906,10/30/2010,Illinois,44,48,187,24,18,204,0,0,Purdue,10,34,153,20,7,52,0,2,H,16,34,14,34,4,11,152,0,-2
907,10/30/2010,Indiana,17,21,65,54,30,308,1,0,Northwestern,20,42,155,30,19,225,0,0,H,-4,-3,-21,-90,24,11,83,1,0
908,10/30/2010,Iowa,37,42,162,16,11,190,0,0,Michigan State,6,20,31,39,25,227,3,0,H,6.5,31,22,131,-23,-14,-37,-3,0
909,10/30/2010,Iowa State,28,40,232,26,16,168,0,1,Kansas,16,42,119,33,22,149,1,0,H,17.5,12,-2,113,-7,-6,19,-1,1
910,10/30/2010,Kansas,16,42,119,33,22,149,1,0,Iowa State,28,40,232,26,16,168,0,1,V,-17.5,-12,2,-113,7,6,-19,1,-1
911,10/30/2010,Kansas State,14,37,111,38,25,178,3,0,Oklahoma State,24,37,213,39,22,298,0,2,H,-4,-10,0,-102,-1,3,-120,3,-2
912,10/30/2010,Kent State,33,37,176,39,19,276,0,1,Ball State,14,31,72,32,15,200,3,1,H,10.5,19,6,104,7,4,76,-3,0
913,10/30/2010,Kentucky,17,43,89,42,23,258,3,1,Mississippi State,24,39,214,19,7,111,0,1,V,-6,-7,4,-125,23,16,147,3,0
914,10/30/2010,Louisville,3,32,103,23,13,82,1,1,Pittsburgh,20,37,132,24,13,123,0,0,V,-9.5,-17,-5,-29,-1,0,-41,1,1
915,10/30/2010,Marshall,16,34,175,26,13,138,0,0,UTEP,12,36,87,42,22,229,1,1,H,2,4,-2,88,-16,-9,-91,-1,-1
916,10/30/2010,Maryland,62,54,261,24,16,185,0,0,Wake Forest,14,21,-3,34,17,158,2,0,H,5.5,48,33,264,-10,-1,27,-2,0
917,10/30/2010,Memphis,17,42,229,12,4,92,1,0,Houston,56,51,248,27,24,403,0,1,H,-14,-39,-9,-19,-15,-20,-311,1,-1
918,10/30/2010,Miami-Florida,19,29,179,42,18,269,5,0,Virginia,24,46,185,27,19,176,1,1,V,15,-5,-17,-6,15,-1,93,4,-1
919,10/30/2010,Miami-Ohio,21,30,66,36,21,231,2,0,Buffalo,9,34,55,34,16,210,0,1,V,2.5,12,-4,11,2,5,21,2,-1
920,10/30/2010,Michigan,31,42,233,25,11,190,0,0,Penn State,41,46,185,28,17,250,0,0,V,3,-10,-4,48,-3,-6,-60,0,0
921,10/30/2010,Michigan State,6,20,31,39,25,227,3,0,Iowa,37,42,162,16,11,190,0,0,V,-6.5,-31,-22,-131,23,14,37,3,0
922,10/30/2010,Minnesota,10,31,70,20,9,162,1,2,Ohio State,52,43,263,24,20,244,1,0,H,-25.5,-42,-12,-193,-4,-11,-82,0,2
923,10/30/2010,Mississippi,31,31,218,33,20,189,1,0,Auburn,51,46,343,25,19,229,0,1,H,-7,-20,-15,-125,8,1,-40,1,-1
924,10/30/2010,Mississippi State,24,39,214,19,7,111,0,1,Kentucky,17,43,89,42,23,258,3,1,H,6,7,-4,125,-23,-16,-147,-3,0
925,10/30/2010,Missouri,17,34,142,42,18,199,1,0,Nebraska,31,47,328,12,7,126,0,0,V,-8,-14,-13,-186,30,11,73,1,0
926,10/30/2010,Navy,31,37,148,28,13,227,0,1,Duke,34,45,142,30,28,314,0,0,H,13,-3,-8,6,-2,-15,-87,0,1
927,10/30/2010,Nebraska,31,47,328,12,7,126,0,0,Missouri,17,34,142,42,18,199,1,0,H,8,14,13,186,-30,-11,-73,-1,0
928,10/30/2010,Nevada-Las Vegas,6,24,69,32,15,128,2,0,Texas Christian,48,52,273,25,17,257,0,2,H,-35,-42,-28,-204,7,-2,-129,2,-2
929,10/30/2010,Nevada-Reno,56,55,387,18,12,209,0,0,Utah State,42,37,91,39,24,399,0,1,H,28,14,18,296,-21,-12,-190,0,-1
930,10/30/2010,New Mexico,14,34,96,22,12,141,0,0,Colorado State,38,50,328,26,17,256,0,0,V,-15,-24,-16,-232,-4,-5,-115,0,0
931,10/30/2010,New Mexico State,29,37,180,44,23,259,0,1,San Jose State,27,21,70,38,22,361,0,0,H,-3,2,16,110,6,1,-102,0,1
932,10/30/2010,North Carolina,21,37,183,33,23,238,1,1,William + Mary,17,26,51,40,26,235,1,0,H, ,4,11,132,-7,-3,3,0,1
933,10/30/2010,North Texas,33,41,311,20,11,89,0,0,Western Kentucky,6,34,156,27,15,116,0,2,V,-6,27,7,155,-7,-4,-27,0,-2
934,10/30/2010,Northern Illinois,28,43,210,30,18,214,1,0,Western Michigan,21,21,44,53,31,360,2,0,V,7,7,22,166,-23,-13,-146,-1,0
935,10/30/2010,Northwestern,20,42,155,30,19,225,0,0,Indiana,17,21,65,54,30,308,1,0,V,4,3,21,90,-24,-11,-83,-1,0
936,10/30/2010,Notre Dame,27,24,124,56,33,334,3,1,Tulsa,28,39,203,34,18,196,0,2,H,9.5,-1,-15,-79,22,15,138,3,-1
937,10/30/2010,Ohio,38,32,174,22,16,240,4,0,UL-Lafayette,31,39,73,43,27,398,1,0,H,17,7,-7,101,-21,-11,-158,3,0
938,10/30/2010,Ohio State,52,43,263,24,20,244,1,0,Minnesota,10,31,70,20,9,162,1,2,V,25.5,42,12,193,4,11,82,0,-2
939,10/30/2010,Oklahoma,43,44,147,49,34,488,0,0,Colorado,10,24,76,44,17,187,0,0,H,25,33,20,71,5,17,301,0,0
940,10/30/2010,Oklahoma State,24,37,213,39,22,298,0,2,Kansas State,14,37,111,38,25,178,3,0,V,4,10,0,102,1,-3,120,-3,2
941,10/30/2010,Oregon,53,50,311,32,19,288,1,1,Southern Cal,32,36,113,49,26,264,2,1,V,6.5,21,14,198,-17,-7,24,-1,0
942,10/30/2010,Oregon State,35,39,197,30,21,195,0,0,California,7,25,23,29,17,183,0,1,H,3,28,14,174,1,4,12,0,-1
943,10/30/2010,Penn State,41,46,185,28,17,250,0,0,Michigan,31,42,233,25,11,190,0,0,H,-3,10,4,-48,3,6,60,0,0
944,10/30/2010,Pittsburgh,20,37,132,24,13,123,0,0,Louisville,3,32,103,23,13,82,1,1,H,9.5,17,5,29,1,0,41,-1,-1
945,10/30/2010,Purdue,10,34,153,20,7,52,0,2,Illinois,44,48,187,24,18,204,0,0,V,-16,-34,-14,-34,-4,-11,-152,0,2
946,10/30/2010,S-M-U,31,30,184,35,19,358,0,3,Tulane,17,53,270,24,11,121,1,1,V,9.5,14,-23,-86,11,8,237,-1,2
947,10/30/2010,San Diego State,48,37,100,32,16,365,2,1,Wyoming,38,34,152,40,20,186,1,0,V,10,10,3,-52,-8,-4,179,1,1
948,10/30/2010,San Jose State,27,21,70,38,22,361,0,0,New Mexico State,29,37,180,44,23,259,0,1,V,3,-2,-16,-110,-6,-1,102,0,-1
949,10/30/2010,South Carolina,38,43,212,22,13,223,1,0,Tennessee,24,37,92,28,19,312,1,3,H,17.5,14,6,120,-6,-6,-89,0,-3
950,10/30/2010,Southern Cal,32,36,113,49,26,264,2,1,Oregon,53,50,311,32,19,288,1,1,H,-6.5,-21,-14,-198,17,7,-24,1,0
951,10/30/2010,Southern Miss,49,41,194,49,30,388,2,2,U-A-B,50,50,223,34,22,241,3,0,H,10.5,-1,-9,-29,15,8,147,-1,2
952,10/30/2010,Stanford,41,47,278,26,19,192,1,0,Washington,0,25,19,17,9,88,2,0,V,7.5,41,22,259,9,10,104,-1,0
953,10/30/2010,Syracuse,31,44,137,26,16,125,1,1,Cincinnati,7,29,109,39,21,168,1,2,V,-6,24,15,28,-13,-5,-43,0,-1
954,10/30/2010,Temple,30,40,190,22,15,209,0,1,Akron,0,28,20,27,15,134,1,0,H,29.5,30,12,170,-5,0,75,-1,1
955,10/30/2010,Tennessee,24,37,92,28,19,312,1,3,South Carolina,38,43,212,22,13,223,1,0,V,-17.5,-14,-6,-120,6,6,89,0,3
956,10/30/2010,Texas,22,37,171,40,23,257,1,1,Baylor,30,38,109,24,16,219,1,1,H,7.5,-8,-1,62,16,7,38,0,0
957,10/30/2010,Texas A+M,45,43,174,50,36,449,1,2,Texas Tech,27,26,96,51,34,356,1,2,H,7,18,17,78,-1,2,93,0,0
958,10/30/2010,Texas Christian,48,52,273,25,17,257,0,2,Nevada-Las Vegas,6,24,69,32,15,128,2,0,V,35,42,28,204,-7,2,129,-2,2
959,10/30/2010,Texas Tech,27,26,96,51,34,356,1,2,Texas A+M,45,43,174,50,36,449,1,2,V,-7,-18,-17,-78,1,-2,-93,0,0
960,10/30/2010,Toledo,42,38,200,19,12,237,0,1,Eastern Michigan,7,33,100,39,21,226,2,0,V,11.5,35,5,100,-20,-9,11,-2,1
961,10/30/2010,Troy,14,30,118,39,16,167,2,0,UL-Monroe,28,49,191,31,21,237,0,1,V,17,-14,-19,-73,8,-5,-70,2,-1
962,10/30/2010,Tulane,17,53,270,24,11,121,1,1,S-M-U,31,30,184,35,19,358,0,3,H,-9.5,-14,23,86,-11,-8,-237,1,-2
963,10/30/2010,Tulsa,28,39,203,34,18,196,0,2,Notre Dame,27,24,124,56,33,334,3,1,V,-9.5,1,15,79,-22,-15,-138,-3,1
964,10/30/2010,U-A-B,50,50,223,34,22,241,3,0,Southern Miss,49,41,194,49,30,388,2,2,V,-10.5,1,9,29,-15,-8,-147,1,-2
965,10/30/2010,U-C-F,49,48,265,12,8,159,0,1,East Carolina,35,26,111,54,39,310,1,0,H,9,14,22,154,-42,-31,-151,-1,1
966,10/30/2010,U.C.L.A.,21,28,71,27,13,228,1,1,Arizona,29,52,264,36,24,319,1,1,H,-9,-8,-24,-193,-9,-11,-91,0,0
967,10/30/2010,UL-Lafayette,31,39,73,43,27,398,1,0,Ohio,38,32,174,22,16,240,4,0,V,-17,-7,7,-101,21,11,158,-3,0
968,10/30/2010,UL-Monroe,28,49,191,31,21,237,0,1,Troy,14,30,118,39,16,167,2,0,H,-17,14,19,73,-8,5,70,-2,1
969,10/30/2010,UTEP,12,36,87,42,22,229,1,1,Marshall,16,34,175,26,13,138,0,0,V,-2,-4,2,-88,16,9,91,1,1
970,10/30/2010,Utah,28,51,179,23,15,148,1,0,Air Force,23,41,210,13,8,201,2,3,V,6.5,5,10,-31,10,7,-53,-1,-3
971,10/30/2010,Utah State,42,37,91,39,24,399,0,1,Nevada-Reno,56,55,387,18,12,209,0,0,V,-28,-14,-18,-296,21,12,190,0,1
972,10/30/2010,Vanderbilt,14,31,117,17,6,36,2,0,Arkansas,49,36,138,48,28,417,0,0,V,-20.5,-35,-5,-21,-31,-22,-381,2,0
973,10/30/2010,Virginia,24,46,185,27,19,176,1,1,Miami-Florida,19,29,179,42,18,269,5,0,H,-15,5,17,6,-15,1,-93,-4,1
974,10/30/2010,Wake Forest,14,21,-3,34,17,158,2,0,Maryland,62,54,261,24,16,185,0,0,V,-5.5,-48,-33,-264,10,1,-27,2,0
975,10/30/2010,Washington,0,25,19,17,9,88,2,0,Stanford,41,47,278,26,19,192,1,0,H,-7.5,-41,-22,-259,-9,-10,-104,1,0
976,10/30/2010,Washington State,0,33,8,38,23,256,2,1,Arizona State,42,34,118,43,32,375,0,1,V,-22,-42,-1,-110,-5,-9,-119,2,0
977,10/30/2010,Western Kentucky,6,34,156,27,15,116,0,2,North Texas,33,41,311,20,11,89,0,0,H,6,-27,-7,-155,7,4,27,0,2
978,10/30/2010,Western Michigan,21,21,44,53,31,360,2,0,Northern Illinois,28,43,210,30,18,214,1,0,H,-7,-7,-22,-166,23,13,146,1,0
979,10/30/2010,Wyoming,38,34,152,40,20,186,1,0,San Diego State,48,37,76,32,16,365,2,1,H,-10,-10,-3,76,8,4,-179,-1,-1
980,11/02/2010,Arkansas State,51,38,205,29,18,288,1,0,Middle Tennessee,24,60,236,37,19,146,4,3,H,-2.5,27,-22,-31,-8,-1,142,-3,-3
981,11/02/2010,Middle Tennessee,24,60,236,37,19,146,4,3,Arkansas State,51,38,205,29,18,288,1,0,V,2.5,-27,22,31,8,1,-142,3,3
982,11/03/2010,Rutgers,27,30,78,23,20,160,0,0,South Florida,28,41,157,17,10,149,1,0,V,-10,-1,-11,-79,6,10,11,-1,0
983,11/03/2010,South Florida,28,41,157,17,10,149,1,0,Rutgers,27,30,78,23,20,160,0,0,H,10,1,11,79,-6,-10,-11,1,0
984,11/04/2010,Buffalo,17,35,124,27,8,84,2,1,Ohio,34,46,185,21,14,201,1,1,V,-16.5,-17,-11,-61,6,-6,-117,1,0
985,11/04/2010,Georgia Tech,21,51,346,10,2,80,2,0,Virginia Tech,28,40,198,25,15,137,1,1,V,-13.5,-7,11,148,-15,-13,-57,1,-1
986,11/04/2010,Ohio,34,46,185,21,14,201,1,1,Buffalo,17,35,124,27,8,84,2,1,H,16.5,17,11,61,-6,6,117,-1,0
987,11/04/2010,Virginia Tech,28,40,198,25,15,137,1,1,Georgia Tech,21,51,346,10,2,80,2,0,H,13.5,7,-11,-148,15,13,57,-1,1
988,11/05/2010,Central Michigan,26,34,73,36,23,300,1,1,Western Michigan,22,37,158,44,27,272,0,4,H,3,4,-3,-85,-8,-4,28,1,-3
989,11/05/2010,Houston,33,34,198,44,27,334,2,0,U-C-F,40,53,228,21,15,294,0,1,H,-2.5,-7,-19,-30,23,12,40,2,-1
990,11/05/2010,U-C-F,40,53,228,21,15,294,0,1,Houston,33,34,198,44,27,334,2,0,V,2.5,7,19,30,-23,-12,-40,-2,1
991,11/05/2010,Western Michigan,22,37,158,44,27,272,0,4,Central Michigan,26,34,73,36,23,300,1,1,V,-3,-4,3,85,8,4,-28,-1,3
992,11/06/2010,Air Force,42,53,277,7,3,124,0,0,Army,22,50,220,13,6,81,1,1,V,6.5,20,3,57,-6,-3,43,-1,-1
993,11/06/2010,Akron,30,36,180,39,18,178,3,0,Ball State,37,40,123,29,15,266,3,2,V,-13.5,-7,-4,57,10,3,-88,0,-2
994,11/06/2010,Alabama,21,31,102,34,21,223,1,1,Louisiana State,24,45,225,20,14,208,0,0,V,7,-3,-14,-123,14,7,15,1,1
995,11/06/2010,Arizona,17,31,180,48,28,248,1,0,Stanford,42,45,217,32,23,293,0,0,V,-8,-25,-14,-37,16,5,-45,1,0
996,11/06/2010,Arizona State,33,28,116,42,25,282,2,0,Southern Cal,34,43,187,37,26,215,2,0,V,-5.5,-1,-15,-71,5,-1,67,0,0
997,11/06/2010,Arkansas,41,38,140,30,21,303,1,1,South Carolina,20,27,105,33,18,190,2,1,V,-4,21,11,35,-3,3,113,-1,0
998,11/06/2010,Army,22,50,244,13,6,81,1,1,Air Force,42,53,277,7,3,124,0,0,H,-6.5,-20,-3,-33,6,3,-43,1,1
999,11/06/2010,Auburn,62,31,303,23,16,325,0,0,Chattanooga,24,30,101,43,23,233,0,0,H, ,38,1,202,-20,-7,92,0,0
1000,11/06/2010,Ball State,37,40,123,29,15,266,3,2,Akron,30,36,180,39,18,178,3,0,H,13.5,7,4,-57,-10,-3,88,0,2
1001,11/06/2010,Baylor,28,36,197,48,30,267,1,2,Oklahoma State,55,39,290,43,34,435,0,1,V,-10,-27,-3,-93,5,-4,-168,1,1
1002,11/06/2010,Boise State,42,41,230,37,30,507,2,1,Hawaii,7,22,45,35,21,151,0,0,H,23,35,19,185,2,9,356,2,1
1003,11/06/2010,Boston College,23,44,166,16,12,133,2,0,Wake Forest,13,32,71,31,19,218,4,1,V,4,10,12,95,-15,-7,-85,-2,-1
1004,11/06/2010,Brigham Young,55,51,216,32,20,300,0,0,Nevada-Las Vegas,7,28,22,29,11,122,2,1,H,18.5,48,23,194,3,9,178,-2,-1
1005,11/06/2010,California,20,42,212,24,12,174,2,0,Washington State,13,32,84,27,11,110,0,0,V,14.5,7,10,128,-3,1,64,2,0
1006,11/06/2010,Clemson,14,42,48,30,20,214,1,2,No Carolina State,13,30,64,36,22,212,1,1,H,3.5,1,12,-16,-6,-2,2,0,1
1007,11/06/2010,Colorado,45,31,142,44,29,322,2,1,Kansas,52,44,201,28,23,252,2,0,V,7.5,-7,-13,-59,16,6,70,0,1
1008,11/06/2010,Colorado State,19,34,31,41,22,266,1,0,San Diego State,24,39,152,23,14,171,2,3,V,-17.5,-5,-5,-121,18,8,95,-1,-3
1009,11/06/2010,Duke,55,45,230,31,18,259,0,1,Virginia,48,42,226,46,24,417,3,0,H,-1.5,7,3,4,-15,-6,-158,-3,1
1010,11/06/2010,East Carolina,35,24,154,65,43,413,0,4,Navy,76,62,521,9,6,75,0,1,H,2.5,-41,-38,-367,56,37,338,0,3
1011,11/06/2010,Florida,55,51,203,37,22,277,1,1,Vanderbilt,14,38,46,27,10,63,1,2,V,14.5,41,13,157,10,12,214,0,-1
1012,11/06/2010,Florida Atlantic,17,37,70,22,9,145,1,1,Western Kentucky,16,45,198,24,8,70,1,0,V,2.5,1,-8,-128,-2,1,75,0,1
1013,11/06/2010,Florida Intl,42,43,242,27,17,227,2,0,UL-Monroe,35,39,111,40,29,371,1,0,H,10,7,4,131,-13,-12,-144,1,0
1014,11/06/2010,Florida State,35,33,110,35,24,264,0,0,North Carolina,37,33,34,35,24,439,0,0,H,10.5,-2,0,76,0,0,-175,0,0
1015,11/06/2010,Fresno State,40,56,300,33,20,229,1,1,Louisiana Tech,34,24,89,31,17,219,1,0,V,-3,6,32,211,2,3,10,0,1
1016,11/06/2010,Georgia,55,46,181,35,22,269,0,0,Idaho State,7,19,39,32,7,112,3,0,H, ,48,27,142,3,15,157,-3,0
1017,11/06/2010,Hawaii,7,22,45,35,21,151,0,0,Boise State,42,41,230,37,30,507,2,1,V,-23,-35,-19,-185,-2,-9,-356,-2,-1
1018,11/06/2010,Idaho,17,19,68,41,19,271,0,4,Nevada-Reno,63,57,453,34,22,391,0,0,H,-12,-46,-38,-385,7,-3,-120,0,4
1019,11/06/2010,Illinois,65,61,315,27,16,246,0,1,Michigan,67,53,257,39,22,419,3,2,V,-3,-2,8,58,-12,-6,-173,-3,-1
1020,11/06/2010,Indiana,13,24,91,46,27,222,1,0,Iowa,18,29,155,33,22,290,1,0,H,-18.5,-5,-5,-64,13,5,-68,0,0
1021,11/06/2010,Iowa,18,29,155,33,22,290,1,0,Indiana,13,24,91,46,27,222,1,0,V,18.5,5,5,64,-13,-5,68,0,0
1022,11/06/2010,Iowa State,30,48,157,32,21,203,2,1,Nebraska,31,52,235,12,7,79,0,2,H,-16,-1,-4,-78,20,14,124,2,-1
1023,11/06/2010,Kansas,52,44,201,28,23,252,2,0,Colorado,45,31,142,44,29,322,2,1,H,-7.5,7,13,59,-16,-6,-70,0,-1
1024,11/06/2010,Kansas State,39,50,261,4,2,9,0,0,Texas,14,26,140,59,32,272,5,0,H,-4,25,24,121,-55,-30,-263,-5,0
1025,11/06/2010,Kent State,10,21,16,39,22,207,0,3,Temple,28,46,97,30,21,368,2,1,H,-3,-18,-25,-81,9,1,-161,-2,2
1026,11/06/2010,Kentucky,49,27,228,28,16,274,1,1,Charleston Southern,21,48,140,18,15,129,0,0,H, ,28,-21,88,10,1,145,1,1
1027,11/06/2010,Louisiana State,24,45,225,20,14,208,0,0,Alabama,21,31,102,34,21,223,1,1,H,-7,3,14,123,-14,-7,-15,-1,-1
1028,11/06/2010,Louisiana Tech,34,24,89,31,17,219,1,0,Fresno State,40,56,300,33,20,229,1,1,H,3,-6,-32,-211,-2,-3,-10,0,-1
1029,11/06/2010,Louisville,28,39,160,25,13,143,0,1,Syracuse,20,31,101,32,19,155,0,1,V,-7,8,8,59,-7,-6,-12,0,0
1030,11/06/2010,Marshall,31,36,96,41,25,304,1,0,U-A-B,17,28,83,46,20,235,1,0,V,-10.5,14,8,13,-5,5,69,0,0
1031,11/06/2010,Maryland,20,25,96,30,11,158,1,0,Miami-Florida,26,49,218,30,18,286,2,0,V,-9.5,-6,-24,-122,0,-7,-128,-1,0
1032,11/06/2010,Memphis,14,31,64,32,20,244,3,2,Tennessee,50,32,130,38,22,379,0,1,H,-20,-36,-1,-66,-6,-2,-135,3,1
1033,11/06/2010,Miami-Florida,26,49,218,30,18,286,2,0,Maryland,20,25,96,30,11,158,1,0,H,9.5,6,24,122,0,7,128,1,0
1034,11/06/2010,Michigan,67,53,257,39,22,419,3,2,Illinois,65,61,315,27,16,246,0,1,H,3,2,-8,-58,12,6,173,3,1
1035,11/06/2010,Michigan State,31,41,189,20,9,131,1,0,Minnesota,8,31,76,28,17,191,1,0,H,24,23,10,113,-8,-8,-60,0,0
1036,11/06/2010,Minnesota,8,31,76,28,17,191,1,0,Michigan State,31,41,189,20,9,131,1,0,V,-24,-23,-10,-113,8,8,60,0,0
1037,11/06/2010,Mississippi,43,50,298,22,11,180,0,1,UL-Lafayette,21,24,76,21,7,139,2,1,H,30,22,26,222,1,4,41,-2,0
1038,11/06/2010,Missouri,17,31,260,30,12,95,0,1,Texas Tech,24,51,198,50,30,287,1,1,V,4.5,-7,-20,62,-20,-18,-192,-1,0
1039,11/06/2010,Navy,76,62,521,9,6,75,0,1,East Carolina,35,24,154,65,43,413,0,4,V,-2.5,41,38,367,-56,-37,-338,0,-3
1040,11/06/2010,Nebraska,31,52,235,12,7,79,0,2,Iowa State,30,48,157,32,21,203,2,1,V,16,1,4,78,-20,-14,-124,-2,1
1041,11/06/2010,Nevada-Las Vegas,7,28,22,29,11,122,2,0,Brigham Young,55,51,216,32,20,300,0,0,V,-18.5,-48,-23,-194,-3,-9,-178,2,0
1042,11/06/2010,Nevada-Reno,63,57,453,34,22,391,0,0,Idaho,17,19,68,41,19,271,0,4,V,12,46,38,385,-7,3,120,0,-4
1043,11/06/2010,New Mexico,34,58,219,20,16,211,0,0,Wyoming,31,45,392,12,6,144,1,3,H,-9,3,13,-173,8,10,67,-1,-3
1044,11/06/2010,New Mexico State,22,41,155,34,17,191,0,0,Utah State,27,42,186,22,11,110,1,0,V,-19,-5,-1,-31,12,6,81,-1,0
1045,11/06/2010,No Carolina State,13,29,63,36,22,212,1,1,Clemson,14,41,46,30,20,214,1,2,V,-3.5,-1,-12,17,6,2,-2,0,-1
1046,11/06/2010,North Carolina,37,33,34,35,24,439,0,0,Florida State,35,33,110,35,24,264,0,0,V,-10.5,2,0,-76,0,0,175,0,0
1047,11/06/2010,North Texas,35,37,163,29,17,269,0,0,Troy,41,41,172,42,29,371,2,0,H,-9.5,-6,-4,-9,-13,-12,-102,-2,0
1048,11/06/2010,Northwestern,21,43,168,25,16,201,0,0,Penn State,35,46,260,34,21,268,0,1,V,-7,-14,-3,-92,-9,-5,-67,0,-1
1049,11/06/2010,Oklahoma,19,44,72,60,36,290,1,0,Texas A+M,33,38,157,32,19,225,2,0,V,5,-14,6,-85,28,17,65,-1,0
1050,11/06/2010,Oklahoma State,55,39,290,43,34,435,0,1,Baylor,28,36,197,48,30,267,1,2,H,10,27,3,93,-5,4,168,-1,-1
1051,11/06/2010,Oregon,53,55,279,33,24,243,0,2,Washington,16,37,136,28,14,127,0,0,H,38,37,18,143,5,10,116,0,2
1052,11/06/2010,Oregon State,14,24,85,28,20,182,0,0,U.C.L.A.,17,55,210,19,13,130,1,0,V,5,-3,-31,-125,9,7,52,-1,0
1053,11/06/2010,Penn State,35,46,260,34,21,268,0,1,Northwestern,21,43,168,25,16,201,0,0,H,7,14,3,92,9,5,67,0,1
1054,11/06/2010,Purdue,13,37,162,38,19,141,3,1,Wisconsin,34,39,173,19,13,130,1,0,H,-20,-21,-2,-11,19,6,11,2,1
1055,11/06/2010,Rice,27,39,194,18,8,221,0,2,Tulsa,64,44,173,41,28,439,0,0,V,-17,-37,-5,21,-23,-20,-218,0,2
1056,11/06/2010,S-M-U,14,24,104,45,28,255,0,0,UTEP,28,34,118,29,18,201,0,0,V,6.5,-14,-10,-14,16,10,54,0,0
1057,11/06/2010,San Diego State,24,39,128,23,14,171,2,3,Colorado State,19,34,31,41,22,266,1,0,H,17.5,5,5,97,-18,-8,-95,1,3
1058,11/06/2010,South Carolina,20,27,105,33,18,190,2,1,Arkansas,41,38,140,30,21,303,1,1,H,4,-21,-11,-35,3,-3,-113,1,0
1059,11/06/2010,Southern Cal,34,43,187,37,26,215,2,0,Arizona State,33,28,116,42,25,282,2,0,H,5.5,1,15,71,-5,1,-67,0,0
1060,11/06/2010,Southern Miss,46,41,230,36,19,128,0,1,Tulane,30,36,156,39,22,246,0,2,V,10.5,16,5,74,-3,-3,-118,0,-1
1061,11/06/2010,Stanford,42,45,217,32,23,293,0,0,Arizona,17,31,180,48,28,248,1,0,H,8,25,14,37,-16,-5,45,-1,0
1062,11/06/2010,Syracuse,20,31,101,32,19,155,0,1,Louisville,28,39,160,25,13,143,0,1,H,7,-8,-8,-59,7,6,12,0,0
1063,11/06/2010,Temple,28,46,97,30,21,368,2,1,Kent State,10,21,16,39,22,207,0,3,V,3,18,25,81,-9,-1,161,2,-2
1064,11/06/2010,Tennessee,50,32,130,38,22,379,0,1,Memphis,14,31,64,32,20,244,3,2,V,20,36,1,66,6,2,135,-3,-1
1065,11/06/2010,Texas,14,26,140,59,32,272,5,0,Kansas State,39,50,261,4,2,9,0,0,V,4,-25,-24,-121,55,30,263,5,0
1066,11/06/2010,Texas A+M,33,38,157,32,19,225,2,0,Oklahoma,19,44,72,60,36,290,1,0,H,-5,14,-6,85,-28,-17,-65,1,0
1067,11/06/2010,Texas Christian,47,45,177,27,22,381,0,1,Utah,7,17,51,35,16,148,2,2,V,5,40,28,126,-8,6,233,-2,-1
1068,11/06/2010,Texas Tech,24,51,198,50,30,287,1,1,Missouri,17,31,260,30,12,95,0,1,H,-4.5,7,20,-62,20,18,192,1,0
1069,11/06/2010,Troy,41,41,172,42,29,371,2,0,North Texas,35,37,163,29,17,269,0,0,V,9.5,6,4,9,13,12,102,2,0
1070,11/06/2010,Tulane,30,36,156,39,22,246,0,2,Southern Miss,46,41,230,36,19,128,0,1,H,-10.5,-16,-5,-74,3,3,118,0,1
1071,11/06/2010,Tulsa,64,44,173,41,28,439,0,0,Rice,27,39,194,18,8,221,0,2,H,17,37,5,-21,23,20,218,0,-2
1072,11/06/2010,U-A-B,17,28,83,46,20,235,1,0,Marshall,31,36,96,41,25,304,1,0,H,10.5,-14,-8,-13,5,-5,-69,0,0
1073,11/06/2010,U.C.L.A.,17,55,210,19,13,127,1,0,Oregon State,14,26,103,26,18,164,0,0,H,-5,3,29,107,-7,-5,-37,1,0
1074,11/06/2010,UL-Lafayette,21,24,76,21,7,139,2,1,Mississippi,43,50,298,22,11,180,0,1,V,-30,-22,-26,-222,-1,-4,-41,2,0
1075,11/06/2010,UL-Monroe,35,39,116,40,29,366,1,0,Florida Intl,42,43,242,27,17,227,2,0,V,-10,-7,-4,-126,13,12,139,-1,0
1076,11/06/2010,UTEP,28,34,118,29,18,201,0,0,S-M-U,14,24,104,45,28,255,0,0,H,-6.5,14,10,14,-16,-10,-54,0,0
1077,11/06/2010,Utah,7,17,51,35,16,148,2,2,Texas Christian,47,45,177,27,22,381,0,1,H,-5,-40,-28,-126,8,-6,-233,2,1
1078,11/06/2010,Utah State,27,42,186,22,11,110,1,0,New Mexico State,22,41,155,34,17,191,0,0,H,19,5,1,31,-12,-6,-81,1,0
1079,11/06/2010,Vanderbilt,14,38,46,27,10,63,1,2,Florida,55,51,203,37,22,277,1,1,H,-14.5,-41,-13,-157,-10,-12,-214,0,1
1080,11/06/2010,Virginia,48,42,226,46,24,417,3,0,Duke,55,45,230,31,18,259,0,1,V,1.5,-7,-3,-4,15,6,158,3,-1
1081,11/06/2010,Wake Forest,13,31,69,31,19,218,4,1,Boston College,23,43,165,16,12,133,2,0,H,-4,-10,-12,-96,15,7,85,2,1
1082,11/06/2010,Washington,16,37,136,28,14,127,0,0,Oregon,53,55,279,33,24,243,0,2,V,-38,-37,-18,-143,-5,-10,-116,0,-2
1083,11/06/2010,Washington State,13,34,102,25,9,92,0,0,California,20,42,212,24,12,171,2,0,H,-14.5,-7,-8,-110,1,-3,-79,-2,0
1084,11/06/2010,Western Kentucky,16,45,198,24,8,70,1,0,Florida Atlantic,17,37,75,22,9,140,1,1,H,-2.5,-1,8,123,2,-1,-70,0,-1
1085,11/06/2010,Wisconsin,34,39,173,19,13,130,1,0,Purdue,13,37,162,38,19,141,3,1,V,20,21,2,11,-19,-6,-11,-2,-1
1086,11/06/2010,Wyoming,31,45,392,12,6,144,1,4,New Mexico,34,58,219,20,16,211,0,0,V,9,-3,-13,173,-8,-10,-67,1,4
1087,11/09/2010,Northern Illinois,65,54,422,16,11,162,0,0,Toledo,30,26,194,38,18,186,1,0,H,11,35,28,228,-22,-7,-24,-1,0
1088,11/09/2010,Toledo,30,26,194,38,18,186,1,0,Northern Illinois,65,54,422,16,11,162,0,0,V,-11,-35,-28,-228,22,7,24,1,0
1089,11/10/2010,Bowling Green,21,27,44,29,17,176,2,1,Miami-Ohio,24,37,156,25,19,221,0,3,H,-3,-3,-10,-112,4,-2,-45,2,-2
1090,11/10/2010,Miami-Ohio,24,37,156,25,19,221,0,3,Bowling Green,21,27,44,29,17,176,2,1,V,3,3,10,112,-4,2,45,-2,2
1091,11/11/2010,Connecticut,30,46,249,20,9,100,1,0,Pittsburgh,28,34,143,28,20,220,2,1,H,-6.5,2,12,106,-8,-11,-120,-1,-1
1092,11/11/2010,East Carolina,54,29,128,47,30,364,0,0,U-A-B,42,29,127,50,31,418,1,1,V,-1,12,0,1,-3,-1,-54,-1,-1
1093,11/11/2010,Pittsburgh,28,34,143,28,20,220,2,1,Connecticut,30,46,249,20,9,100,1,0,V,6.5,-2,-12,-106,8,11,120,1,1
1094,11/11/2010,U-A-B,42,28,124,51,32,421,1,1,East Carolina,54,29,128,47,30,364,0,0,H,1,-12,-1,-4,4,2,57,1,1
1095,11/12/2010,Ball State,20,43,149,26,18,174,0,0,Buffalo,3,31,88,22,7,56,3,1,V,-3,17,12,61,4,11,118,-3,-1
1096,11/12/2010,Boise State,52,36,199,33,22,225,0,1,Idaho,14,25,101,54,28,215,3,0,V,35.5,38,11,98,-21,-6,10,-3,1
1097,11/12/2010,Buffalo,3,31,88,22,7,56,3,1,Ball State,20,43,149,26,18,174,0,0,H,3,-17,-12,-61,-4,-11,-118,3,1
1098,11/12/2010,Idaho,14,25,101,54,28,215,3,0,Boise State,52,36,199,33,22,225,0,1,H,-35.5,-38,-11,-98,21,6,-10,3,-1
1099,11/13/2010,Air Force,48,80,373,10,7,88,0,1,New Mexico,23,39,159,25,15,99,0,2,H,34,25,41,214,-15,-8,-11,0,-1
1100,11/13/2010,Alabama,30,36,175,23,14,277,1,1,Mississippi State,10,49,149,23,12,150,2,0,H,13,20,-13,26,0,2,127,-1,1
1101,11/13/2010,Arizona,21,18,37,48,32,353,0,2,Southern Cal,24,46,205,36,22,183,1,0,H,4.5,-3,-28,-168,12,10,170,-1,2
1102,11/13/2010,Arizona State,13,23,110,26,16,158,1,1,Stanford,17,42,128,41,33,292,1,1,H,-4.5,-4,-19,-18,-15,-17,-134,0,0
1103,11/13/2010,Arkansas,58,41,326,31,23,251,0,0,UTEP,21,25,117,28,18,238,2,1,H,28.5,37,16,209,3,5,13,-2,-1
1104,11/13/2010,Arkansas State,35,27,142,39,27,306,2,3,Western Kentucky,36,66,237,27,11,151,0,1,H,12,-1,-39,-95,12,16,155,2,2
1105,11/13/2010,Army,45,62,233,10,9,149,0,0,Kent State,28,30,185,25,13,225,3,1,V,-1,17,32,48,-15,-4,-76,-3,-1
1106,11/13/2010,Auburn,49,57,315,16,12,148,1,0,Georgia,31,24,81,28,15,273,0,0,H,7,18,33,234,-12,-3,-125,1,0
1107,11/13/2010,Baylor,30,52,291,38,28,212,0,0,Texas A+M,42,35,147,38,27,280,0,1,H,-3,-12,17,144,0,1,-68,0,-1
1108,11/13/2010,Boston College,21,37,126,24,12,230,0,2,Duke,16,24,4,54,37,307,0,2,V,3.5,5,13,122,-30,-25,-77,0,0
1109,11/13/2010,Brigham Young,49,44,284,20,15,242,0,2,Colorado State,10,24,83,42,28,292,2,2,V,6.5,39,20,201,-22,-13,-50,-2,0
1110,11/13/2010,California,13,31,124,28,10,69,0,1,Oregon,15,55,162,29,15,155,0,1,H,-20,-2,-24,-38,-1,-5,-86,0,0
1111,11/13/2010,Central Michigan,37,32,101,59,36,394,0,0,Navy,38,52,437,5,2,33,0,1,V,-14,-1,-20,-336,54,34,361,0,-1
1112,11/13/2010,Cincinnati,10,16,60,45,25,221,2,2,West Virginia,37,59,245,25,15,174,1,1,V,-5.5,-27,-43,-185,20,10,47,1,1
1113,11/13/2010,Clemson,13,35,152,44,28,239,2,0,Florida State,16,30,97,25,15,210,1,1,V,-6,-3,5,55,19,13,29,1,-1
1114,11/13/2010,Colorado,34,45,118,24,16,266,0,1,Iowa State,14,26,-6,42,27,235,0,2,H,-2.5,20,19,124,-18,-11,31,0,-1
1115,11/13/2010,Colorado State,10,24,79,42,28,292,2,2,Brigham Young,49,44,280,20,15,242,0,2,H,-6.5,-39,-20,-201,22,13,50,2,0
1116,11/13/2010,Duke,16,24,4,54,37,307,0,2,Boston College,21,37,126,24,12,230,0,2,H,-3.5,-5,-13,-122,30,25,77,0,0
1117,11/13/2010,Eastern Michigan,30,56,277,24,13,214,2,1,Western Michigan,45,27,169,21,17,349,0,2,V,-19,-15,29,108,3,-4,-135,2,-1
1118,11/13/2010,Florida,14,20,35,39,20,191,1,1,South Carolina,36,54,239,22,15,156,0,0,H,6,-22,-34,-204,17,5,35,1,1
1119,11/13/2010,Florida Atlantic,24,37,140,18,11,183,0,1,UL-Lafayette,23,45,173,37,21,254,1,1,H,10.5,1,-8,-33,-19,-10,-71,-1,0
1120,11/13/2010,Florida Intl,52,54,448,15,8,220,1,0,Troy,35,28,108,50,30,303,2,2,V,-8.5,17,26,340,-35,-22,-83,-1,-2
1121,11/13/2010,Florida State,16,30,97,25,15,210,1,1,Clemson,13,35,152,44,28,239,2,0,H,6,3,-5,-55,-19,-13,-29,-1,1
1122,11/13/2010,Fresno State,34,41,250,26,16,194,0,2,Nevada-Reno,35,38,245,26,16,171,1,0,H,-8.5,-1,3,5,0,0,23,-1,2
1123,11/13/2010,Georgia,31,24,81,28,15,273,0,0,Auburn,49,57,315,16,12,148,1,0,V,-7,-18,-33,-234,12,3,125,-1,0
1124,11/13/2010,Georgia Tech,10,59,308,17,7,101,0,2,Miami-Florida,35,46,277,18,10,230,0,2,H,-2.5,-25,13,31,-1,-3,-129,0,0
1125,11/13/2010,Houston,25,32,118,36,22,291,5,0,Tulsa,28,50,259,31,20,154,2,0,H,2.5,-3,-18,-141,5,2,137,3,0
1126,11/13/2010,Illinois,34,43,201,24,11,209,1,0,Minnesota,38,36,136,37,20,225,0,1,H,21,-4,7,65,-13,-9,-16,1,-1
1127,11/13/2010,Indiana,20,34,167,24,11,149,1,2,Wisconsin,83,47,338,21,17,260,0,0,V,-22.5,-63,-13,-171,3,-6,-111,1,2
1128,11/13/2010,Iowa,17,28,101,43,23,270,1,0,Northwestern,21,39,101,43,32,318,1,0,V,10,-4,-11,0,0,-9,-48,0,0
1129,11/13/2010,Iowa State,14,26,-6,42,27,235,0,2,Colorado,34,45,118,24,16,266,0,1,V,2.5,-20,-19,-124,18,11,-31,0,1
1130,11/13/2010,Kansas,3,34,72,13,3,15,1,0,Nebraska,20,49,230,26,14,167,1,1,V,-35,-17,-15,-158,-13,-11,-152,0,-1
1131,11/13/2010,Kansas State,28,44,187,26,15,235,1,3,Missouri,38,38,232,26,17,208,1,0,V,-13,-10,6,-45,0,-2,27,0,3
1132,11/13/2010,Kent State,28,30,185,25,13,225,3,1,Army,45,62,233,10,9,149,0,0,H,1,-17,-32,-48,15,4,76,3,1
1133,11/13/2010,Kentucky,38,43,341,24,16,239,0,0,Vanderbilt,20,42,202,39,17,198,0,1,H,17,18,1,139,-15,-1,41,0,-1
1134,11/13/2010,Louisiana State,51,39,156,22,8,95,0,0,UL-Monroe,0,38,123,22,10,67,3,2,H,33,51,1,33,0,-2,28,-3,-2
1135,11/13/2010,Louisiana Tech,41,37,242,31,19,184,1,1,New Mexico State,20,35,150,40,20,216,2,1,V,16,21,2,92,-9,-1,-32,-1,0
1136,11/13/2010,Louisville,21,52,183,31,16,146,2,0,South Florida,24,43,189,21,12,97,0,1,H,2.5,-3,9,-6,10,4,49,2,-1
1137,11/13/2010,Marshall,28,38,118,28,20,251,1,1,Memphis,13,25,37,33,15,204,0,1,H,17,15,13,81,-5,5,47,1,0
1138,11/13/2010,Maryland,42,36,136,28,17,289,0,0,Virginia,23,27,92,48,27,290,2,0,V,3,19,9,44,-20,-10,-1,-2,0
1139,11/13/2010,Memphis,13,30,57,34,15,211,0,1,Marshall,28,41,119,28,20,251,1,1,V,-17,-15,-11,-62,6,-5,-40,-1,0
1140,11/13/2010,Miami-Florida,35,46,277,18,10,230,0,2,Georgia Tech,10,59,308,17,7,101,0,2,V,2.5,25,-13,-31,1,3,129,0,0
1141,11/13/2010,Michigan,27,55,202,25,14,193,2,3,Purdue,16,36,124,33,17,132,2,3,V,12.5,11,19,78,-8,-3,61,0,0
1142,11/13/2010,Middle Tennessee,17,35,167,30,17,197,2,1,North Texas,23,57,279,25,16,167,1,1,H,10.5,-6,-22,-112,5,1,30,1,0
1143,11/13/2010,Minnesota,38,36,136,37,20,225,0,1,Illinois,34,43,201,24,11,209,1,0,V,-21,4,-7,-65,13,9,16,-1,1
1144,11/13/2010,Mississippi,14,39,196,24,10,99,4,1,Tennessee,52,28,118,35,18,323,0,0,V,-2.5,-38,11,78,-11,-8,-224,4,1
1145,11/13/2010,Mississippi State,10,49,149,23,12,150,2,0,Alabama,30,36,175,23,14,277,1,1,V,-13,-20,13,-26,0,-2,-127,1,-1
1146,11/13/2010,Missouri,38,38,232,26,17,208,1,0,Kansas State,28,44,187,26,15,235,1,3,H,13,10,-6,45,0,2,-27,0,-3
1147,11/13/2010,Navy,38,52,437,5,2,33,0,1,Central Michigan,37,32,101,59,36,394,0,0,H,14,1,20,336,-54,-34,-361,0,1
1148,11/13/2010,Nebraska,20,49,230,26,14,167,1,1,Kansas,3,34,72,13,3,15,1,0,H,35,17,15,158,13,11,152,0,1
1149,11/13/2010,Nevada-Las Vegas,42,44,197,19,14,179,0,1,Wyoming,16,30,133,23,14,140,1,1,H,-4.5,26,14,64,-4,0,39,-1,0
1150,11/13/2010,Nevada-Reno,35,38,245,26,16,171,1,0,Fresno State,34,41,250,26,16,194,0,2,V,8.5,1,-3,-5,0,0,-23,1,-2
1151,11/13/2010,New Mexico,23,39,158,24,14,94,0,2,Air Force,48,80,373,10,7,88,0,1,V,-34,-25,-41,-215,14,7,6,0,1
1152,11/13/2010,New Mexico State,20,35,150,40,20,216,2,1,Louisiana Tech,41,37,242,31,19,184,1,1,H,-16,-21,-2,-92,9,1,32,1,0
1153,11/13/2010,No Carolina State,38,22,59,39,28,328,1,0,Wake Forest,3,45,110,13,10,78,0,1,H,19.5,35,-23,-51,26,18,250,1,-1
1154,11/13/2010,North Carolina,10,32,117,33,18,197,4,2,Virginia Tech,26,38,169,28,13,249,0,0,H,-3.5,-16,-6,-52,5,5,-52,4,2
1155,11/13/2010,North Texas,23,57,279,25,16,167,1,1,Middle Tennessee,17,35,167,30,17,197,2,1,V,-10.5,6,22,112,-5,-1,-30,-1,0
1156,11/13/2010,Northwestern,21,39,101,43,32,318,1,0,Iowa,17,28,101,43,23,270,1,0,H,-10,4,11,0,0,9,48,0,0
1157,11/13/2010,Notre Dame,28,29,127,20,13,129,0,0,Utah,3,29,71,40,24,194,1,1,H,-6,25,0,56,-20,-11,-65,-1,-1
1158,11/13/2010,Ohio State,38,43,314,13,8,139,1,0,Penn State,14,32,113,33,15,159,2,0,H,19,24,11,201,-20,-7,-20,-1,0
1159,11/13/2010,Oklahoma,45,44,246,31,23,316,0,1,Texas Tech,7,38,182,41,20,144,2,0,H,16,38,6,64,-10,3,172,-2,1
1160,11/13/2010,Oklahoma State,33,32,123,43,29,409,1,1,Texas,16,37,142,33,20,216,1,1,V,5,17,-5,-19,10,9,193,0,0
1161,11/13/2010,Oregon,15,55,162,29,15,155,0,1,California,13,31,124,28,10,69,0,1,V,20,2,24,38,1,5,86,0,0
1162,11/13/2010,Oregon State,14,25,97,23,13,164,1,2,Washington State,31,61,221,15,10,157,0,2,H,24,-17,-36,-124,8,3,7,1,0
1163,11/13/2010,Penn State,14,32,113,33,15,159,2,0,Ohio State,38,43,314,13,8,139,1,0,V,-19,-24,-11,-201,20,7,20,1,0
1164,11/13/2010,Purdue,16,36,124,33,17,132,2,3,Michigan,27,55,202,25,14,193,2,3,H,-12.5,-11,-19,-78,8,3,-61,0,0
1165,11/13/2010,Rice,49,41,252,36,21,290,3,1,Tulane,54,39,155,38,23,357,0,0,V,-3.5,-5,2,97,-2,-2,-67,3,1
1166,11/13/2010,Rutgers,10,48,169,25,10,111,0,1,Syracuse,13,37,91,31,16,214,1,2,H,-2,-3,11,78,-6,-6,-103,-1,-1
1167,11/13/2010,San Diego State,35,21,34,26,11,262,2,0,Texas Christian,40,54,221,35,20,235,1,1,V,-28,-5,-33,-187,-9,-9,27,1,-1
1168,11/13/2010,San Jose State,34,21,118,37,19,331,1,1,Utah State,38,63,261,29,20,259,2,1,H,-3.5,-4,-42,-143,8,-1,72,-1,0
1169,11/13/2010,South Carolina,36,54,239,22,15,156,0,0,Florida,14,20,35,39,20,191,1,1,V,-6,22,34,204,-17,-5,-35,-1,-1
1170,11/13/2010,South Florida,24,39,172,19,11,87,0,1,Louisville,21,49,182,31,16,146,2,0,V,-2.5,3,-10,-10,-12,-5,-59,-2,1
1171,11/13/2010,Southern Cal,24,46,205,36,22,177,1,0,Arizona,21,18,51,48,32,353,0,2,V,-4.5,3,28,154,-12,-10,-176,1,-2
1172,11/13/2010,Southern Miss,31,37,150,35,21,264,1,0,U-C-F,21,33,145,26,16,190,2,0,V,-10.5,10,4,5,9,5,74,-1,0
1173,11/13/2010,Stanford,17,42,128,41,33,298,1,1,Arizona State,13,23,96,26,16,158,1,1,V,4.5,4,19,32,15,17,140,0,0
1174,11/13/2010,Syracuse,13,37,91,31,16,214,1,2,Rutgers,10,48,169,25,10,111,0,1,V,2,3,-11,-78,6,6,103,1,1
1175,11/13/2010,Tennessee,52,28,118,35,18,323,0,0,Mississippi,14,39,196,24,10,99,4,1,H,2.5,38,-11,-78,11,8,224,-4,-1
1176,11/13/2010,Texas,16,37,142,33,20,216,1,1,Oklahoma State,33,32,123,43,29,409,1,1,H,-5,-17,5,19,-10,-9,-193,0,0
1177,11/13/2010,Texas A+M,42,35,147,38,27,280,0,1,Baylor,30,52,291,38,28,212,0,0,V,3,12,-17,-144,0,-1,68,0,1
1178,11/13/2010,Texas Christian,40,54,226,36,21,240,1,1,San Diego State,35,21,38,26,11,262,2,0,H,28,5,33,188,10,10,-22,-1,1
1179,11/13/2010,Texas Tech,7,38,182,41,20,144,2,0,Oklahoma,45,44,246,31,23,316,0,1,V,-16,-38,-6,-64,10,-3,-172,2,-1
1180,11/13/2010,Troy,35,28,108,50,30,303,2,2,Florida Intl,52,54,448,15,8,220,1,0,H,8.5,-17,-26,-340,35,22,83,1,2
1181,11/13/2010,Tulane,54,39,155,38,23,357,0,0,Rice,49,41,252,36,21,290,3,1,H,3.5,5,-2,-97,2,2,67,-3,-1
1182,11/13/2010,Tulsa,28,50,259,31,20,154,2,0,Houston,25,32,118,36,22,291,5,0,V,-2.5,3,18,141,-5,-2,-137,-3,0
1183,11/13/2010,U-C-F,21,33,145,26,16,190,2,0,Southern Miss,31,37,150,35,21,264,1,0,H,10.5,-10,-4,-5,-9,-5,-74,1,0
1184,11/13/2010,UL-Lafayette,23,45,173,37,21,254,1,1,Florida Atlantic,24,37,140,18,11,183,0,1,V,-10.5,-1,8,33,19,10,71,1,0
1185,11/13/2010,UL-Monroe,0,38,123,22,10,67,3,2,Louisiana State,51,39,156,22,8,95,0,0,V,-33,-51,-1,-33,0,2,-28,3,2
1186,11/13/2010,UTEP,21,25,117,28,18,238,2,1,Arkansas,58,41,326,31,23,251,0,0,V,-28.5,-37,-16,-209,-3,-5,-13,2,1
1187,11/13/2010,Utah,3,29,71,40,24,194,1,1,Notre Dame,28,29,127,20,13,129,0,0,V,6,-25,0,-56,20,11,65,1,1
1188,11/13/2010,Utah State,38,63,261,29,20,259,2,1,San Jose State,34,21,118,37,19,331,1,1,V,3.5,4,42,143,-8,1,-72,1,0
1189,11/13/2010,Vanderbilt,20,42,202,39,17,198,0,1,Kentucky,38,43,341,24,16,239,0,0,V,-17,-18,-1,-139,15,1,-41,0,1
1190,11/13/2010,Virginia,23,27,92,48,27,290,2,0,Maryland,42,36,136,28,17,289,0,0,H,-3,-19,-9,-44,20,10,1,2,0
1191,11/13/2010,Virginia Tech,26,38,169,28,13,249,0,0,North Carolina,10,32,117,33,18,197,4,2,V,3.5,16,6,52,-5,-5,52,-4,-2
1192,11/13/2010,Wake Forest,3,45,110,13,10,78,0,1,No Carolina State,38,22,59,39,28,328,1,0,V,-19.5,-35,23,51,-26,-18,-250,-1,1
1193,11/13/2010,Washington State,31,61,221,15,10,157,0,2,Oregon State,14,25,97,23,13,164,1,2,V,-24,17,36,124,-8,-3,-7,-1,0
1194,11/13/2010,West Virginia,37,59,245,25,15,174,1,1,Cincinnati,10,16,60,45,25,221,2,2,H,5.5,27,43,185,-20,-10,-47,-1,-1
1195,11/13/2010,Western Kentucky,36,66,237,27,11,151,0,1,Arkansas State,35,27,142,39,27,306,2,3,V,-12,1,39,95,-12,-16,-155,-2,-2
1196,11/13/2010,Western Michigan,45,27,169,21,17,349,0,2,Eastern Michigan,30,56,277,24,13,214,2,1,H,19,15,-29,-108,-3,4,135,-2,1
1197,11/13/2010,Wisconsin,83,47,338,21,17,260,0,0,Indiana,20,34,167,24,11,149,1,2,H,22.5,63,13,171,-3,6,111,-1,-2
1198,11/13/2010,Wyoming,16,30,133,23,14,140,1,1,Nevada-Las Vegas,42,44,197,19,14,179,0,1,V,4.5,-26,-14,-64,4,0,-39,1,0
1199,11/16/2010,Ohio,31,43,204,13,4,78,1,1,Temple,23,23,81,49,29,321,2,1,V,-10,8,20,123,-36,-25,-243,-1,0
1200,11/16/2010,Temple,23,23,81,49,29,321,2,1,Ohio,31,43,204,13,4,78,1,1,H,10,-8,-20,-123,36,25,243,1,0
1201,11/17/2010,Akron,14,23,105,34,18,213,1,1,Miami-Ohio,19,35,185,32,22,213,0,0,H,-9,-5,-12,-80,2,-4,0,1,1
1202,11/17/2010,Bowling Green,14,23,35,47,30,219,2,2,Toledo,33,47,277,26,17,260,1,0,V,-10,-19,-24,-242,21,13,-41,1,2
1203,11/17/2010,Miami-Ohio,19,35,185,32,22,213,0,0,Akron,14,23,105,34,18,213,1,1,V,9,5,12,80,-2,4,0,-1,-1
1204,11/17/2010,Toledo,33,47,277,26,17,260,1,0,Bowling Green,14,23,35,47,30,219,2,2,H,10,19,24,242,-21,-13,41,-1,-2
1205,11/18/2010,Air Force,35,62,343,9,7,111,0,2,Nevada-Las Vegas,20,36,113,31,18,224,1,0,V,19.5,15,26,230,-22,-11,-113,-1,2
1206,11/18/2010,Alabama,63,45,262,22,19,216,0,0,Georgia State,7,32,91,17,5,74,4,1,H, ,56,13,171,5,14,142,-4,-1
1207,11/18/2010,Nevada-Las Vegas,20,36,113,31,18,224,1,0,Air Force,35,62,343,9,7,111,0,2,H,-19.5,-15,-26,-230,22,11,113,1,-2
1208,11/18/2010,U.C.L.A.,7,36,108,25,6,55,3,0,Washington,24,41,253,21,10,68,1,0,V,-2,-17,-5,-145,4,-4,-13,2,0
1209,11/18/2010,Washington,24,41,253,21,10,68,1,0,U.C.L.A.,7,36,108,25,6,55,3,0,H,2,17,5,145,-4,4,13,-2,0
1210,11/19/2010,Boise State,51,40,125,42,30,391,1,1,Fresno State,0,27,49,24,6,76,2,1,H,29.5,51,13,76,18,24,315,-1,0
1211,11/19/2010,Fresno State,0,27,49,24,6,76,2,1,Boise State,51,40,125,42,30,391,1,1,V,-29.5,-51,-13,-76,-18,-24,-315,1,0
1212,11/20/2010,Arkansas,38,35,183,26,17,305,1,2,Mississippi State,31,70,262,30,20,224,0,3,V,3.5,7,-35,-79,-4,-3,81,1,-1
1213,11/20/2010,Arkansas State,19,38,187,30,22,178,1,1,Navy,35,60,301,9,8,164,0,2,V,-13,-16,-22,-114,21,14,14,1,-1
1214,11/20/2010,Army,3,43,135,8,2,39,2,0,Notre Dame,27,38,155,20,13,214,1,0,N,-8.5,-24,5,-20,-12,-11,-175,1,0
1215,11/20/2010,Ball State,21,33,113,22,12,155,1,2,Northern Illinois,59,40,194,24,17,248,1,1,H,-16,-38,-7,-81,-2,-5,-93,0,1
1216,11/20/2010,Baylor,24,38,237,33,20,124,2,1,Oklahoma,53,37,109,42,28,353,1,1,H,-7,-29,1,128,-9,-8,-229,1,0
1217,11/20/2010,Boston College,17,42,218,19,10,152,1,0,Virginia,13,31,125,53,34,296,1,0,H,7,4,11,93,-34,-24,-144,0,0
1218,11/20/2010,Brigham Young,40,44,258,33,19,236,0,0,New Mexico,7,31,100,30,15,159,3,1,H,30,33,13,158,3,4,77,-3,-1
1219,11/20/2010,Buffalo,17,25,75,33,20,222,0,0,Eastern Michigan,21,55,261,9,6,92,2,0,H,7,-4,-30,-186,24,14,130,-2,0
1220,11/20/2010,California,14,28,109,38,20,190,2,1,Stanford,48,48,232,21,16,235,0,0,H,-7,-34,-20,-123,17,4,-45,2,1
1221,11/20/2010,Cincinnati,69,46,295,40,23,366,1,0,Rutgers,38,27,-9,33,21,400,2,0,H,13.5,31,19,304,7,2,-34,-1,0
1222,11/20/2010,Clemson,30,43,182,25,19,231,1,1,Wake Forest,10,29,54,32,17,151,0,0,V,14,20,14,128,-7,2,80,1,1
1223,11/20/2010,Colorado,44,44,251,26,15,225,0,0,Kansas State,36,38,101,26,17,310,0,1,H,-2.5,8,6,150,0,-2,-85,0,-1
1224,11/20/2010,Colorado State,0,33,65,33,16,97,1,1,Wyoming,44,39,212,32,23,267,0,0,V,-2.5,-44,-6,-147,1,-7,-170,1,1
1225,11/20/2010,Connecticut,23,38,156,21,13,98,0,1,Syracuse,6,29,64,36,20,171,1,1,V,-3.5,17,9,92,-15,-7,-73,-1,0
1226,11/20/2010,Duke,20,25,109,43,30,334,1,1,Georgia Tech,30,62,320,7,2,90,0,2,V,-10,-10,-37,-211,36,28,244,1,-1
1227,11/20/2010,East Carolina,38,26,146,39,21,308,2,1,Rice,62,60,410,17,12,229,0,1,V,8,-24,-34,-264,22,9,79,2,0
1228,11/20/2010,Eastern Michigan,21,55,261,9,6,92,2,0,Buffalo,17,25,75,33,20,222,0,0,V,-7,4,30,186,-24,-14,-130,2,0
1229,11/20/2010,Florida,48,43,311,25,18,236,1,1,Appalachian State,10,36,117,29,19,157,0,1,H, ,38,7,194,-4,-1,79,1,0
1230,11/20/2010,Florida Atlantic,17,35,87,27,11,210,2,1,Texas,51,57,259,21,15,263,0,1,V,-21.5,-34,-22,-172,6,-4,-53,2,0
1231,11/20/2010,Florida Intl,38,40,155,19,16,162,0,0,UL-Lafayette,17,43,204,30,13,186,3,0,V,10,21,-3,-49,-11,3,-24,-3,0
1232,11/20/2010,Florida State,30,30,151,27,17,203,1,1,Maryland,16,34,163,45,25,269,2,2,V,4,14,-4,-12,-18,-8,-66,-1,-1
1233,11/20/2010,Georgia Tech,30,62,320,7,2,90,0,2,Duke,20,25,109,43,30,334,1,1,H,10,10,37,211,-36,-28,-244,-1,1
1234,11/20/2010,Hawaii,41,16,33,50,35,593,2,1,San Jose State,7,29,34,37,19,130,2,0,H,29.5,34,-13,-1,13,16,463,0,1
1235,11/20/2010,Houston,41,19,24,47,28,467,1,0,Southern Miss,59,52,349,31,24,293,0,0,V,-3.5,-18,-33,-325,16,4,174,1,0
1236,11/20/2010,Idaho,28,37,112,32,20,243,1,0,Utah State,6,37,139,35,14,103,2,0,V,-3,22,0,-27,-3,6,140,-1,0
1237,11/20/2010,Illinois,48,70,519,14,6,40,2,0,Northwestern,27,28,183,20,10,135,1,2,N,7.5,21,42,336,-6,-4,-95,1,-2
1238,11/20/2010,Indiana,24,21,90,42,23,242,1,0,Penn State,41,42,171,33,24,325,0,0,N,-10.5,-17,-21,-81,9,-1,-83,1,0
1239,11/20/2010,Iowa,17,25,81,31,20,195,0,0,Ohio State,20,36,158,33,18,195,2,0,H,-3,-3,-11,-77,-2,2,0,-2,0
1240,11/20/2010,Iowa State,0,44,152,32,14,180,0,1,Missouri,14,41,134,26,16,172,0,0,H,-11,-14,3,18,6,-2,8,0,1
1241,11/20/2010,Kansas,14,34,114,32,19,174,0,0,Oklahoma State,48,38,189,45,33,408,0,0,H,-24.5,-34,-4,-75,-13,-14,-234,0,0
1242,11/20/2010,Kansas State,36,38,101,26,17,310,0,1,Colorado,44,44,251,26,15,225,0,0,V,2.5,-8,-6,-150,0,2,85,0,1
1243,11/20/2010,Kent State,3,42,182,40,26,249,2,1,Western Michigan,38,32,259,33,22,167,1,0,V,-3,-35,10,-77,7,4,82,1,1
1244,11/20/2010,Louisiana State,43,38,212,21,14,258,1,1,Mississippi,36,42,236,25,16,184,2,1,H,14.5,7,-4,-24,-4,-2,74,-1,0
1245,11/20/2010,Louisville,10,30,26,24,12,145,1,0,West Virginia,17,47,128,20,9,133,0,1,H,-3.5,-7,-17,-102,4,3,12,1,-1
1246,11/20/2010,Marshall,17,25,50,42,24,277,3,0,S-M-U,31,36,185,32,17,230,2,0,V,-13.5,-14,-11,-135,10,7,47,1,0
1247,11/20/2010,Maryland,16,34,163,45,25,269,2,2,Florida State,30,30,151,27,17,203,1,1,H,-4,-14,4,12,18,8,66,1,1
1248,11/20/2010,Memphis,15,25,103,31,16,228,1,2,U-A-B,31,39,149,38,21,361,2,0,V,-20,-16,-14,-46,-7,-5,-133,-1,2
1249,11/20/2010,Miami-Florida,17,42,262,33,15,202,3,3,Virginia Tech,31,48,251,15,8,118,0,1,H,-2,-14,-6,11,18,7,84,3,2
1250,11/20/2010,Michigan,28,36,168,30,19,274,1,1,Wisconsin,48,58,357,15,14,201,1,1,H,-4,-20,-22,-189,15,5,73,0,0
1251,11/20/2010,Michigan State,35,25,95,40,30,286,1,0,Purdue,31,34,189,27,16,189,2,0,H,21,4,-9,-94,13,14,97,-1,0
1252,11/20/2010,Middle Tennessee,27,36,140,25,12,68,0,0,Western Kentucky,26,58,297,22,9,98,0,1,V,4.5,1,-22,-157,3,3,-30,0,-1
1253,11/20/2010,Mississippi,36,42,236,25,16,184,2,1,Louisiana State,43,38,212,21,14,258,1,1,V,-14.5,-7,4,24,4,2,-74,1,0
1254,11/20/2010,Mississippi State,31,70,262,30,20,224,0,3,Arkansas,38,35,183,26,17,305,1,2,H,-3.5,-7,35,79,4,3,-81,-1,1
1255,11/20/2010,Missouri,14,41,134,26,16,172,0,0,Iowa State,0,44,152,32,14,180,0,1,V,11,14,-3,-18,-6,2,-8,0,-1
1256,11/20/2010,Navy,35,60,301,9,8,164,0,2,Arkansas State,19,38,187,30,22,178,1,1,H,13,16,22,114,-21,-14,-14,-1,1
1257,11/20/2010,Nebraska,6,37,142,28,17,164,2,0,Texas A+M,9,41,138,29,19,172,0,0,V,3,-3,-4,4,-1,-2,-8,2,0
1258,11/20/2010,Nevada-Reno,52,40,243,27,15,251,0,1,New Mexico State,6,40,89,39,19,220,2,1,H,37.5,46,0,154,-12,-4,31,-2,0
1259,11/20/2010,New Mexico,7,31,100,30,15,159,3,1,Brigham Young,40,44,258,33,19,236,0,0,V,-30,-33,-13,-158,-3,-4,-77,3,1
1260,11/20/2010,New Mexico State,6,40,89,39,19,220,2,1,Nevada-Reno,52,40,243,27,15,251,0,1,V,-37.5,-46,0,-154,12,4,-31,2,0
1261,11/20/2010,No Carolina State,29,33,112,29,15,163,1,0,North Carolina,25,26,-7,44,33,411,0,1,V,-2.5,4,7,119,-15,-18,-248,1,-1
1262,11/20/2010,North Carolina,25,26,-7,44,33,411,0,1,No Carolina State,29,33,112,29,15,163,1,0,H,2.5,-4,-7,-119,15,18,248,-1,1
1263,11/20/2010,North Texas,37,30,161,26,14,164,1,1,UL-Monroe,49,51,233,23,18,247,1,0,V,0,-12,-21,-72,3,-4,-83,0,1
1264,11/20/2010,Northern Illinois,59,40,194,24,17,248,1,1,Ball State,21,33,113,22,12,155,1,2,V,16,38,7,81,2,5,93,0,-1
1265,11/20/2010,Northwestern,27,28,183,20,10,135,1,2,Illinois,48,70,519,14,6,40,2,0,N,-7.5,-21,-42,-336,6,4,95,-1,2
1266,11/20/2010,Notre Dame,27,38,155,20,13,214,1,0,Army,3,43,135,8,2,39,2,0,N,8.5,24,-5,20,12,11,175,-1,0
1267,11/20/2010,Ohio State,20,36,158,33,18,195,2,0,Iowa,17,25,81,31,20,195,0,0,V,3,3,11,77,2,-2,0,2,0
1268,11/20/2010,Oklahoma,53,37,109,42,28,353,1,1,Baylor,24,38,237,33,20,124,2,1,V,7,29,-1,-128,9,8,229,-1,0
1269,11/20/2010,Oklahoma State,48,38,189,45,33,408,0,0,Kansas,14,34,114,32,19,174,0,0,V,24.5,34,4,75,13,14,234,0,0
1270,11/20/2010,Oregon State,36,41,174,24,17,154,0,0,Southern Cal,7,35,120,36,18,135,1,1,H,-3,29,6,54,-12,-1,19,-1,-1
1271,11/20/2010,Penn State,41,42,171,33,24,325,0,0,Indiana,24,21,90,42,23,242,1,0,N,10.5,17,21,81,-9,1,83,-1,0
1272,11/20/2010,Pittsburgh,17,38,150,16,11,142,0,1,South Florida,10,37,153,29,15,132,1,0,V,3,7,1,-3,-13,-4,10,-1,1
1273,11/20/2010,Purdue,31,34,189,27,16,189,2,0,Michigan State,35,25,95,40,30,286,1,0,V,-21,-4,9,94,-13,-14,-97,1,0
1274,11/20/2010,Rice,62,60,410,17,12,229,0,1,East Carolina,38,26,146,39,21,308,2,1,H,-8,24,34,264,-22,-9,-79,-2,0
1275,11/20/2010,Rutgers,38,27,-9,33,21,400,2,0,Cincinnati,69,46,295,40,23,366,1,0,V,-13.5,-31,-19,-304,-7,-2,34,1,0
1276,11/20/2010,S-M-U,31,36,185,32,17,230,2,0,Marshall,17,25,50,42,24,277,3,0,H,13.5,14,11,135,-10,-7,-47,-1,0
1277,11/20/2010,San Diego State,34,21,59,54,36,528,3,0,Utah,38,35,138,34,21,362,0,0,H,-2.5,-4,-14,-79,20,15,166,3,0
1278,11/20/2010,San Jose State,7,29,34,37,19,130,2,0,Hawaii,41,16,33,50,35,593,2,1,V,-29.5,-34,13,1,-13,-16,-463,0,-1
1279,11/20/2010,South Carolina,69,40,212,21,15,249,0,1,Troy,24,29,81,39,23,183,2,3,H,21,45,11,131,-18,-8,66,-2,-2
1280,11/20/2010,South Florida,10,37,153,29,15,132,1,0,Pittsburgh,17,38,150,16,11,142,0,1,H,-3,-7,-1,3,13,4,-10,1,-1
1281,11/20/2010,Southern Cal,7,35,120,36,18,135,1,1,Oregon State,36,41,174,24,17,154,0,0,V,3,-29,-6,-54,12,1,-19,1,1
1282,11/20/2010,Southern Miss,59,52,349,31,24,293,0,0,Houston,41,19,24,47,28,467,1,0,H,3.5,18,33,325,-16,-4,-174,-1,0
1283,11/20/2010,Stanford,48,48,232,21,16,235,0,0,California,14,28,109,38,20,190,2,1,V,7,34,20,123,-17,-4,45,-2,-1
1284,11/20/2010,Syracuse,6,29,64,36,20,171,1,1,Connecticut,23,38,156,21,13,98,0,1,H,3.5,-17,-9,-92,15,7,73,1,0
1285,11/20/2010,Tennessee,24,34,128,27,16,232,2,1,Vanderbilt,10,36,111,41,20,222,2,0,V,8.5,14,-2,17,-14,-4,10,0,1
1286,11/20/2010,Texas,51,57,259,21,15,263,0,1,Florida Atlantic,17,35,88,27,11,210,2,1,H,21.5,34,22,171,-6,4,53,-2,0
1287,11/20/2010,Texas A+M,9,41,138,29,19,172,0,0,Nebraska,6,37,142,28,17,164,2,0,H,-3,3,4,-4,1,2,8,-2,0
1288,11/20/2010,Texas Tech,64,40,230,41,32,439,0,0,Weber State,21,48,177,31,18,282,0,1,H, ,43,-8,53,10,14,157,0,-1
1289,11/20/2010,Troy,24,29,81,39,23,183,2,3,South Carolina,69,40,212,21,15,249,0,1,V,-21,-45,-11,-131,18,8,-66,2,2
1290,11/20/2010,Tulane,14,34,146,41,19,192,2,2,U-C-F,61,43,282,15,8,177,0,0,H,-18.5,-47,-9,-136,26,11,15,2,2
1291,11/20/2010,Tulsa,31,50,218,34,19,325,0,1,UTEP,28,40,223,23,9,140,1,0,H,18,3,10,-5,11,10,185,-1,1
1292,11/20/2010,U-A-B,31,39,149,38,21,361,2,0,Memphis,15,25,103,31,16,228,1,2,H,20,16,14,46,7,5,133,1,-2
1293,11/20/2010,U-C-F,61,43,282,15,8,177,0,0,Tulane,14,34,146,41,19,192,2,2,V,18.5,47,9,136,-26,-11,-15,-2,-2
1294,11/20/2010,UL-Lafayette,17,43,204,30,13,186,3,0,Florida Intl,38,40,154,19,16,162,0,0,H,-10,-21,3,50,11,-3,24,3,0
1295,11/20/2010,UL-Monroe,49,51,233,23,18,247,1,0,North Texas,37,30,161,26,14,164,1,1,H,0,12,21,72,-3,4,83,0,-1
1296,11/20/2010,UTEP,28,40,223,23,9,140,1,0,Tulsa,31,50,218,34,19,325,0,1,V,-18,-3,-10,5,-11,-10,-185,1,-1
1297,11/20/2010,Utah,38,35,138,34,21,362,0,0,San Diego State,34,21,59,54,36,528,3,0,V,2.5,4,14,79,-20,-15,-166,-3,0
1298,11/20/2010,Utah State,6,37,139,35,14,103,2,0,Idaho,28,37,112,32,20,243,1,0,H,3,-22,0,27,3,-6,-140,1,0
1299,11/20/2010,Vanderbilt,10,36,111,41,20,222,2,0,Tennessee,24,34,128,27,16,232,2,1,H,-8.5,-14,2,-17,14,4,-10,0,-1
1300,11/20/2010,Virginia,13,31,125,53,34,296,1,0,Boston College,17,42,218,19,10,152,1,0,V,-7,-4,-11,-93,34,24,144,0,0
1301,11/20/2010,Virginia Tech,31,48,251,15,8,118,0,1,Miami-Florida,17,42,262,33,15,202,3,3,V,2,14,6,-11,-18,-7,-84,-3,-2
1302,11/20/2010,Wake Forest,10,29,54,32,17,151,0,0,Clemson,30,43,182,25,19,231,1,1,H,-14,-20,-14,-128,7,-2,-80,-1,-1
1303,11/20/2010,West Virginia,17,47,128,20,9,133,0,1,Louisville,10,30,26,24,12,145,1,0,V,3.5,7,17,102,-4,-3,-12,-1,1
1304,11/20/2010,Western Kentucky,26,58,297,22,9,98,0,1,Middle Tennessee,27,36,140,25,12,68,0,0,H,-4.5,-1,22,157,-3,-3,30,0,1
1305,11/20/2010,Western Michigan,38,32,259,33,22,167,1,0,Kent State,3,42,182,40,26,249,2,1,H,3,35,-10,77,-7,-4,-82,-1,-1
1306,11/20/2010,Wisconsin,48,58,357,15,14,201,1,1,Michigan,28,36,168,30,19,274,1,1,V,4,20,22,189,-15,-5,-73,0,0
1307,11/20/2010,Wyoming,44,39,212,32,23,267,0,0,Colorado State,0,33,65,33,16,97,1,1,H,2.5,44,6,147,-1,7,170,-1,-1
1308,11/23/2010,Miami-Ohio,23,38,253,28,15,155,1,0,Temple,3,28,70,29,12,145,2,2,H,-6.5,20,10,183,-1,3,10,-1,-2
1309,11/23/2010,Temple,3,28,70,29,12,145,2,2,Miami-Ohio,23,38,253,28,15,155,1,0,V,6.5,-20,-10,-183,1,-3,-10,1,2
1310,11/25/2010,Texas,17,38,140,37,20,219,2,2,Texas A+M,24,36,238,30,14,128,0,2,H,-3,-7,2,-98,7,6,91,2,0
1311,11/25/2010,Texas A+M,24,36,238,30,14,128,0,2,Texas,17,38,140,37,20,219,2,2,V,3,7,-2,98,-7,-6,-91,-2,0
1312,11/26/2010,Akron,22,44,133,24,13,193,0,2,Buffalo,14,35,96,35,19,268,2,1,H,1,8,9,37,-11,-6,-75,-2,1
1313,11/26/2010,Alabama,27,30,69,41,27,377,0,2,Auburn,28,41,108,20,13,216,0,1,H,4,-1,-11,-39,21,14,161,0,1
1314,11/26/2010,Arizona,29,27,58,54,29,448,1,1,Oregon,48,57,389,24,14,148,1,1,V,-19.5,-19,-30,-331,30,15,300,0,0
1315,11/26/2010,Arizona State,55,32,211,39,28,384,0,1,U.C.L.A.,34,30,121,56,33,321,1,0,H,12.5,21,2,90,-17,-5,63,-1,1
1316,11/26/2010,Auburn,28,41,108,20,13,216,0,1,Alabama,27,30,69,41,27,377,0,2,V,-4,1,11,39,-21,-14,-161,0,-1
1317,11/26/2010,Boise State,31,30,145,31,20,348,0,0,Nevada-Reno,34,52,269,35,19,259,1,0,V,14.5,-3,-22,-124,-4,1,89,-1,0
1318,11/26/2010,Bowling Green,7,35,114,32,18,282,1,1,Western Michigan,41,31,191,36,23,251,0,0,H,-7,-34,4,-77,-4,-5,31,1,1
1319,11/26/2010,Buffalo,14,35,96,35,19,268,2,1,Akron,22,44,133,24,13,193,0,2,V,-1,-8,-9,-37,11,6,75,2,-1
1320,11/26/2010,Central Michigan,31,26,63,39,28,322,1,2,Toledo,42,33,84,33,25,332,0,0,V,-4.5,-11,-7,-21,6,3,-10,1,2
1321,11/26/2010,Colorado,17,23,99,27,10,163,2,1,Nebraska,45,59,265,19,15,142,0,0,V,-17,-28,-36,-166,8,-5,21,2,1
1322,11/26/2010,East Carolina,38,33,138,45,33,314,1,1,S-M-U,45,39,119,34,21,331,0,1,H,-1,-7,-6,19,11,12,-17,1,0
1323,11/26/2010,Eastern Michigan,3,55,149,9,4,11,0,2,Northern Illinois,71,35,544,14,9,102,0,0,H,-25,-68,20,-395,-5,-5,-91,0,2
1324,11/26/2010,Kent State,28,36,140,19,11,100,0,0,Ohio,6,37,50,27,14,133,2,2,H,-5,22,-1,90,-8,-3,-33,-2,-2
1325,11/26/2010,Louisville,40,31,217,25,18,210,0,0,Rutgers,13,43,149,34,15,181,2,0,V,3.5,27,-12,68,-9,3,29,-2,0
1326,11/26/2010,Nebraska,45,59,265,19,15,142,0,0,Colorado,17,23,99,27,10,163,2,1,H,17,28,36,166,-8,5,-21,-2,-1
1327,11/26/2010,Nevada-Reno,34,52,269,35,19,259,1,0,Boise State,31,30,145,31,20,348,0,0,H,-14.5,3,22,124,4,-1,-89,1,0
1328,11/26/2010,Northern Illinois,71,35,544,14,9,102,0,0,Eastern Michigan,3,55,149,9,4,11,0,2,V,25,68,-20,395,5,5,91,0,-2
1329,11/26/2010,Ohio,6,37,50,27,14,133,2,2,Kent State,28,36,140,19,11,100,0,0,V,5,-22,1,-90,8,3,33,2,2
1330,11/26/2010,Oregon,48,57,389,24,14,148,1,1,Arizona,29,27,58,54,29,448,1,1,H,19.5,19,30,331,-30,-15,-300,0,0
1331,11/26/2010,Pittsburgh,10,27,78,46,28,284,1,3,West Virginia,35,39,148,12,9,212,0,0,H,3,-25,-12,-70,34,19,72,1,3
1332,11/26/2010,Rutgers,13,43,149,34,15,181,2,0,Louisville,40,31,217,25,18,210,0,0,H,-3.5,-27,12,-68,9,-3,-29,2,0
1333,11/26/2010,S-M-U,45,39,119,34,21,331,0,1,East Carolina,38,33,138,45,33,314,1,1,V,1,7,6,-19,-11,-12,17,-1,0
1334,11/26/2010,Southern Miss,50,45,192,41,28,371,1,2,Tulsa,56,34,228,37,23,406,2,1,V,-3.5,-6,11,-36,4,5,-35,-1,1
1335,11/26/2010,Toledo,42,33,84,33,25,332,0,0,Central Michigan,31,26,63,39,27,322,1,2,H,4.5,11,7,21,-6,-2,10,-1,-2
1336,11/26/2010,Tulsa,56,34,228,37,23,406,2,1,Southern Miss,50,45,192,41,28,371,1,2,H,3.5,6,-11,36,-4,-5,35,1,-1
1337,11/26/2010,U.C.L.A.,34,30,121,56,33,321,1,0,Arizona State,55,32,211,39,28,384,0,1,V,-12.5,-21,-2,-90,17,5,-63,1,-1
1338,11/26/2010,West Virginia,35,39,148,12,9,212,0,0,Pittsburgh,10,27,78,46,28,284,1,3,V,-3,25,12,70,-34,-19,-72,-1,-3
1339,11/26/2010,Western Michigan,41,31,191,36,23,251,0,0,Bowling Green,7,35,114,32,19,282,1,1,V,7,34,-4,77,4,4,-31,-1,-1
1340,11/27/2010,Arkansas,31,47,144,23,13,320,2,0,Louisiana State,23,39,100,29,17,194,0,3,N,3.5,8,8,44,-6,-4,126,2,-3
1341,11/27/2010,Arkansas State,24,27,154,32,12,154,0,0,Florida Intl,31,42,121,28,21,266,1,0,V,-5,-7,-15,33,4,-9,-112,-1,0
1342,11/27/2010,Boston College,16,51,205,20,11,110,1,0,Syracuse,7,27,91,24,15,147,1,0,V,-3.5,9,24,114,-4,-4,-37,0,0
1343,11/27/2010,Brigham Young,16,37,65,37,22,228,1,3,Utah,17,28,89,37,15,207,3,0,V,-7.55,-1,9,-24,0,7,21,-2,3
1344,11/27/2010,California,13,36,191,23,12,92,1,0,Washington,16,36,112,27,17,237,1,2,H,7,-3,0,79,-4,-5,-145,0,-2
1345,11/27/2010,Cincinnati,17,27,111,50,26,288,4,1,Connecticut,38,52,236,24,11,121,1,0,V,-2.5,-21,-25,-125,26,15,167,3,1
1346,11/27/2010,Clemson,7,27,61,35,17,190,1,2,South Carolina,29,36,95,30,14,227,0,0,H,-3,-22,-9,-34,5,3,-37,1,2
1347,11/27/2010,Connecticut,38,52,236,24,11,121,1,0,Cincinnati,17,27,111,50,26,288,4,1,H,2.5,21,25,125,-26,-15,-167,-3,-1
1348,11/27/2010,Duke,19,16,12,40,25,263,2,0,North Carolina,24,46,255,35,28,264,0,0,H,-8.5,-5,-30,-243,5,-3,-1,2,0
1349,11/27/2010,Florida,7,47,212,16,8,64,1,3,Florida State,31,41,112,24,16,221,0,0,V,-3,-24,6,100,-8,-8,-157,1,3
1350,11/27/2010,Florida Atlantic,14,33,55,35,20,201,3,0,Middle Tennessee,38,55,287,15,11,158,1,0,V,-5.5,-24,-22,-232,20,9,43,2,0
1351,11/27/2010,Florida Intl,31,42,121,28,21,266,1,0,Arkansas State,24,27,154,32,12,154,0,0,H,5,7,15,-33,-4,9,112,1,0
1352,11/27/2010,Florida State,31,41,112,24,16,221,0,0,Florida,7,47,212,16,8,64,1,3,H,3,24,-6,-100,8,8,157,-1,-3
1353,11/27/2010,Fresno State,23,41,152,34,21,219,0,4,Idaho,20,21,13,35,20,197,1,0,H,10.5,3,20,139,-1,1,22,-1,4
1354,11/27/2010,Georgia,42,29,154,19,15,271,0,2,Georgia Tech,34,77,411,15,8,101,1,3,H,14,8,-48,-257,4,7,170,-1,-1
1355,11/27/2010,Georgia Tech,34,77,411,15,8,101,1,3,Georgia,42,29,154,19,15,271,0,2,V,-14,-8,48,257,-4,-7,-170,1,1
1356,11/27/2010,Hawaii,59,23,291,31,21,315,1,0,New Mexico State,24,42,79,35,20,135,2,0,V,27.5,35,-19,212,-4,1,180,-1,0
1357,11/27/2010,Houston,20,36,144,61,32,441,3,0,Texas Tech,35,32,115,46,32,373,1,2,V,-9,-15,4,29,15,0,68,2,-2
1358,11/27/2010,Idaho,20,21,13,35,20,197,1,0,Fresno State,23,41,152,34,21,219,0,4,V,-10.5,-3,-20,-139,1,-1,-22,1,-4
1359,11/27/2010,Indiana,34,30,73,52,31,330,0,2,Purdue,31,30,58,30,16,252,1,0,V,-4.5,3,0,15,22,15,78,-1,2
1360,11/27/2010,Iowa,24,27,91,22,10,127,0,2,Minnesota,27,46,216,27,14,166,0,1,V,15.5,-3,-19,-125,-5,-4,-39,0,1
1361,11/27/2010,Kansas,7,36,96,24,7,45,3,0,Missouri,35,46,218,26,16,179,2,0,N,-24.5,-28,-10,-122,-2,-9,-134,1,0
1362,11/27/2010,Kansas State,49,59,373,21,9,77,0,1,North Texas,41,33,298,20,12,161,1,1,V,14.5,8,26,75,1,-3,-84,-1,0
1363,11/27/2010,Kentucky,14,36,118,46,31,272,1,2,Tennessee,24,26,76,38,20,354,2,0,V,-3,-10,10,42,8,11,-82,-1,2
1364,11/27/2010,Louisiana State,23,39,100,29,17,194,0,3,Arkansas,31,47,144,23,13,320,2,0,N,-3.5,-8,-8,-44,6,4,-126,-2,3
1365,11/27/2010,Louisiana Tech,45,61,374,29,13,105,2,1,San Jose State,38,23,26,65,35,496,3,1,V,14,7,38,348,-36,-22,-391,-1,0
1366,11/27/2010,Marshall,38,32,91,24,10,180,1,1,Tulane,23,33,40,65,36,370,3,1,H,11.5,15,-1,51,-41,-26,-190,-2,0
1367,11/27/2010,Maryland,38,20,-9,47,33,417,0,0,No Carolina State,31,36,123,62,31,311,1,1,H,-2,7,-16,-132,-15,2,106,-1,-1
1368,11/27/2010,Memphis,17,21,23,34,21,272,1,1,U-C-F,37,38,104,17,14,252,0,1,H,-27,-20,-17,-81,17,7,20,1,0
1369,11/27/2010,Miami-Florida,20,39,165,35,20,188,2,1,South Florida,23,46,135,27,12,159,0,1,H,13.5,-3,-7,30,8,8,29,2,0
1370,11/27/2010,Michigan,7,41,182,33,16,169,1,2,Ohio State,37,45,258,27,18,220,1,0,V,-17,-30,-4,-76,6,-2,-51,0,2
1371,11/27/2010,Michigan State,28,39,163,24,19,168,0,2,Penn State,22,21,84,44,23,312,1,0,V,1.5,6,18,79,-20,-4,-144,-1,2
1372,11/27/2010,Middle Tennessee,38,54,276,16,12,169,1,0,Florida Atlantic,14,33,56,35,20,201,3,0,H,5.5,24,21,220,-19,-8,-32,-2,0
1373,11/27/2010,Minnesota,27,46,216,27,14,166,0,1,Iowa,24,27,91,22,10,127,0,2,H,-15.5,3,19,125,5,4,39,0,-1
1374,11/27/2010,Mississippi,23,35,65,44,24,261,1,1,Mississippi State,31,50,210,20,13,288,1,2,H,-3,-8,-15,-145,24,11,-27,0,-1
1375,11/27/2010,Mississippi State,31,50,210,20,13,288,1,2,Mississippi,23,35,65,44,24,261,1,1,V,3,8,15,145,-24,-11,27,0,1
1376,11/27/2010,Missouri,35,46,218,26,16,179,2,0,Kansas,7,36,96,24,7,45,3,0,N,24.5,28,10,122,2,9,134,-1,0
1377,11/27/2010,Nevada-Las Vegas,14,28,67,30,14,167,0,0,San Diego State,48,51,250,30,22,338,0,1,V,-24,-34,-23,-183,0,-8,-171,0,-1
1378,11/27/2010,New Mexico,17,40,96,21,9,34,1,2,Texas Christian,66,50,293,23,13,210,0,2,H,-44,-49,-10,-197,-2,-4,-176,1,0
1379,11/27/2010,New Mexico State,24,42,79,35,20,135,2,0,Hawaii,59,23,291,31,21,315,1,0,H,-27.5,-35,19,-212,4,-1,-180,1,0
1380,11/27/2010,No Carolina State,31,36,123,62,31,311,1,1,Maryland,38,20,-9,47,33,417,0,0,V,2,-7,16,132,15,-2,-106,1,1
1381,11/27/2010,North Carolina,24,46,255,35,28,264,0,0,Duke,19,16,12,40,25,263,2,0,V,8.5,5,30,243,-5,3,1,-2,0
1382,11/27/2010,North Texas,41,33,298,20,12,161,1,1,Kansas State,49,59,373,21,9,77,0,1,H,-14.5,-8,-26,-75,-1,3,84,1,0
1383,11/27/2010,Northwestern,23,35,161,25,13,123,4,3,Wisconsin,70,54,329,19,15,230,0,0,V,-23,-47,-19,-168,6,-2,-107,4,3
1384,11/27/2010,Notre Dame,20,32,147,34,20,149,3,1,Southern Cal,16,30,80,38,21,181,1,0,V,-4.5,4,2,67,-4,-1,-32,2,1
1385,11/27/2010,Ohio State,37,45,258,27,18,220,1,0,Michigan,7,41,182,33,16,169,1,2,H,17,30,4,76,-6,2,51,0,-2
1386,11/27/2010,Oklahoma,47,45,120,62,37,468,3,0,Oklahoma State,41,23,122,43,28,257,3,0,V,-3,6,22,-2,19,9,211,0,0
1387,11/27/2010,Oklahoma State,41,23,122,43,28,257,3,0,Oklahoma,47,45,120,62,37,468,3,0,H,3,-6,-22,2,-19,-9,-211,0,0
1388,11/27/2010,Oregon State,0,24,68,46,23,217,3,2,Stanford,38,39,165,30,21,305,0,0,V,-14,-38,-15,-97,16,2,-88,3,2
1389,11/27/2010,Penn State,22,21,84,44,23,312,1,0,Michigan State,28,39,163,24,19,168,0,2,H,-1.5,-6,-18,-79,20,4,144,1,-2
1390,11/27/2010,Purdue,31,30,58,30,16,252,1,0,Indiana,34,30,73,52,31,330,0,2,H,4.5,-3,0,-15,-22,-15,-78,1,-2
1391,11/27/2010,Rice,28,51,198,26,15,156,1,0,U-A-B,23,21,102,39,21,248,0,0,H,-3,5,30,96,-13,-6,-92,1,0
1392,11/27/2010,San Diego State,48,51,250,30,22,338,0,1,Nevada-Las Vegas,14,28,67,30,14,167,0,0,H,24,34,23,183,0,8,171,0,1
1393,11/27/2010,San Jose State,38,23,26,65,35,496,3,1,Louisiana Tech,45,61,374,29,13,105,2,1,H,-14,-7,-38,-348,36,22,391,1,0
1394,11/27/2010,South Carolina,29,36,95,30,14,227,0,0,Clemson,7,27,61,35,17,190,1,2,V,3,22,9,34,-5,-3,37,-1,-2
1395,11/27/2010,South Florida,23,46,135,27,12,159,0,1,Miami-Florida,20,39,165,35,20,188,2,1,V,-13.5,3,7,-30,-8,-8,-29,-2,0
1396,11/27/2010,Southern Cal,16,30,80,38,21,181,1,0,Notre Dame,20,32,147,34,20,149,3,1,H,4.5,-4,-2,-67,4,1,32,-2,-1
1397,11/27/2010,Stanford,38,39,165,30,21,305,0,0,Oregon State,0,24,68,46,23,217,3,2,H,14,38,15,97,-16,-2,88,-3,-2
1398,11/27/2010,Syracuse,7,27,91,24,15,147,1,0,Boston College,16,51,205,20,11,110,1,0,H,3.5,-9,-24,-114,4,4,37,0,0
1399,11/27/2010,Tennessee,24,26,76,38,20,354,2,0,Kentucky,14,36,118,46,31,272,1,2,H,3,10,-10,-42,-8,-11,82,1,-2
1400,11/27/2010,Texas Christian,66,50,293,23,13,210,0,2,New Mexico,17,40,96,21,9,34,1,2,V,44,49,10,197,2,4,176,-1,0
1401,11/27/2010,Texas Tech,35,32,115,46,32,373,1,2,Houston,20,36,144,61,32,441,3,0,H,9,15,-4,-29,-15,0,-68,-2,2
1402,11/27/2010,Troy,28,36,187,40,26,304,1,1,Western Kentucky,14,40,186,23,10,81,1,0,H,13,14,-4,1,17,16,223,0,1
1403,11/27/2010,Tulane,23,33,40,65,36,370,3,1,Marshall,38,32,91,24,10,180,1,1,V,-11.5,-15,1,-51,41,26,190,2,0
1404,11/27/2010,U-A-B,23,21,102,39,21,248,0,0,Rice,28,51,198,26,15,156,1,0,V,3,-5,-30,-96,13,6,92,-1,0
1405,11/27/2010,U-C-F,37,38,104,17,14,252,0,1,Memphis,17,21,23,34,21,272,1,1,V,27,20,17,81,-17,-7,-20,-1,0
1406,11/27/2010,UL-Lafayette,23,24,48,43,21,330,1,1,UL-Monroe,22,44,182,37,17,164,1,1,V,-7,1,-20,-134,6,4,166,0,0
1407,11/27/2010,UL-Monroe,22,44,182,37,17,164,1,1,UL-Lafayette,23,24,48,43,21,330,1,1,H,7,-1,20,134,-6,-4,-166,0,0
1408,11/27/2010,Utah,17,28,89,37,15,207,3,0,Brigham Young,16,37,65,37,22,228,1,3,H,7.55,1,-9,24,0,-7,-21,2,-3
1409,11/27/2010,Vanderbilt,13,36,166,61,27,277,2,0,Wake Forest,34,43,226,14,10,73,0,0,H,4.5,-21,-7,-60,47,17,204,2,0
1410,11/27/2010,Virginia,7,34,70,26,16,221,1,0,Virginia Tech,37,40,201,24,14,182,0,0,V,-22,-30,-6,-131,2,2,39,1,0
1411,11/27/2010,Virginia Tech,37,40,201,24,14,182,0,0,Virginia,7,34,70,26,16,221,1,0,H,22,30,6,131,-2,-2,-39,-1,0
1412,11/27/2010,Wake Forest,34,43,226,14,10,73,0,0,Vanderbilt,13,36,166,61,27,277,2,0,V,-4.5,21,7,60,-47,-17,-204,-2,0
1413,11/27/2010,Washington,16,36,112,27,17,237,1,2,California,13,36,191,23,12,92,1,0,V,-7,3,0,-79,4,5,145,0,2
1414,11/27/2010,Western Kentucky,14,40,187,23,10,81,1,0,Troy,28,35,176,41,27,315,1,1,V,-13,-14,5,11,-18,-17,-234,0,-1
1415,11/27/2010,Wisconsin,70,54,329,19,15,230,0,0,Northwestern,23,35,161,25,13,123,4,3,H,23,47,19,168,-6,2,107,-4,-3
1416,12/02/2010,Arizona,29,43,125,38,24,266,0,1,Arizona State,30,43,122,49,22,267,0,0,H,4,-1,0,3,-11,2,-1,0,1
1417,12/02/2010,Arizona State,30,43,122,49,22,267,0,0,Arizona,29,43,125,38,24,266,0,1,V,-4,1,0,-3,11,-2,1,0,-1
1418,12/03/2010,Fresno State,25,30,60,26,18,304,0,1,Illinois,23,50,318,20,7,81,0,0,H,-5.5,2,-20,-258,6,11,223,0,1
1419,12/03/2010,Illinois,23,50,318,20,7,81,0,0,Fresno State,25,30,60,26,18,304,0,1,V,5.5,-2,20,258,-6,-11,-223,0,-1
1420,12/03/2010,Miami-Ohio,26,26,99,46,29,333,0,0,Northern Illinois,21,32,92,29,15,281,0,1,N,-17.5,5,-6,7,17,14,52,0,-1
1421,12/03/2010,Northern Illinois,21,32,92,29,15,281,0,1,Miami-Ohio,26,26,99,46,29,333,0,0,N,17.5,-5,6,-7,-17,-14,-52,0,1
1422,12/04/2010,Auburn,56,42,238,29,18,351,0,1,South Carolina,17,30,156,33,20,193,2,0,N,4,39,12,82,-4,-2,158,-2,1
1423,12/04/2010,Boise State,50,33,202,36,25,251,0,0,Utah State,14,51,250,16,4,41,2,0,H,39.5,36,-18,-48,20,21,210,-2,0
1424,12/04/2010,Cincinnati,10,36,156,24,12,109,3,1,Pittsburgh,28,47,272,23,14,158,1,1,H,-1.5,-18,-11,-116,1,-2,-49,2,0
1425,12/04/2010,Connecticut,19,38,120,29,13,112,1,1,South Florida,16,31,138,41,22,195,3,0,V,-2.5,3,7,-18,-12,-9,-83,-2,1
1426,12/04/2010,Florida Atlantic,7,32,69,41,21,302,1,2,Troy,44,46,178,31,22,305,0,0,H,-5.5,-37,-14,-109,10,-1,-3,1,2
1427,12/04/2010,Florida Intl,27,44,236,22,18,178,0,2,Middle Tennessee,28,35,125,23,14,244,1,0,H,5,-1,9,111,-1,4,-66,-1,2
1428,12/04/2010,Florida State,33,28,53,32,23,288,2,0,Virginia Tech,44,43,179,28,18,263,0,0,N,-3.5,-11,-15,-126,4,5,25,2,0
1429,12/04/2010,Hawaii,59,28,183,46,31,423,1,0,Nevada-Las Vegas,21,31,92,29,17,203,3,0,H,34,38,-3,91,17,14,220,-2,0
1430,12/04/2010,Idaho,26,37,171,30,16,250,0,0,San Jose State,23,28,186,41,30,310,2,0,H,14,3,9,-15,-11,-14,-60,-2,0
1431,12/04/2010,Louisiana Tech,17,32,104,24,14,188,0,0,Nevada-Reno,35,61,360,17,13,159,0,0,H,-8.5,-18,-29,-256,7,1,29,0,0
1432,12/04/2010,Middle Tennessee,28,35,125,23,14,244,1,0,Florida Intl,27,44,236,22,18,178,0,2,V,-5,1,-9,-111,1,-4,66,1,-2
1433,12/04/2010,Nebraska,20,43,145,28,13,148,1,3,Oklahoma,23,38,112,41,23,342,1,0,N,-4,-3,5,33,-13,-10,-194,0,3
1434,12/04/2010,Nevada-Las Vegas,21,31,92,29,17,203,3,0,Hawaii,59,28,183,46,31,423,1,0,V,-34,-38,3,-91,-17,-14,-220,2,0
1435,12/04/2010,Nevada-Reno,35,61,360,17,13,159,0,0,Louisiana Tech,17,32,104,24,14,188,0,0,V,8.5,18,29,256,-7,-1,-29,0,0
1436,12/04/2010,Oklahoma,23,38,112,41,23,342,1,0,Nebraska,20,43,145,28,13,148,1,3,N,4,3,-5,-33,13,10,194,0,-3
1437,12/04/2010,Oregon,37,49,346,24,14,145,0,2,Oregon State,20,29,90,43,24,229,4,0,V,16.5,17,20,256,-19,-10,-84,-4,2
1438,12/04/2010,Oregon State,20,29,90,43,24,229,4,0,Oregon,37,49,346,24,14,145,0,2,H,-16.5,-17,-20,-256,19,10,84,4,-2
1439,12/04/2010,Pittsburgh,28,47,272,23,14,158,1,1,Cincinnati,10,36,156,24,12,109,3,1,V,1.5,18,11,116,-1,2,49,-2,0
1440,12/04/2010,Rutgers,14,30,63,21,12,140,0,1,West Virginia,35,45,171,28,23,352,0,3,V,-21,-21,-15,-108,-7,-11,-212,0,-2
1441,12/04/2010,S-M-U,7,30,97,35,18,220,2,0,U-C-F,17,44,144,19,15,167,0,0,V,-7.5,-10,-14,-47,16,3,53,2,0
1442,12/04/2010,San Jose State,23,28,186,41,30,310,2,0,Idaho,26,37,171,30,16,250,0,0,V,-14,-3,-9,15,11,14,60,2,0
1443,12/04/2010,South Carolina,17,30,156,33,20,193,2,0,Auburn,56,42,238,29,18,351,0,1,N,-4,-39,-12,-82,4,2,-158,2,-1
1444,12/04/2010,South Florida,16,31,138,41,22,195,3,0,Connecticut,19,38,120,29,13,112,1,1,H,2.5,-3,-7,18,12,9,83,2,-1
1445,12/04/2010,Southern Cal,28,39,265,29,17,209,2,0,U.C.L.A.,14,29,128,35,20,230,1,2,V,6.5,14,10,137,-6,-3,-21,1,-2
1446,12/04/2010,Troy,44,46,178,31,22,305,0,0,Florida Atlantic,7,32,69,41,21,302,1,2,V,5.5,37,14,109,-10,1,3,-1,-2
1447,12/04/2010,U-C-F,17,44,144,19,15,167,0,0,S-M-U,7,30,97,35,18,220,2,0,H,7.5,10,14,47,-16,-3,-53,-2,0
1448,12/04/2010,U.C.L.A.,14,29,128,35,20,230,1,2,Southern Cal,28,40,271,28,16,203,2,0,H,-6.5,-14,-11,-143,7,4,27,-1,2
1449,12/04/2010,Utah State,14,51,250,16,4,41,2,0,Boise State,50,33,202,36,25,251,0,0,V,-39.5,-36,18,48,-20,-21,-210,2,0
1450,12/04/2010,Virginia Tech,44,43,179,28,18,263,0,0,Florida State,33,28,53,32,23,288,2,0,N,3.5,11,15,126,-4,-5,-25,-2,0
1451,12/04/2010,Washington,35,42,315,23,15,256,1,1,Washington State,28,34,110,36,25,298,1,0,V,5.5,7,8,205,-13,-10,-42,0,1
1452,12/04/2010,Washington State,28,34,110,36,25,298,1,0,Washington,35,42,315,23,15,256,1,1,H,-5.5,-7,-8,-205,13,10,42,0,-1
1453,12/04/2010,West Virginia,35,45,171,28,23,352,0,3,Rutgers,14,30,63,21,12,140,0,1,H,21,21,15,108,7,11,212,0,2
1454,12/11/2010,Army,17,54,209,20,11,128,0,2,Navy,31,38,139,11,6,186,1,3,N,-8,-14,16,70,9,5,-58,-1,-1
1455,12/11/2010,Navy,31,38,139,11,6,186,1,3,Army,17,54,209,20,11,128,0,2,N,8,14,-16,-70,-9,-5,58,1,1
